num1,num2,result
14,58,72
14,98,112
40,27,67
8,55,63
98,36,134
85,82,167
94,15,109
89,23,112
52,37,89
74,43,117
46,50,96
44,9,53
95,31,126
74,14,88
87,79,166
32,72,104
41,25,66
41,52,93
72,77,149
63,49,112
83,36,119
31,20,51
63,94,157
84,48,132
54,25,79
54,53,107
65,28,93
42,25,67
61,46,107
95,7,102
29,41,70
52,31,83
14,35,49
22,74,96
83,81,164
16,65,81
96,53,149
95,13,108
72,93,165
50,89,139
67,46,113
75,7,82
87,81,168
38,69,107
94,18,112
81,90,171
88,25,113
38,53,91
21,89,110
52,70,122
71,38,109
36,90,126
54,27,81
100,85,185
26,47,73
60,44,104
44,87,131
72,25,97
21,14,35
17,39,56
72,23,95
26,93,119
81,59,140
12,89,101
59,31,90
73,14,87
39,15,54
92,14,106
95,100,195
44,28,72
94,43,137
32,57,89
15,48,63
46,87,133
92,29,121
97,82,179
97,81,178
29,35,64
67,26,93
25,51,76
20,70,90
34,18,52
33,7,40
98,10,108
70,86,156
97,83,180
75,43,118
48,53,101
11,11,22
85,22,107
21,14,35
29,62,91
31,46,77
9,12,21
93,85,178
58,74,132
37,93,130
65,38,103
52,91,143
69,42,111
63,69,132
81,58,139
60,15,75
49,28,77
30,8,38
55,8,63
11,94,105
58,62,120
100,92,192
73,69,142
7,86,93
11,42,53
46,27,73
85,96,181
50,59,109
82,14,96
74,51,125
25,63,88
8,37,45
81,88,169
60,44,104
97,31,128
50,86,136
34,76,110
55,23,78
22,74,96
84,15,99
88,18,106
74,97,171
73,24,97
59,60,119
100,99,199
84,11,95
18,58,76
91,56,147
32,41,73
29,32,61
26,95,121
70,28,98
14,83,97
87,44,131
52,9,61
7,50,57
59,34,93
99,30,129
46,65,111
66,47,113
55,33,88
41,33,74
51,7,58
95,23,118
71,10,81
30,92,122
27,97,124
19,49,68
19,11,30
50,17,67
17,100,117
87,64,151
97,16,113
63,19,82
61,34,95
35,84,119
70,40,110
30,45,75
35,7,42
15,39,54
73,51,124
9,38,47
50,31,81
79,73,152
84,83,167
50,80,130
42,74,116
61,23,84
35,39,74
92,83,175
82,36,118
20,75,95
9,88,97
20,14,34
99,67,166
79,55,134
33,62,95
99,44,143
82,53,135
28,96,124
49,46,95
25,26,51
17,26,43
22,59,81
36,62,98
55,94,149
89,36,125
27,45,72
39,66,105
94,90,184
76,72,148
24,17,41
74,30,104
51,24,75
37,34,71
75,53,128
50,86,136
25,56,81
83,21,104
50,80,130
94,84,178
25,10,35
73,7,80
16,37,53
44,86,130
51,80,131
42,21,63
46,23,69
27,12,39
31,57,88
82,73,155
7,91,98
95,8,103
59,42,101
41,65,106
69,16,85
64,14,78
90,46,136
51,14,65
77,33,110
15,54,69
18,58,76
65,94,159
60,43,103
97,82,179
40,11,51
92,22,114
16,78,94
95,20,115
33,98,131
97,90,187
31,53,84
31,31,62
51,34,85
18,45,63
50,31,81
28,50,78
15,36,51
75,71,146
87,20,107
87,51,138
39,92,131
14,34,48
78,71,149
58,25,83
48,78,126
76,21,97
41,72,113
68,69,137
40,14,54
38,59,97
84,9,93
100,43,143
33,20,53
79,22,101
76,53,129
32,16,48
89,65,154
45,48,93
45,50,95
22,83,105
52,30,82
52,20,72
86,84,170
73,39,112
22,11,33
99,47,146
83,80,163
76,38,114
71,47,118
46,84,130
23,96,119
38,18,56
37,30,67
28,65,93
90,36,126
40,71,111
66,50,116
93,49,142
77,87,164
91,33,124
21,7,28
61,79,140
90,40,130
83,23,106
36,82,118
21,94,115
79,49,128
50,77,127
19,63,82
47,16,63
75,96,171
30,85,115
39,9,48
87,69,156
71,22,93
14,65,79
97,41,138
9,31,40
96,40,136
100,41,141
95,76,171
85,26,111
53,8,61
30,17,47
81,45,126
85,34,119
12,91,103
47,58,105
86,91,177
79,21,100
24,35,59
41,85,126
13,88,101
49,67,116
90,54,144
70,72,142
54,55,109
17,7,24
61,75,136
70,19,89
100,12,112
41,14,55
78,36,114
9,91,100
91,68,159
53,51,104
75,71,146
95,83,178
43,95,138
31,78,109
62,66,128
50,15,65
62,31,93
86,73,159
26,71,97
20,16,36
85,67,152
71,51,122
26,36,62
52,26,78
34,74,108
21,71,92
50,50,100
42,32,74
78,30,108
94,31,125
74,85,159
70,97,167
10,91,101
93,14,107
26,77,103
60,14,74
60,44,104
18,47,65
60,31,91
74,11,85
40,44,84
42,35,77
63,21,84
80,90,170
19,22,41
10,9,19
87,14,101
64,13,77
41,94,135
96,100,196
70,78,148
32,33,65
52,43,95
62,57,119
53,60,113
84,94,178
99,9,108
90,45,135
44,71,115
16,34,50
45,94,139
83,23,106
34,58,92
83,75,158
17,57,74
84,46,130
15,22,37
66,30,96
96,28,124
63,14,77
75,93,168
23,47,70
11,47,58
75,13,88
72,58,130
54,63,117
22,70,92
79,33,112
60,25,85
16,61,77
30,100,130
62,65,127
81,32,113
65,98,163
33,90,123
65,34,99
92,81,173
82,26,108
11,98,109
48,29,77
13,27,40
33,49,82
84,99,183
89,34,123
56,44,100
64,73,137
12,71,83
28,74,102
38,85,123
91,22,113
21,75,96
61,46,107
93,35,128
13,10,23
38,86,124
27,82,109
88,83,171
57,86,143
67,76,143
56,37,93
46,63,109
24,33,57
55,75,130
22,70,92
63,19,82
39,73,112
53,18,71
53,8,61
57,21,78
12,10,22
15,8,23
53,14,67
92,27,119
89,55,144
68,67,135
8,61,69
98,52,150
64,48,112
19,95,114
77,66,143
99,67,166
61,30,91
83,39,122
61,65,126
66,69,135
60,59,119
69,29,98
99,43,142
49,14,63
33,92,125
64,71,135
55,66,121
67,14,81
94,13,107
51,35,86
47,17,64
12,100,112
41,28,69
77,54,131
64,68,132
89,95,184
44,42,86
77,12,89
12,87,99
65,37,102
41,12,53
87,40,127
60,93,153
65,17,82
51,73,124
44,30,74
67,85,152
29,81,110
47,13,60
18,10,28
16,36,52
33,89,122
61,54,115
51,50,101
28,49,77
81,66,147
99,38,137
37,42,79
29,54,83
54,49,103
83,22,105
26,81,107
68,25,93
90,79,169
58,77,135
53,27,80
60,64,124
34,69,103
14,100,114
77,90,167
32,65,97
30,28,58
56,52,108
84,62,146
25,86,111
30,85,115
73,50,123
75,51,126
24,70,94
26,45,71
29,8,37
13,100,113
29,56,85
27,67,94
94,17,111
45,96,141
88,33,121
99,54,153
61,18,79
35,96,131
38,36,74
59,83,142
88,25,113
45,61,106
74,39,113
53,95,148
54,42,96
100,8,108
74,61,135
94,67,161
20,95,115
42,42,84
75,40,115
16,18,34
56,85,141
41,35,76
59,55,114
43,85,128
27,69,96
12,52,64
65,100,165
93,92,185
69,21,90
71,43,114
83,13,96
81,19,100
88,23,111
100,74,174
7,88,95
84,72,156
51,10,61
100,83,183
87,83,170
98,14,112
89,15,104
45,16,61
51,32,83
20,75,95
68,64,132
30,10,40
85,20,105
56,52,108
61,13,74
44,98,142
22,75,97
71,8,79
75,9,84
77,38,115
42,8,50
13,100,113
46,70,116
40,26,66
34,12,46
61,8,69
78,93,171
44,11,55
96,35,131
84,90,174
37,18,55
98,13,111
35,28,63
95,95,190
75,28,103
45,13,58
81,33,114
86,33,119
23,82,105
83,56,139
40,23,63
72,25,97
73,45,118
45,64,109
36,60,96
42,100,142
85,15,100
72,99,171
33,34,67
11,81,92
23,41,64
55,25,80
50,75,125
86,59,145
73,60,133
16,44,60
74,55,129
95,21,116
38,48,86
37,92,129
76,61,137
75,61,136
75,76,151
83,17,100
40,21,61
64,40,104
90,18,108
94,65,159
51,41,92
28,27,55
61,31,92
71,34,105
67,25,92
39,9,48
96,60,156
75,15,90
8,46,54
43,42,85
8,7,15
32,87,119
82,31,113
18,94,112
14,87,101
98,68,166
88,63,151
80,11,91
64,36,100
81,26,107
8,62,70
45,64,109
38,24,62
32,79,111
31,46,77
48,51,99
52,50,102
84,40,124
22,98,120
52,16,68
99,78,177
81,85,166
51,68,119
28,17,45
50,32,82
15,36,51
60,36,96
82,15,97
93,24,117
27,44,71
55,24,79
87,81,168
59,43,102
35,95,130
48,69,117
13,96,109
23,100,123
60,68,128
36,92,128
15,51,66
63,50,113
37,58,95
96,94,190
41,58,99
40,87,127
64,10,74
58,24,82
60,74,134
87,56,143
68,55,123
63,79,142
13,81,94
11,44,55
85,66,151
91,78,169
10,70,80
23,30,53
87,88,175
67,87,154
87,32,119
17,76,93
88,32,120
41,65,106
78,60,138
17,61,78
75,72,147
50,98,148
60,58,118
85,37,122
85,90,175
63,64,127
18,19,37
11,94,105
67,92,159
53,38,91
90,92,182
75,84,159
94,11,105
36,9,45
25,38,63
59,70,129
48,44,92
18,42,60
9,25,34
90,97,187
87,85,172
99,8,107
50,14,64
56,73,129
45,61,106
25,88,113
85,21,106
62,60,122
51,21,72
11,68,79
85,19,104
11,85,96
11,70,81
21,99,120
70,90,160
65,69,134
41,33,74
48,76,124
32,44,76
84,12,96
30,9,39
64,79,143
60,31,91
46,33,79
83,10,93
8,22,30
23,59,82
100,70,170
82,95,177
91,70,161
87,25,112
67,76,143
90,55,145
60,31,91
18,58,76
13,11,24
43,88,131
73,15,88
81,68,149
67,68,135
40,92,132
54,69,123
45,66,111
85,20,105
60,15,75
82,49,131
62,9,71
73,39,112
95,78,173
11,95,106
22,36,58
67,7,74
81,9,90
27,75,102
26,29,55
85,75,160
50,46,96
49,73,122
70,96,166
81,53,134
34,47,81
87,61,148
80,17,97
73,24,97
31,70,101
41,59,100
52,93,145
53,28,81
39,74,113
12,33,45
95,66,161
34,40,74
76,53,129
14,47,61
18,66,84
92,38,130
90,94,184
61,8,69
32,78,110
67,90,157
34,64,98
39,60,99
48,52,100
29,29,58
22,63,85
36,55,91
79,20,99
51,85,136
10,78,88
30,87,117
32,87,119
90,25,115
69,10,79
61,72,133
69,59,128
31,25,56
72,80,152
90,42,132
7,9,16
80,74,154
64,81,145
11,92,103
53,86,139
64,51,115
74,69,143
19,97,116
91,92,183
37,78,115
89,11,100
55,83,138
14,11,25
28,33,61
33,87,120
66,73,139
23,43,66
98,67,165
9,98,107
86,65,151
59,52,111
61,26,87
19,80,99
29,84,113
48,87,135
56,61,117
49,97,146
11,75,86
75,48,123
35,90,125
79,20,99
56,40,96
56,47,103
67,61,128
65,55,120
48,44,92
92,82,174
75,12,87
42,93,135
94,71,165
80,96,176
62,48,110
87,50,137
65,83,148
98,16,114
50,89,139
85,80,165
67,48,115
58,35,93
98,63,161
20,69,89
20,29,49
57,66,123
46,90,136
13,51,64
85,48,133
54,72,126
13,59,72
98,17,115
88,60,148
47,80,127
21,97,118
62,44,106
41,79,120
54,59,113
48,19,67
38,69,107
40,34,74
51,64,115
78,8,86
15,16,31
98,46,144
40,20,60
90,85,175
56,45,101
43,10,53
82,83,165
28,30,58
69,72,141
83,48,131
28,35,63
57,95,152
24,52,76
44,83,127
95,14,109
74,76,150
44,67,111
69,52,121
49,59,108
9,12,21
25,34,59
64,85,149
52,59,111
28,37,65
85,57,142
18,92,110
26,80,106
97,51,148
9,17,26
33,11,44
25,22,47
38,40,78
51,62,113
26,44,70
41,28,69
74,38,112
95,31,126
32,16,48
64,25,89
58,64,122
93,38,131
93,25,118
55,92,147
41,51,92
97,67,164
18,61,79
84,18,102
69,67,136
79,10,89
17,62,79
96,37,133
36,95,131
12,39,51
94,73,167
22,95,117
95,58,153
28,90,118
89,95,184
26,75,101
78,22,100
97,44,141
82,83,165
96,57,153
78,46,124
97,50,147
60,93,153
100,34,134
75,58,133
89,92,181
43,25,68
85,50,135
39,31,70
50,38,88
58,22,80
62,33,95
47,12,59
14,77,91
64,78,142
18,31,49
82,75,157
61,40,101
18,92,110
88,24,112
65,83,148
48,31,79
55,97,152
7,45,52
78,48,126
52,57,109
16,44,60
43,17,60
89,83,172
51,57,108
98,68,166
77,14,91
29,58,87
42,37,79
40,95,135
66,90,156
55,13,68
38,11,49
22,17,39
87,85,172
90,8,98
49,17,66
60,94,154
100,43,143
12,38,50
46,29,75
62,76,138
43,43,86
53,15,68
35,75,110
46,52,98
47,72,119
60,9,69
57,55,112
20,52,72
10,87,97
32,77,109
35,14,49
39,69,108
76,24,100
75,24,99
75,94,169
64,20,84
51,75,126
52,65,117
24,43,67
90,57,147
53,67,120
82,78,160
13,83,96
76,53,129
43,17,60
71,56,127
71,55,126
80,83,163
39,69,108
92,48,140
59,78,137
20,31,51
26,72,98
49,27,76
34,13,47
91,71,162
77,8,85
79,87,166
9,40,49
99,10,109
41,43,84
67,80,147
87,61,148
8,92,100
8,13,21
46,68,114
84,61,145
50,87,137
41,36,77
13,19,32
54,28,82
64,29,93
29,7,36
85,45,130
53,54,107
92,23,115
29,37,66
52,7,59
45,91,136
23,81,104
42,57,99
58,91,149
46,27,73
82,68,150
30,94,124
91,20,111
100,84,184
96,36,132
37,55,92
65,54,119
94,12,106
18,70,88
42,22,64
49,57,106
90,34,124
51,32,83
19,49,68
29,88,117
92,15,107
44,98,142
77,71,148
51,46,97
83,58,141
59,86,145
49,99,148
65,38,103
65,13,78
17,19,36
48,56,104
61,99,160
37,18,55
69,19,88
92,76,168
75,65,140
14,90,104
92,11,103
96,88,184
71,19,90
93,91,184
95,37,132
92,89,181
42,94,136
63,71,134
97,63,160
96,48,144
56,7,63
16,7,23
87,73,160
10,83,93
100,95,195
97,13,110
58,8,66
95,37,132
69,78,147
33,41,74
10,25,35
62,94,156
31,92,123
42,99,141
24,32,56
41,96,137
54,20,74
69,45,114
59,47,106
100,11,111
19,35,54
97,41,138
72,73,145
79,23,102
83,7,90
43,51,94
46,50,96
83,37,120
55,73,128
56,79,135
57,65,122
52,26,78
41,95,136
7,58,65
49,74,123
72,82,154
61,17,78
57,52,109
85,41,126
85,23,108
33,72,105
36,86,122
34,51,85
29,79,108
56,42,98
12,16,28
39,23,62
31,56,87
38,73,111
24,72,96
82,8,90
88,57,145
58,61,119
91,47,138
78,28,106
73,38,111
7,18,25
61,16,77
7,71,78
8,79,87
29,14,43
28,40,68
91,20,111
76,88,164
62,38,100
74,48,122
31,49,80
30,34,64
61,23,84
42,75,117
80,66,146
81,20,101
53,22,75
8,22,30
74,50,124
87,55,142
63,51,114
10,19,29
73,15,88
45,71,116
37,88,125
64,59,123
13,33,46
72,51,123
88,54,142
24,38,62
38,99,137
77,46,123
77,44,121
69,8,77
7,84,91
30,61,91
88,40,128
42,82,124
74,50,124
36,39,75
17,42,59
42,85,127
97,98,195
94,10,104
54,13,67
24,85,109
39,52,91
69,39,108
75,36,111
30,79,109
15,34,49
19,88,107
94,29,123
56,21,77
57,69,126
85,18,103
38,43,81
87,90,177
76,21,97
9,69,78
39,12,51
56,31,87
22,9,31
36,9,45
32,35,67
37,16,53
92,29,121
75,32,107
35,56,91
28,18,46
71,39,110
51,14,65
64,29,93
71,48,119
60,65,125
56,69,125
33,29,62
67,43,110
41,53,94
42,100,142
37,84,121
7,32,39
87,20,107
88,10,98
42,14,56
84,27,111
88,11,99
53,94,147
83,28,111
12,41,53
40,56,96
30,99,129
86,59,145
19,65,84
53,22,75
10,81,91
77,60,137
76,52,128
72,33,105
63,77,140
62,45,107
8,8,16
32,52,84
8,19,27
59,77,136
38,35,73
86,73,159
99,69,168
35,49,84
63,10,73
20,29,49
23,11,34
84,7,91
61,75,136
72,94,166
69,81,150
65,73,138
62,27,89
21,84,105
73,64,137
73,68,141
80,41,121
79,94,173
34,27,61
25,35,60
37,32,69
94,13,107
7,52,59
64,94,158
10,61,71
93,54,147
45,45,90
34,84,118
35,24,59
32,66,98
41,18,59
97,9,106
36,37,73
86,9,95
88,89,177
87,84,171
41,52,93
90,51,141
13,94,107
60,86,146
36,70,106
8,18,26
39,32,71
28,63,91
70,49,119
20,14,34
29,62,91
98,63,161
46,58,104
85,23,108
81,7,88
40,72,112
60,64,124
11,79,90
77,27,104
36,40,76
57,89,146
44,42,86
32,52,84
29,90,119
24,32,56
35,17,52
11,18,29
81,33,114
36,62,98
62,59,121
100,35,135
33,40,73
39,76,115
61,73,134
75,53,128
77,99,176
80,95,175
73,14,87
80,91,171
64,10,74
28,22,50
13,13,26
13,44,57
14,53,67
57,19,76
22,45,67
37,79,116
49,72,121
85,7,92
74,69,143
35,19,54
99,24,123
18,34,52
77,9,86
20,15,35
99,32,131
26,93,119
87,10,97
33,25,58
63,39,102
65,52,117
74,71,145
89,88,177
53,26,79
67,8,75
69,58,127
67,44,111
56,55,111
78,93,171
46,23,69
97,64,161
96,37,133
42,8,50
71,28,99
36,64,100
46,14,60
62,63,125
15,47,62
55,77,132
66,78,144
62,56,118
43,83,126
33,85,118
11,9,20
95,69,164
47,16,63
90,14,104
54,40,94
87,86,173
93,90,183
68,23,91
70,83,153
65,31,96
18,27,45
78,10,88
44,58,102
69,16,85
83,56,139
58,14,72
55,20,75
82,14,96
58,93,151
89,94,183
99,56,155
55,50,105
93,26,119
9,78,87
44,27,71
64,68,132
17,85,102
43,29,72
51,29,80
71,46,117
88,34,122
50,82,132
29,60,89
73,62,135
29,61,90
71,17,88
87,35,122
66,44,110
8,78,86
92,62,154
11,86,97
53,70,123
85,70,155
33,27,60
26,64,90
57,76,133
24,99,123
38,81,119
32,76,108
91,14,105
93,56,149
8,10,18
98,83,181
40,75,115
18,16,34
79,53,132
77,54,131
65,7,72
69,47,116
22,59,81
23,80,103
43,80,123
13,77,90
90,46,136
38,12,50
87,62,149
93,93,186
90,41,131
21,76,97
96,85,181
9,74,83
93,91,184
22,70,92
22,51,73
83,31,114
75,65,140
10,99,109
60,56,116
45,25,70
89,85,174
91,88,179
39,83,122
15,98,113
96,61,157
50,92,142
23,57,80
13,90,103
45,53,98
74,35,109
87,83,170
46,90,136
92,49,141
81,66,147
14,43,57
97,32,129
60,85,145
88,38,126
28,64,92
63,71,134
84,72,156
83,92,175
23,91,114
91,17,108
44,41,85
87,88,175
61,45,106
89,44,133
65,75,140
73,100,173
74,38,112
76,37,113
98,38,136
40,78,118
8,94,102
97,18,115
22,67,89
74,33,107
31,67,98
24,13,37
60,60,120
69,23,92
96,88,184
43,79,122
52,46,98
11,81,92
48,31,79
68,29,97
44,82,126
54,10,64
69,22,91
74,74,148
77,85,162
38,36,74
86,25,111
55,88,143
81,38,119
84,87,171
75,90,165
27,7,34
17,31,48
45,46,91
100,98,198
100,42,142
8,16,24
33,23,56
30,9,39
26,39,65
39,19,58
68,15,83
63,49,112
64,84,148
39,73,112
37,39,76
7,16,23
66,75,141
63,41,104
70,9,79
56,70,126
13,24,37
79,99,178
62,76,138
34,38,72
44,61,105
8,62,70
31,91,122
28,13,41
36,82,118
36,18,54
7,90,97
25,79,104
48,27,75
62,100,162
80,97,177
26,95,121
73,23,96
39,41,80
99,67,166
81,87,168
12,36,48
80,54,134
9,66,75
40,22,62
32,81,113
19,44,63
87,50,137
49,61,110
71,35,106
9,23,32
91,41,132
56,58,114
58,59,117
18,68,86
43,100,143
31,92,123
67,37,104
29,35,64
16,100,116
31,34,65
46,96,142
100,37,137
41,12,53
95,88,183
40,76,116
66,22,88
38,52,90
55,58,113
35,36,71
72,39,111
50,68,118
14,45,59
26,31,57
37,73,110
15,80,95
47,8,55
25,61,86
92,54,146
18,81,99
35,98,133
70,95,165
30,68,98
38,54,92
77,16,93
63,86,149
87,85,172
55,80,135
36,54,90
63,18,81
88,41,129
89,81,170
73,57,130
26,64,90
92,7,99
99,75,174
89,15,104
82,61,143
18,38,56
36,78,114
19,86,105
41,20,61
69,24,93
90,61,151
20,31,51
87,23,110
25,47,72
22,19,41
9,39,48
8,31,39
59,41,100
75,13,88
34,25,59
91,34,125
25,42,67
64,45,109
33,63,96
52,29,81
82,10,92
80,76,156
85,38,123
17,22,39
41,97,138
53,97,150
73,8,81
76,83,159
34,34,68
59,18,77
51,93,144
22,93,115
38,58,96
27,79,106
58,73,131
63,87,150
49,70,119
93,67,160
83,100,183
95,62,157
10,63,73
71,73,144
19,92,111
9,16,25
55,74,129
26,91,117
66,80,146
94,84,178
18,51,69
30,94,124
94,7,101
42,19,61
33,35,68
60,9,69
24,83,107
7,49,56
89,67,156
40,70,110
66,26,92
60,79,139
31,63,94
39,31,70
87,23,110
79,28,107
89,9,98
55,57,112
26,22,48
83,55,138
89,71,160
36,90,126
78,8,86
63,57,120
15,89,104
14,97,111
49,86,135
39,86,125
48,64,112
77,62,139
25,19,44
75,10,85
13,27,40
35,71,106
36,18,54
22,71,93
70,53,123
31,69,100
30,80,110
38,98,136
23,45,68
14,18,32
57,57,114
95,63,158
18,70,88
73,72,145
9,55,64
92,90,182
12,58,70
13,18,31
83,90,173
87,14,101
77,43,120
78,70,148
75,83,158
26,43,69
77,67,144
79,34,113
93,58,151
77,39,116
27,69,96
88,10,98
100,14,114
37,51,88
84,47,131
17,32,49
67,32,99
7,88,95
59,36,95
23,9,32
30,49,79
98,97,195
26,48,74
90,17,107
56,85,141
21,37,58
38,31,69
19,52,71
43,23,66
71,54,125
7,90,97
18,44,62
39,74,113
94,98,192
29,22,51
43,34,77
83,33,116
38,35,73
18,30,48
83,31,114
13,9,22
39,72,111
30,67,97
92,42,134
98,68,166
62,51,113
63,51,114
21,74,95
36,31,67
68,39,107
98,96,194
42,16,58
53,86,139
75,29,104
30,54,84
49,100,149
42,43,85
88,17,105
25,13,38
70,81,151
67,52,119
48,99,147
42,23,65
25,48,73
24,54,78
31,18,49
11,68,79
55,54,109
89,63,152
16,18,34
86,43,129
84,68,152
13,16,29
74,65,139
50,76,126
77,30,107
80,76,156
58,18,76
64,44,108
86,78,164
81,52,133
50,15,65
50,90,140
15,59,74
27,18,45
34,85,119
27,92,119
91,97,188
46,40,86
94,43,137
91,68,159
43,45,88
59,77,136
38,96,134
73,33,106
82,60,142
52,86,138
80,91,171
30,58,88
97,21,118
42,79,121
98,30,128
91,83,174
74,63,137
41,12,53
45,15,60
7,26,33
67,41,108
81,43,124
63,30,93
99,87,186
54,88,142
54,39,93
40,92,132
24,47,71
78,92,170
77,75,152
26,73,99
50,57,107
61,17,78
63,11,74
25,90,115
73,27,100
17,74,91
22,81,103
88,54,142
59,31,90
100,16,116
56,57,113
40,45,85
37,56,93
54,41,95
93,62,155
73,72,145
89,74,163
42,37,79
41,55,96
48,66,114
62,79,141
56,13,69
60,97,157
58,85,143
30,54,84
27,15,42
41,20,61
83,35,118
9,21,30
22,100,122
36,55,91
95,65,160
89,10,99
42,36,78
7,62,69
30,8,38
33,20,53
31,98,129
66,27,93
7,59,66
69,69,138
12,83,95
81,31,112
53,70,123
8,58,66
94,74,168
29,64,93
41,30,71
91,31,122
34,19,53
62,64,126
8,94,102
13,48,61
12,81,93
10,44,54
24,37,61
90,16,106
59,68,127
98,57,155
22,49,71
57,46,103
43,57,100
56,97,153
49,28,77
21,93,114
40,57,97
44,45,89
11,34,45
87,63,150
22,93,115
38,16,54
43,27,70
62,89,151
12,35,47
86,20,106
51,95,146
48,45,93
56,78,134
27,40,67
89,63,152
59,45,104
80,21,101
91,22,113
45,85,130
61,60,121
41,99,140
9,76,85
28,65,93
16,24,40
44,21,65
11,72,83
24,49,73
82,39,121
44,90,134
59,31,90
85,89,174
9,74,83
47,79,126
61,42,103
63,72,135
54,24,78
32,38,70
67,60,127
86,39,125
31,57,88
18,41,59
57,48,105
16,31,47
83,80,163
26,98,124
53,33,86
92,53,145
85,49,134
29,73,102
58,46,104
100,44,144
97,82,179
63,15,78
93,40,133
42,34,76
97,59,156
63,62,125
66,77,143
44,88,132
14,39,53
56,31,87
40,71,111
84,95,179
91,74,165
58,24,82
81,46,127
30,77,107
50,96,146
17,89,106
31,88,119
81,65,146
42,48,90
76,33,109
79,40,119
61,16,77
66,43,109
16,98,114
85,34,119
58,38,96
49,7,56
7,43,50
24,19,43
58,45,103
49,85,134
14,96,110
78,97,175
57,38,95
42,44,86
98,99,197
72,66,138
12,34,46
51,92,143
31,76,107
18,78,96
25,79,104
95,43,138
57,8,65
65,38,103
89,91,180
62,39,101
100,7,107
87,83,170
8,46,54
81,67,148
56,18,74
71,90,161
100,80,180
37,34,71
58,95,153
53,74,127
51,57,108
99,71,170
90,56,146
81,74,155
22,42,64
92,23,115
51,16,67
41,59,100
70,38,108
47,16,63
59,53,112
89,59,148
91,77,168
66,59,125
66,96,162
92,98,190
62,65,127
28,39,67
27,63,90
59,19,78
98,84,182
73,33,106
58,61,119
34,61,95
33,19,52
10,7,17
73,27,100
91,10,101
92,8,100
50,36,86
18,88,106
75,30,105
18,68,86
86,43,129
92,14,106
7,12,19
42,50,92
8,53,61
9,87,96
34,72,106
78,19,97
8,54,62
60,85,145
16,42,58
47,76,123
52,63,115
60,100,160
74,43,117
18,33,51
52,55,107
19,9,28
40,74,114
51,25,76
51,65,116
33,80,113
33,91,124
9,72,81
7,77,84
18,26,44
7,8,15
90,37,127
56,97,153
21,84,105
99,70,169
76,96,172
68,13,81
49,39,88
37,40,77
28,44,72
48,100,148
76,38,114
92,33,125
14,42,56
71,91,162
21,61,82
20,100,120
31,99,130
87,73,160
90,87,177
96,69,165
77,13,90
13,98,111
94,68,162
59,7,66
38,11,49
41,81,122
24,95,119
13,21,34
30,90,120
32,15,47
22,43,65
100,36,136
35,24,59
61,35,96
31,58,89
75,32,107
59,57,116
48,59,107
75,94,169
80,18,98
75,53,128
79,84,163
62,81,143
85,71,156
85,66,151
55,85,140
33,54,87
32,63,95
34,80,114
99,15,114
94,17,111
77,29,106
67,41,108
22,90,112
9,81,90
19,47,66
46,83,129
71,13,84
86,17,103
57,98,155
20,74,94
31,74,105
13,26,39
74,70,144
97,68,165
77,99,176
37,27,64
60,84,144
66,87,153
32,92,124
42,54,96
99,60,159
60,34,94
87,24,111
89,70,159
66,60,126
79,73,152
86,67,153
82,41,123
52,80,132
47,44,91
93,83,176
84,63,147
7,87,94
44,59,103
21,92,113
48,33,81
89,33,122
61,42,103
72,81,153
51,40,91
90,15,105
89,42,131
19,61,80
99,48,147
7,33,40
90,71,161
10,93,103
42,95,137
58,15,73
11,82,93
56,14,70
23,99,122
57,69,126
50,7,57
47,38,85
45,83,128
65,70,135
58,25,83
58,26,84
20,84,104
67,16,83
15,33,48
21,31,52
69,73,142
10,89,99
28,40,68
44,49,93
87,16,103
77,73,150
85,72,157
67,7,74
60,45,105
100,71,171
68,23,91
38,22,60
80,22,102
24,56,80
60,58,118
18,30,48
76,99,175
8,56,64
10,69,79
24,52,76
32,11,43
40,91,131
76,77,153
40,12,52
31,9,40
39,97,136
53,95,148
96,25,121
14,38,52
32,42,74
24,44,68
65,47,112
14,61,75
80,70,150
54,52,106
54,72,126
62,63,125
93,21,114
17,81,98
89,54,143
14,84,98
42,25,67
84,91,175
14,92,106
83,38,121
99,46,145
81,45,126
20,35,55
8,14,22
29,96,125
98,85,183
31,42,73
60,7,67
55,74,129
76,77,153
58,78,136
13,14,27
64,9,73
69,61,130
80,50,130
46,7,53
50,97,147
14,60,74
60,77,137
95,22,117
40,88,128
43,70,113
58,53,111
72,89,161
29,10,39
84,91,175
27,32,59
40,71,111
86,91,177
100,79,179
19,84,103
45,35,80
73,28,101
94,33,127
96,51,147
78,85,163
38,67,105
44,71,115
61,57,118
55,75,130
60,19,79
86,18,104
9,33,42
44,85,129
11,44,55
20,30,50
52,91,143
78,41,119
77,41,118
62,18,80
65,98,163
100,69,169
15,49,64
83,49,132
16,34,50
20,20,40
30,65,95
27,47,74
89,25,114
45,70,115
48,72,120
76,89,165
71,53,124
12,80,92
49,18,67
62,63,125
35,87,122
30,86,116
79,90,169
98,18,116
52,39,91
87,68,155
61,61,122
99,79,178
59,84,143
51,7,58
92,39,131
59,81,140
34,62,96
93,97,190
13,91,104
71,10,81
55,97,152
49,13,62
95,60,155
51,40,91
89,20,109
56,71,127
57,54,111
87,86,173
19,10,29
14,79,93
39,20,59
66,88,154
55,53,108
24,76,100
52,96,148
40,8,48
23,28,51
34,23,57
54,45,99
82,98,180
41,55,96
42,29,71
47,21,68
70,64,134
44,80,124
63,15,78
7,60,67
79,100,179
37,81,118
93,7,100
7,78,85
40,98,138
37,7,44
66,54,120
36,83,119
28,47,75
63,93,156
32,81,113
24,98,122
47,11,58
71,96,167
83,33,116
11,71,82
23,82,105
20,87,107
16,59,75
8,21,29
85,31,116
17,76,93
32,80,112
71,52,123
71,43,114
48,24,72
24,8,32
97,44,141
16,73,89
41,67,108
20,67,87
73,27,100
54,71,125
25,11,36
46,53,99
44,96,140
10,67,77
63,54,117
67,69,136
57,72,129
14,49,63
56,74,130
87,36,123
80,31,111
35,56,91
97,80,177
37,71,108
11,98,109
74,31,105
88,33,121
43,80,123
75,48,123
75,45,120
91,85,176
42,59,101
68,86,154
44,50,94
12,62,74
92,70,162
7,90,97
14,12,26
28,81,109
31,89,120
88,20,108
20,87,107
46,55,101
66,68,134
68,70,138
62,100,162
25,37,62
87,20,107
41,28,69
72,97,169
7,76,83
53,80,133
42,33,75
49,14,63
72,67,139
98,12,110
73,86,159
16,12,28
34,55,89
63,66,129
73,62,135
59,10,69
32,52,84
69,37,106
92,27,119
80,84,164
72,94,166
9,91,100
94,19,113
17,97,114
48,91,139
47,46,93
33,12,45
25,100,125
8,83,91
61,10,71
61,58,119
61,32,93
10,58,68
27,75,102
60,68,128
17,62,79
58,88,146
77,65,142
33,14,47
20,47,67
13,78,91
97,73,170
22,26,48
51,55,106
97,59,156
99,64,163
44,67,111
74,84,158
92,98,190
14,54,68
72,45,117
39,25,64
84,42,126
15,49,64
32,47,79
91,16,107
40,44,84
64,99,163
100,58,158
44,100,144
97,89,186
43,15,58
32,73,105
78,19,97
45,40,85
92,72,164
22,41,63
10,63,73
81,9,90
20,62,82
53,17,70
72,10,82
79,58,137
38,21,59
19,93,112
96,33,129
50,68,118
89,44,133
70,22,92
88,85,173
32,44,76
12,84,96
23,72,95
97,54,151
74,19,93
77,84,161
85,90,175
46,36,82
8,42,50
20,93,113
10,24,34
24,34,58
14,47,61
43,62,105
76,97,173
20,59,79
87,39,126
67,33,100
26,60,86
15,26,41
56,75,131
72,46,118
57,14,71
10,84,94
67,86,153
91,61,152
34,76,110
40,59,99
19,9,28
37,71,108
33,9,42
18,26,44
13,91,104
75,84,159
7,33,40
70,71,141
96,52,148
69,48,117
74,10,84
35,39,74
44,32,76
27,32,59
68,94,162
44,55,99
21,48,69
68,84,152
17,70,87
78,79,157
11,17,28
56,62,118
16,83,99
98,77,175
61,90,151
18,45,63
62,38,100
52,72,124
29,36,65
100,31,131
33,39,72
63,37,100
69,49,118
15,97,112
46,24,70
57,28,85
95,74,169
24,67,91
94,13,107
99,54,153
95,25,120
93,98,191
16,64,80
28,85,113
42,36,78
79,11,90
34,7,41
92,91,183
90,29,119
30,92,122
72,12,84
17,12,29
13,47,60
8,20,28
89,90,179
55,13,68
85,72,157
21,82,103
93,31,124
8,36,44
50,86,136
85,79,164
41,51,92
69,20,89
54,90,144
17,67,84
99,16,115
66,38,104
29,14,43
51,60,111
60,22,82
92,20,112
51,80,131
42,35,77
8,10,18
16,20,36
61,19,80
42,28,70
46,40,86
73,54,127
50,67,117
10,16,26
41,64,105
32,39,71
68,17,85
7,94,101
85,64,149
19,72,91
38,84,122
20,16,36
42,76,118
8,52,60
7,64,71
30,42,72
79,78,157
60,17,77
74,23,97
29,90,119
80,84,164
53,32,85
27,21,48
7,86,93
99,26,125
60,45,105
55,16,71
19,72,91
45,96,141
19,70,89
72,12,84
83,31,114
81,79,160
13,71,84
50,49,99
26,46,72
43,89,132
81,47,128
32,84,116
14,100,114
53,36,89
78,74,152
60,16,76
78,69,147
61,75,136
25,100,125
51,70,121
26,53,79
69,56,125
18,55,73
59,34,93
70,27,97
54,91,145
8,67,75
24,82,106
22,67,89
8,41,49
56,56,112
9,100,109
11,21,32
10,52,62
10,53,63
26,77,103
29,79,108
87,78,165
92,97,189
88,32,120
13,21,34
21,100,121
55,44,99
61,20,81
52,57,109
73,25,98
72,59,131
9,59,68
76,95,171
94,46,140
21,78,99
62,30,92
22,19,41
7,24,31
66,86,152
35,12,47
11,49,60
33,76,109
34,64,98
24,36,60
85,26,111
32,82,114
50,26,76
67,7,74
79,73,152
93,56,149
16,55,71
45,12,57
100,85,185
56,53,109
34,16,50
36,34,70
97,12,109
20,7,27
97,46,143
65,85,150
75,100,175
87,85,172
41,64,105
93,61,154
86,21,107
49,32,81
56,60,116
9,15,24
89,18,107
51,45,96
55,48,103
61,64,125
32,81,113
80,35,115
43,37,80
53,57,110
47,85,132
55,97,152
73,43,116
9,65,74
96,18,114
46,75,121
13,21,34
45,15,60
55,56,111
78,51,129
88,59,147
82,73,155
48,48,96
45,70,115
67,12,79
86,11,97
53,30,83
35,77,112
72,11,83
38,53,91
81,71,152
81,53,134
33,11,44
44,11,55
46,49,95
14,89,103
14,55,69
29,26,55
76,92,168
70,50,120
67,65,132
20,92,112
75,34,109
73,40,113
96,65,161
52,26,78
59,83,142
99,55,154
10,87,97
35,20,55
66,93,159
41,16,57
57,67,124
72,91,163
24,93,117
55,20,75
78,59,137
94,83,177
88,99,187
77,92,169
56,9,65
16,42,58
56,93,149
51,40,91
45,51,96
69,64,133
90,96,186
36,8,44
49,69,118
34,75,109
89,66,155
51,22,73
96,9,105
23,64,87
69,91,160
93,60,153
32,96,128
100,51,151
60,67,127
14,79,93
72,49,121
92,16,108
60,31,91
52,24,76
19,94,113
37,76,113
69,84,153
97,82,179
55,95,150
17,84,101
65,7,72
68,37,105
37,40,77
77,16,93
92,37,129
50,52,102
37,72,109
81,64,145
74,8,82
87,93,180
79,50,129
24,40,64
25,75,100
30,91,121
17,39,56
68,69,137
20,8,28
8,13,21
89,62,151
55,99,154
86,22,108
58,40,98
32,80,112
91,21,112
57,23,80
62,62,124
54,32,86
61,60,121
39,27,66
10,27,37
75,93,168
45,38,83
34,92,126
32,61,93
29,56,85
31,53,84
36,76,112
64,91,155
68,33,101
36,9,45
100,84,184
79,66,145
82,8,90
100,46,146
44,91,135
58,71,129
98,51,149
55,63,118
28,63,91
71,36,107
88,73,161
56,32,88
25,51,76
95,89,184
27,27,54
85,42,127
39,88,127
54,16,70
42,38,80
86,34,120
88,87,175
11,23,34
33,99,132
46,51,97
70,20,90
72,20,92
90,31,121
55,58,113
80,61,141
38,35,73
57,73,130
77,32,109
27,43,70
39,92,131
15,94,109
32,34,66
94,86,180
70,53,123
8,52,60
62,36,98
9,71,80
99,53,152
30,13,43
22,31,53
70,37,107
56,22,78
97,47,144
77,98,175
92,62,154
43,30,73
30,90,120
77,86,163
14,49,63
40,21,61
12,36,48
87,65,152
46,62,108
47,88,135
91,23,114
66,92,158
28,59,87
93,10,103
43,82,125
26,60,86
71,56,127
55,97,152
60,67,127
11,17,28
16,39,55
8,33,41
62,89,151
40,81,121
38,28,66
15,52,67
33,93,126
36,43,79
96,61,157
58,50,108
31,45,76
46,66,112
69,99,168
56,27,83
23,54,77
30,52,82
45,8,53
54,43,97
75,30,105
62,97,159
55,66,121
66,29,95
96,14,110
17,64,81
63,33,96
32,96,128
19,74,93
35,26,61
9,18,27
66,72,138
67,90,157
68,55,123
38,94,132
46,15,61
66,65,131
40,77,117
96,13,109
100,57,157
44,60,104
75,71,146
44,92,136
37,59,96
38,45,83
99,13,112
83,12,95
36,98,134
28,26,54
42,50,92
59,87,146
79,41,120
63,19,82
99,14,113
84,18,102
73,95,168
72,69,141
44,83,127
9,53,62
60,11,71
11,42,53
65,63,128
13,35,48
95,51,146
97,17,114
78,26,104
97,72,169
98,88,186
93,23,116
83,79,162
98,23,121
85,82,167
34,100,134
35,27,62
87,54,141
40,45,85
59,64,123
77,52,129
21,13,34
95,47,142
11,87,98
86,29,115
33,28,61
39,10,49
30,35,65
67,37,104
23,39,62
11,40,51
93,14,107
96,92,188
40,66,106
13,42,55
25,59,84
32,57,89
56,52,108
45,44,89
66,12,78
9,57,66
27,85,112
36,89,125
67,27,94
93,84,177
8,22,30
17,19,36
60,26,86
96,60,156
82,38,120
34,86,120
60,9,69
44,45,89
57,56,113
58,96,154
20,73,93
73,83,156
38,28,66
72,92,164
46,47,93
31,26,57
88,75,163
47,63,110
17,74,91
69,85,154
71,78,149
8,69,77
36,32,68
89,94,183
43,36,79
56,64,120
79,7,86
13,61,74
50,38,88
49,58,107
43,56,99
71,18,89
88,17,105
89,69,158
93,61,154
82,36,118
40,70,110
76,82,158
97,79,176
89,23,112
25,85,110
97,27,124
84,86,170
68,62,130
95,37,132
81,67,148
25,62,87
77,28,105
11,31,42
45,65,110
66,9,75
66,31,97
33,68,101
36,20,56
74,97,171
24,62,86
97,84,181
86,9,95
96,70,166
59,71,130
61,25,86
86,55,141
75,31,106
30,79,109
15,80,95
11,27,38
12,66,78
25,46,71
98,33,131
18,92,110
50,73,123
26,48,74
79,73,152
78,74,152
70,86,156
62,40,102
62,40,102
73,90,163
54,45,99
78,100,178
60,52,112
62,74,136
36,41,77
21,65,86
29,52,81
81,100,181
66,16,82
41,97,138
58,29,87
100,34,134
56,70,126
91,34,125
32,42,74
18,76,94
81,44,125
95,29,124
73,83,156
18,14,32
53,49,102
42,12,54
53,14,67
77,34,111
65,90,155
26,72,98
70,81,151
31,53,84
20,11,31
20,38,58
8,100,108
11,80,91
65,71,136
99,90,189
62,66,128
98,53,151
96,78,174
92,70,162
8,62,70
36,62,98
52,85,137
60,44,104
56,94,150
9,71,80
31,23,54
89,47,136
48,35,83
38,8,46
11,20,31
37,43,80
84,76,160
57,42,99
58,24,82
18,60,78
90,75,165
55,84,139
75,48,123
72,29,101
26,23,49
61,47,108
98,50,148
56,10,66
18,42,60
41,83,124
83,65,148
63,89,152
35,49,84
34,52,86
80,57,137
13,65,78
18,43,61
90,13,103
7,72,79
86,71,157
92,69,161
30,94,124
97,62,159
50,13,63
78,41,119
41,52,93
37,82,119
83,47,130
90,76,166
98,96,194
32,62,94
67,68,135
92,56,148
68,30,98
53,30,83
46,80,126
39,43,82
50,66,116
37,66,103
52,51,103
61,90,151
74,78,152
28,83,111
9,37,46
95,43,138
31,67,98
57,84,141
66,61,127
45,86,131
14,48,62
69,21,90
52,24,76
55,69,124
30,57,87
35,30,65
85,93,178
64,54,118
40,99,139
95,25,120
50,10,60
70,61,131
19,69,88
31,28,59
25,37,62
83,20,103
39,59,98
30,38,68
95,12,107
82,8,90
70,74,144
96,63,159
43,11,54
23,36,59
72,12,84
48,59,107
97,11,108
12,66,78
97,67,164
87,7,94
41,57,98
87,72,159
92,38,130
97,97,194
25,42,67
96,27,123
9,98,107
14,47,61
56,26,82
85,82,167
41,36,77
33,90,123
47,92,139
7,37,44
51,7,58
14,32,46
55,90,145
60,22,82
73,8,81
15,77,92
92,86,178
77,57,134
68,79,147
68,57,125
15,21,36
35,59,94
89,65,154
32,62,94
69,9,78
93,99,192
41,31,72
21,22,43
42,50,92
16,24,40
25,51,76
78,58,136
99,38,137
27,96,123
47,81,128
7,33,40
84,86,170
31,26,57
22,77,99
57,64,121
73,67,140
55,42,97
14,28,42
100,33,133
78,86,164
65,58,123
87,18,105
37,35,72
60,93,153
47,49,96
83,98,181
82,54,136
40,96,136
52,95,147
75,49,124
61,46,107
57,52,109
98,29,127
40,50,90
97,60,157
17,82,99
82,13,95
51,95,146
48,15,63
17,16,33
53,39,92
30,50,80
50,61,111
32,47,79
70,91,161
100,90,190
60,97,157
68,44,112
94,84,178
87,32,119
52,71,123
89,71,160
62,76,138
50,73,123
84,47,131
14,94,108
43,46,89
23,30,53
37,79,116
66,14,80
12,50,62
75,88,163
11,88,99
24,71,95
37,47,84
13,61,74
18,67,85
16,33,49
61,40,101
11,83,94
60,29,89
72,17,89
66,12,78
67,51,118
78,32,110
67,37,104
51,91,142
16,50,66
78,98,176
48,27,75
31,58,89
94,22,116
45,74,119
24,27,51
84,63,147
48,96,144
61,87,148
54,18,72
59,13,72
26,79,105
45,92,137
28,89,117
68,72,140
79,90,169
25,96,121
72,76,148
87,79,166
27,99,126
68,53,121
24,9,33
31,53,84
100,76,176
98,82,180
7,21,28
67,32,99
10,27,37
84,64,148
15,93,108
37,50,87
15,68,83
35,54,89
17,87,104
66,77,143
72,55,127
67,9,76
53,70,123
12,82,94
23,75,98
100,79,179
91,38,129
35,23,58
99,45,144
21,57,78
9,19,28
21,19,40
20,65,85
85,8,93
71,83,154
67,30,97
32,25,57
13,11,24
22,91,113
13,90,103
99,44,143
99,9,108
86,29,115
53,18,71
87,26,113
42,23,65
34,59,93
69,75,144
71,70,141
35,65,100
84,48,132
99,84,183
97,46,143
86,87,173
8,25,33
99,22,121
48,51,99
47,82,129
96,12,108
24,37,61
43,100,143
73,11,84
68,78,146
26,97,123
67,56,123
45,36,81
84,83,167
74,35,109
43,75,118
55,42,97
20,11,31
71,35,106
21,12,33
82,64,146
42,94,136
71,98,169
12,88,100
9,15,24
74,74,148
59,86,145
48,68,116
62,69,131
13,28,41
91,73,164
89,90,179
8,95,103
68,12,80
88,67,155
61,86,147
13,15,28
83,88,171
22,69,91
89,92,181
98,67,165
60,37,97
19,43,62
13,26,39
92,33,125
66,21,87
25,60,85
21,31,52
30,59,89
80,81,161
84,12,96
84,51,135
75,17,92
93,83,176
65,65,130
32,98,130
14,90,104
72,62,134
35,42,77
58,19,77
65,38,103
13,8,21
100,38,138
30,14,44
53,51,104
33,16,49
87,54,141
40,17,57
36,98,134
96,71,167
65,84,149
59,46,105
69,41,110
71,16,87
50,71,121
99,79,178
94,87,181
94,80,174
43,71,114
39,87,126
93,84,177
50,22,72
54,15,69
74,17,91
100,23,123
41,12,53
91,67,158
9,95,104
7,68,75
78,35,113
47,57,104
66,11,77
47,40,87
46,46,92
25,76,101
95,60,155
17,7,24
52,47,99
17,56,73
69,46,115
50,49,99
16,59,75
32,64,96
52,97,149
68,63,131
30,93,123
61,72,133
76,64,140
24,28,52
76,73,149
100,57,157
92,54,146
96,64,160
36,15,51
54,95,149
31,22,53
95,21,116
46,93,139
51,88,139
26,30,56
36,30,66
100,92,192
40,68,108
19,50,69
49,34,83
39,50,89
64,76,140
100,66,166
11,92,103
45,76,121
88,27,115
57,82,139
9,52,61
47,62,109
47,78,125
79,9,88
79,24,103
96,44,140
23,54,77
80,38,118
83,88,171
92,73,165
70,14,84
42,42,84
13,45,58
28,30,58
21,18,39
87,67,154
10,68,78
20,95,115
61,93,154
51,17,68
98,67,165
94,85,179
20,53,73
11,58,69
54,72,126
25,95,120
80,26,106
50,25,75
74,68,142
67,91,158
76,47,123
23,60,83
80,71,151
41,73,114
52,20,72
61,22,83
15,26,41
42,84,126
84,21,105
66,81,147
44,89,133
96,59,155
12,40,52
95,38,133
71,18,89
93,94,187
62,37,99
76,48,124
33,68,101
80,81,161
93,49,142
26,56,82
33,81,114
67,63,130
45,33,78
15,76,91
51,58,109
42,71,113
80,92,172
30,10,40
10,30,40
46,77,123
38,84,122
71,35,106
13,84,97
27,98,125
36,12,48
100,74,174
89,52,141
85,53,138
13,42,55
13,30,43
68,61,129
95,49,144
10,42,52
47,11,58
37,29,66
86,70,156
32,96,128
56,75,131
80,58,138
28,89,117
50,60,110
46,42,88
30,17,47
88,52,140
65,73,138
52,39,91
47,13,60
67,54,121
15,50,65
88,37,125
40,61,101
8,94,102
57,52,109
69,53,122
46,22,68
7,51,58
33,99,132
95,98,193
78,69,147
29,95,124
24,84,108
70,79,149
11,22,33
90,20,110
98,56,154
81,87,168
83,55,138
86,50,136
18,17,35
65,84,149
52,56,108
46,32,78
28,65,93
31,53,84
77,25,102
70,77,147
82,53,135
7,85,92
29,42,71
99,97,196
83,8,91
88,98,186
91,7,98
42,96,138
55,61,116
89,58,147
20,49,69
21,33,54
10,94,104
33,69,102
59,42,101
73,39,112
8,94,102
85,73,158
67,55,122
18,55,73
10,39,49
13,27,40
88,22,110
70,82,152
63,14,77
61,60,121
94,69,163
78,90,168
89,85,174
10,28,38
19,90,109
68,41,109
22,67,89
26,96,122
21,56,77
68,52,120
62,65,127
30,50,80
37,91,128
54,72,126
64,45,109
80,68,148
21,98,119
21,37,58
59,83,142
65,33,98
77,30,107
49,77,126
99,8,107
28,96,124
48,84,132
57,17,74
47,46,93
62,30,92
98,37,135
55,45,100
84,56,140
31,69,100
16,9,25
13,15,28
24,17,41
54,12,66
90,34,124
96,54,150
91,76,167
69,16,85
94,76,170
48,46,94
99,61,160
86,27,113
24,84,108
66,21,87
50,36,86
21,40,61
92,12,104
40,27,67
55,30,85
38,44,82
60,60,120
23,95,118
51,62,113
76,53,129
34,13,47
40,61,101
20,26,46
17,19,36
41,62,103
39,94,133
46,21,67
85,38,123
33,100,133
58,71,129
98,99,197
90,38,128
90,86,176
46,47,93
20,28,48
37,27,64
99,78,177
88,45,133
78,88,166
7,47,54
16,28,44
25,94,119
84,66,150
58,90,148
48,86,134
44,51,95
56,84,140
41,88,129
55,97,152
96,60,156
41,85,126
95,89,184
55,28,83
70,80,150
71,86,157
100,30,130
53,92,145
47,43,90
99,95,194
24,24,48
33,63,96
69,89,158
32,42,74
81,65,146
83,87,170
84,12,96
19,38,57
69,14,83
88,100,188
75,16,91
37,37,74
77,86,163
48,64,112
61,20,81
43,14,57
85,18,103
33,65,98
73,53,126
37,95,132
11,8,19
66,74,140
27,78,105
73,83,156
95,66,161
88,73,161
89,53,142
27,71,98
53,81,134
63,16,79
20,42,62
26,47,73
11,23,34
81,84,165
68,84,152
52,86,138
81,85,166
87,71,158
58,44,102
96,12,108
16,94,110
53,15,68
84,18,102
39,42,81
83,8,91
73,43,116
15,72,87
22,92,114
88,23,111
17,32,49
94,54,148
81,92,173
73,15,88
88,12,100
90,44,134
15,26,41
85,54,139
61,52,113
10,13,23
53,67,120
38,16,54
79,31,110
82,88,170
38,49,87
76,69,145
54,91,145
34,56,90
72,40,112
9,32,41
18,11,29
78,20,98
8,90,98
18,10,28
57,62,119
59,65,124
37,67,104
27,75,102
7,22,29
66,34,100
23,63,86
10,18,28
64,92,156
34,29,63
77,87,164
46,51,97
89,36,125
28,14,42
55,89,144
57,95,152
77,53,130
80,41,121
87,77,164
88,24,112
92,74,166
37,11,48
54,75,129
100,81,181
20,10,30
58,75,133
84,71,155
96,22,118
39,88,127
18,81,99
19,87,106
81,81,162
46,73,119
30,28,58
32,63,95
53,50,103
72,76,148
19,74,93
71,31,102
63,12,75
76,28,104
39,77,116
79,9,88
34,100,134
49,29,78
95,71,166
90,50,140
62,54,116
33,100,133
40,23,63
86,65,151
56,35,91
63,98,161
17,88,105
31,29,60
75,96,171
84,29,113
25,46,71
78,20,98
49,79,128
65,62,127
56,44,100
89,66,155
58,11,69
23,85,108
34,63,97
72,75,147
96,100,196
88,11,99
35,40,75
75,96,171
47,42,89
14,85,99
58,64,122
82,16,98
79,30,109
99,39,138
36,9,45
26,51,77
65,10,75
27,14,41
68,12,80
26,64,90
82,17,99
16,61,77
40,52,92
54,16,70
98,29,127
72,33,105
39,69,108
73,23,96
83,87,170
30,21,51
32,14,46
9,82,91
7,100,107
58,44,102
34,10,44
11,28,39
10,75,85
38,89,127
21,88,109
65,70,135
41,90,131
43,82,125
72,70,142
28,73,101
54,7,61
42,8,50
78,40,118
58,30,88
27,70,97
68,67,135
95,74,169
27,63,90
68,27,95
44,72,116
57,62,119
89,29,118
85,34,119
18,97,115
7,56,63
60,55,115
33,28,61
68,29,97
69,92,161
18,94,112
51,97,148
50,61,111
73,34,107
13,11,24
39,30,69
80,98,178
45,23,68
24,12,36
77,35,112
91,42,133
71,53,124
58,99,157
12,58,70
44,44,88
85,51,136
25,83,108
95,27,122
47,55,102
75,100,175
58,33,91
10,89,99
45,49,94
17,84,101
78,13,91
83,77,160
99,91,190
7,86,93
60,83,143
17,57,74
93,33,126
62,12,74
44,28,72
18,74,92
42,37,79
14,32,46
26,17,43
82,27,109
22,85,107
87,67,154
93,20,113
70,21,91
70,69,139
8,39,47
39,15,54
29,58,87
18,57,75
61,16,77
38,55,93
86,12,98
93,73,166
24,74,98
60,37,97
42,85,127
37,54,91
19,18,37
39,23,62
39,25,64
86,11,97
44,85,129
65,71,136
19,31,50
15,14,29
75,71,146
22,91,113
57,76,133
15,85,100
52,67,119
78,51,129
16,31,47
41,94,135
45,25,70
83,39,122
19,53,72
83,57,140
80,97,177
37,20,57
96,35,131
24,14,38
79,40,119
30,35,65
54,72,126
20,29,49
32,100,132
14,68,82
90,65,155
59,67,126
11,88,99
32,39,71
19,56,75
46,74,120
45,86,131
16,77,93
14,70,84
27,11,38
49,52,101
47,66,113
89,13,102
64,49,113
33,67,100
32,50,82
17,35,52
65,15,80
34,99,133
87,55,142
38,27,65
59,71,130
20,54,74
77,20,97
82,88,170
18,57,75
82,89,171
9,57,66
18,14,32
86,76,162
27,81,108
35,98,133
56,89,145
82,94,176
61,80,141
58,18,76
48,73,121
82,12,94
62,69,131
47,35,82
33,43,76
82,81,163
48,67,115
63,33,96
30,41,71
30,18,48
61,82,143
7,9,16
51,38,89
84,43,127
15,20,35
74,53,127
16,62,78
46,19,65
18,19,37
68,11,79
26,86,112
21,32,53
96,66,162
39,50,89
38,24,62
15,27,42
81,23,104
19,30,49
26,70,96
11,33,44
50,97,147
12,86,98
35,35,70
87,63,150
41,80,121
65,43,108
63,72,135
33,88,121
57,24,81
79,23,102
36,49,85
78,26,104
80,79,159
58,31,89
90,10,100
11,97,108
72,98,170
94,60,154
93,45,138
51,37,88
95,57,152
38,78,116
14,59,73
53,82,135
29,63,92
36,44,80
42,39,81
70,97,167
30,64,94
57,38,95
30,37,67
37,72,109
14,72,86
98,71,169
23,91,114
55,80,135
23,89,112
89,86,175
18,80,98
22,7,29
21,87,108
93,48,141
20,23,43
92,45,137
60,48,108
82,13,95
63,20,83
10,60,70
99,28,127
59,22,81
68,52,120
47,56,103
75,44,119
97,63,160
10,92,102
68,50,118
26,15,41
48,7,55
76,70,146
94,27,121
76,11,87
99,97,196
99,45,144
45,55,100
10,51,61
18,25,43
77,19,96
64,63,127
48,39,87
67,54,121
27,62,89
36,63,99
72,52,124
92,51,143
31,28,59
81,36,117
57,25,82
86,37,123
86,29,115
19,36,55
89,72,161
86,13,99
57,58,115
41,52,93
57,10,67
38,12,50
31,99,130
50,12,62
96,51,147
13,14,27
12,66,78
78,43,121
92,20,112
21,40,61
52,10,62
81,31,112
15,20,35
37,69,106
45,28,73
92,85,177
25,46,71
99,35,134
53,85,138
15,74,89
56,12,68
96,83,179
48,26,74
40,87,127
29,73,102
42,76,118
68,20,88
62,97,159
100,50,150
83,60,143
12,86,98
39,98,137
73,29,102
34,53,87
29,81,110
45,28,73
7,62,69
68,84,152
84,62,146
97,78,175
14,83,97
66,10,76
82,48,130
79,13,92
85,55,140
84,88,172
8,18,26
74,68,142
62,12,74
71,20,91
31,95,126
91,84,175
87,19,106
87,10,97
37,30,67
11,22,33
78,89,167
31,18,49
45,47,92
82,49,131
37,19,56
53,83,136
10,20,30
59,98,157
23,78,101
87,65,152
69,82,151
32,73,105
53,21,74
90,58,148
25,53,78
55,79,134
67,39,106
61,83,144
15,16,31
76,86,162
79,53,132
63,43,106
21,79,100
28,14,42
46,80,126
47,52,99
73,60,133
11,28,39
48,33,81
58,36,94
91,13,104
13,81,94
26,56,82
11,47,58
94,86,180
81,24,105
48,84,132
34,66,100
50,22,72
63,74,137
65,18,83
50,87,137
34,45,79
41,13,54
24,29,53
83,71,154
67,44,111
53,47,100
60,67,127
81,85,166
67,49,116
53,62,115
56,72,128
100,96,196
63,20,83
29,49,78
97,35,132
52,38,90
42,40,82
16,9,25
34,68,102
75,87,162
61,43,104
26,53,79
82,91,173
37,21,58
77,44,121
81,88,169
51,28,79
65,25,90
33,65,98
87,96,183
42,55,97
92,73,165
86,63,149
74,76,150
68,31,99
22,14,36
37,45,82
74,70,144
46,75,121
100,7,107
64,90,154
19,62,81
43,8,51
59,80,139
94,33,127
19,58,77
95,81,176
50,90,140
75,81,156
57,67,124
33,21,54
96,58,154
67,33,100
73,78,151
75,46,121
26,93,119
21,32,53
66,97,163
29,26,55
19,91,110
63,34,97
55,82,137
55,67,122
49,59,108
21,58,79
34,27,61
74,47,121
60,22,82
46,44,90
94,35,129
73,51,124
77,85,162
44,49,93
44,72,116
20,69,89
32,95,127
63,21,84
54,72,126
25,58,83
83,96,179
13,37,50
15,41,56
66,31,97
49,94,143
34,19,53
51,72,123
56,44,100
83,45,128
82,36,118
73,79,152
64,57,121
56,45,101
23,97,120
38,14,52
75,37,112
92,100,192
83,42,125
48,43,91
84,27,111
51,24,75
39,62,101
80,38,118
43,93,136
78,52,130
36,64,100
35,18,53
24,18,42
47,92,139
7,85,92
22,48,70
57,24,81
18,33,51
79,78,157
39,81,120
30,25,55
52,9,61
68,95,163
77,11,88
30,49,79
92,42,134
28,93,121
87,98,185
8,42,50
86,18,104
97,20,117
92,48,140
70,45,115
72,81,153
42,8,50
8,62,70
65,46,111
88,30,118
82,35,117
77,20,97
41,100,141
44,35,79
32,15,47
90,90,180
46,76,122
59,100,159
75,27,102
92,32,124
57,79,136
68,8,76
61,83,144
74,38,112
11,42,53
43,75,118
33,88,121
94,29,123
61,43,104
10,65,75
43,51,94
51,31,82
14,65,79
73,20,93
70,28,98
59,78,137
20,43,63
87,8,95
74,50,124
39,94,133
31,40,71
9,16,25
56,87,143
33,52,85
59,58,117
30,21,51
11,22,33
73,53,126
77,42,119
99,42,141
54,69,123
90,58,148
48,10,58
9,34,43
38,49,87
53,33,86
42,29,71
39,84,123
45,47,92
83,57,140
21,62,83
50,72,122
39,52,91
41,87,128
20,90,110
43,96,139
84,71,155
50,86,136
11,98,109
87,78,165
81,11,92
71,32,103
58,36,94
34,93,127
66,98,164
45,56,101
75,65,140
13,100,113
95,24,119
57,17,74
53,55,108
22,48,70
33,11,44
25,91,116
94,79,173
49,74,123
73,49,122
68,96,164
13,25,38
65,30,95
52,90,142
29,67,96
60,94,154
94,59,153
68,98,166
38,11,49
43,33,76
70,22,92
9,33,42
13,51,64
93,80,173
38,32,70
77,29,106
64,71,135
53,43,96
17,21,38
54,18,72
32,44,76
83,8,91
74,35,109
60,86,146
47,27,74
64,73,137
99,54,153
72,23,95
26,52,78
86,49,135
99,60,159
17,79,96
80,70,150
42,42,84
71,35,106
88,34,122
83,57,140
94,86,180
92,23,115
84,52,136
92,51,143
84,53,137
90,42,132
20,36,56
47,100,147
66,71,137
13,67,80
38,70,108
64,52,116
77,43,120
15,97,112
30,51,81
75,100,175
99,50,149
69,14,83
18,79,97
37,59,96
73,88,161
99,44,143
43,17,60
48,31,79
50,12,62
85,54,139
83,76,159
18,94,112
74,10,84
66,58,124
78,82,160
28,75,103
11,63,74
89,10,99
29,80,109
66,65,131
89,65,154
79,10,89
48,51,99
84,75,159
66,46,112
74,37,111
45,90,135
73,20,93
66,93,159
93,62,155
76,46,122
61,92,153
79,85,164
39,19,58
26,15,41
70,57,127
56,56,112
69,41,110
90,9,99
69,100,169
78,34,112
21,85,106
84,51,135
54,16,70
65,68,133
74,68,142
42,55,97
70,62,132
98,79,177
19,72,91
99,44,143
89,28,117
25,45,70
77,9,86
43,64,107
89,24,113
85,95,180
99,22,121
12,23,35
36,83,119
29,65,94
39,40,79
95,60,155
37,33,70
90,35,125
20,100,120
82,30,112
59,15,74
23,83,106
10,77,87
50,79,129
93,72,165
15,44,59
18,58,76
45,18,63
50,83,133
66,14,80
42,76,118
80,15,95
38,37,75
13,68,81
26,9,35
93,27,120
34,75,109
22,20,42
56,68,124
29,27,56
36,19,55
86,70,156
38,20,58
50,30,80
30,67,97
48,58,106
93,69,162
68,71,139
62,46,108
9,7,16
38,19,57
34,94,128
81,36,117
18,8,26
23,98,121
47,48,95
39,41,80
27,94,121
65,51,116
92,80,172
9,73,82
21,8,29
77,49,126
92,51,143
25,19,44
14,34,48
87,33,120
27,84,111
41,61,102
27,82,109
84,80,164
53,84,137
88,100,188
98,21,119
70,72,142
82,88,170
9,79,88
13,70,83
9,81,90
98,70,168
23,63,86
74,67,141
84,59,143
67,44,111
28,78,106
16,16,32
20,33,53
48,64,112
48,32,80
39,45,84
77,86,163
11,34,45
20,76,96
53,32,85
99,78,177
78,67,145
51,7,58
33,24,57
98,8,106
11,22,33
16,52,68
88,82,170
71,73,144
7,13,20
74,62,136
48,19,67
80,33,113
50,10,60
83,28,111
69,37,106
61,43,104
26,82,108
66,68,134
80,66,146
80,79,159
23,60,83
80,92,172
99,92,191
28,64,92
83,75,158
8,31,39
85,63,148
80,68,148
49,99,148
87,69,156
89,46,135
80,27,107
92,37,129
48,96,144
70,62,132
84,61,145
42,21,63
85,24,109
75,80,155
23,78,101
7,87,94
52,60,112
16,58,74
19,57,76
18,11,29
69,49,118
100,92,192
66,50,116
34,84,118
78,93,171
45,96,141
41,42,83
54,54,108
13,98,111
14,50,64
68,66,134
69,93,162
83,74,157
96,52,148
8,22,30
66,86,152
50,58,108
16,14,30
43,13,56
50,33,83
67,59,126
80,52,132
59,12,71
44,46,90
36,51,87
68,38,106
34,84,118
31,55,86
45,71,116
67,65,132
22,45,67
10,80,90
79,73,152
25,99,124
10,44,54
62,42,104
66,64,130
51,33,84
26,37,63
54,23,77
50,8,58
20,44,64
86,74,160
41,64,105
8,24,32
84,90,174
37,70,107
15,38,53
50,45,95
17,82,99
33,89,122
55,87,142
28,37,65
12,46,58
58,47,105
57,55,112
89,93,182
40,15,55
100,14,114
79,86,165
77,54,131
54,86,140
79,9,88
36,14,50
57,92,149
69,16,85
28,8,36
81,68,149
71,91,162
37,83,120
25,80,105
98,99,197
33,43,76
52,24,76
19,48,67
30,24,54
71,7,78
32,9,41
38,63,101
61,75,136
60,26,86
54,60,114
39,66,105
75,80,155
50,50,100
12,36,48
65,97,162
79,84,163
19,83,102
70,62,132
64,86,150
21,44,65
64,78,142
81,84,165
39,63,102
64,69,133
94,94,188
78,74,152
70,60,130
68,100,168
48,28,76
86,77,163
29,79,108
69,33,102
43,68,111
67,84,151
18,81,99
23,68,91
41,50,91
82,80,162
12,39,51
48,26,74
9,18,27
88,44,132
76,70,146
23,15,38
33,43,76
24,16,40
87,87,174
25,81,106
43,47,90
50,34,84
24,14,38
48,18,66
76,100,176
32,51,83
66,70,136
78,26,104
98,30,128
91,98,189
72,20,92
87,24,111
14,47,61
94,32,126
11,77,88
50,26,76
75,8,83
66,48,114
83,79,162
83,46,129
60,60,120
19,72,91
64,65,129
60,13,73
60,52,112
9,13,22
93,19,112
31,88,119
52,32,84
74,49,123
86,69,155
94,9,103
11,54,65
86,42,128
68,10,78
58,43,101
37,68,105
99,45,144
22,56,78
57,64,121
82,52,134
82,37,119
44,49,93
49,43,92
32,95,127
51,29,80
100,59,159
76,66,142
94,56,150
72,85,157
87,60,147
43,41,84
19,21,40
96,15,111
52,84,136
59,24,83
88,39,127
23,82,105
16,51,67
64,12,76
27,100,127
86,39,125
43,47,90
18,47,65
20,32,52
87,77,164
48,37,85
61,64,125
16,83,99
88,41,129
52,62,114
40,10,50
74,18,92
60,85,145
29,17,46
50,38,88
68,39,107
79,72,151
38,29,67
71,92,163
86,69,155
90,80,170
42,43,85
92,24,116
53,92,145
20,46,66
24,65,89
67,26,93
58,52,110
51,93,144
93,51,144
77,47,124
11,60,71
58,69,127
37,55,92
31,29,60
29,88,117
29,100,129
81,54,135
28,97,125
73,79,152
58,55,113
89,98,187
76,11,87
55,59,114
85,91,176
32,62,94
26,12,38
74,20,94
42,79,121
59,76,135
72,73,145
92,71,163
52,100,152
16,39,55
28,47,75
28,16,44
100,95,195
54,44,98
93,9,102
92,71,163
24,97,121
18,26,44
60,24,84
16,100,116
75,34,109
24,62,86
36,78,114
95,30,125
26,50,76
45,92,137
50,80,130
26,37,63
97,72,169
17,81,98
100,63,163
47,63,110
97,68,165
82,63,145
21,78,99
16,68,84
9,24,33
27,78,105
16,77,93
41,41,82
75,16,91
46,92,138
99,57,156
39,93,132
100,10,110
59,50,109
63,75,138
68,88,156
72,22,94
67,64,131
90,96,186
88,9,97
41,40,81
73,32,105
42,67,109
99,56,155
18,93,111
18,95,113
32,15,47
54,71,125
26,31,57
34,55,89
31,52,83
90,30,120
66,47,113
62,66,128
25,63,88
14,71,85
24,23,47
77,90,167
37,56,93
91,8,99
93,86,179
67,44,111
81,77,158
47,63,110
66,57,123
90,45,135
43,44,87
89,9,98
85,16,101
66,44,110
89,92,181
66,65,131
81,36,117
32,71,103
12,85,97
67,17,84
49,65,114
32,47,79
72,93,165
8,69,77
54,27,81
12,60,72
16,86,102
74,29,103
76,66,142
18,95,113
34,24,58
41,50,91
71,37,108
87,59,146
49,46,95
60,88,148
61,30,91
95,29,124
54,95,149
95,37,132
54,46,100
37,99,136
95,15,110
35,81,116
72,81,153
90,62,152
90,98,188
19,64,83
48,64,112
69,9,78
63,54,117
34,44,78
19,9,28
92,39,131
51,88,139
81,56,137
27,22,49
20,28,48
28,21,49
33,97,130
29,76,105
100,28,128
73,55,128
7,16,23
99,67,166
80,97,177
14,55,69
39,40,79
91,28,119
58,19,77
99,77,176
17,93,110
36,11,47
82,51,133
56,20,76
67,60,127
51,62,113
47,99,146
42,39,81
75,46,121
16,75,91
90,8,98
60,67,127
45,44,89
71,73,144
34,94,128
48,53,101
70,78,148
38,47,85
39,13,52
61,52,113
100,85,185
44,16,60
20,57,77
29,34,63
15,33,48
21,38,59
17,28,45
27,40,67
54,23,77
38,68,106
39,9,48
25,53,78
65,99,164
46,61,107
57,59,116
38,73,111
31,24,55
84,41,125
8,24,32
84,33,117
93,66,159
100,61,161
83,88,171
72,19,91
44,71,115
90,47,137
87,81,168
80,56,136
69,68,137
76,64,140
70,35,105
30,52,82
42,51,93
86,87,173
15,81,96
9,21,30
47,32,79
9,94,103
35,35,70
22,14,36
94,56,150
23,37,60
67,14,81
32,34,66
92,84,176
48,55,103
47,9,56
62,41,103
100,52,152
52,86,138
43,99,142
51,24,75
29,67,96
94,88,182
27,20,47
36,80,116
75,30,105
54,21,75
55,43,98
95,55,150
32,22,54
20,31,51
70,33,103
44,9,53
54,34,88
11,28,39
96,15,111
39,63,102
38,29,67
26,61,87
22,92,114
21,18,39
29,77,106
45,62,107
97,78,175
87,60,147
74,81,155
65,23,88
97,24,121
65,15,80
77,80,157
71,61,132
81,51,132
41,80,121
60,87,147
100,67,167
91,79,170
66,83,149
49,37,86
24,77,101
95,80,175
78,63,141
27,64,91
24,64,88
23,13,36
82,52,134
13,11,24
73,48,121
44,45,89
41,50,91
93,24,117
94,80,174
66,47,113
17,53,70
19,70,89
71,64,135
99,18,117
98,90,188
22,74,96
99,17,116
18,44,62
71,87,158
8,19,27
13,54,67
38,14,52
51,72,123
32,11,43
40,94,134
90,35,125
77,11,88
41,42,83
49,48,97
21,79,100
7,15,22
71,10,81
32,84,116
50,44,94
12,43,55
67,14,81
98,62,160
20,75,95
8,67,75
30,50,80
83,64,147
99,46,145
97,67,164
55,91,146
40,34,74
46,23,69
63,10,73
9,97,106
99,26,125
33,44,77
77,37,114
97,50,147
17,49,66
62,64,126
67,17,84
21,62,83
82,96,178
14,46,60
37,24,61
89,7,96
76,90,166
9,10,19
30,54,84
100,56,156
31,18,49
59,44,103
15,75,90
90,33,123
54,12,66
26,93,119
41,17,58
36,10,46
10,99,109
77,91,168
41,40,81
52,32,84
69,99,168
99,10,109
56,16,72
9,89,98
56,16,72
37,45,82
84,47,131
17,34,51
60,9,69
88,16,104
60,51,111
80,12,92
22,73,95
23,73,96
59,55,114
19,90,109
32,61,93
62,99,161
7,37,44
17,82,99
44,66,110
23,61,84
59,74,133
97,49,146
46,31,77
80,61,141
62,17,79
37,38,75
98,71,169
7,84,91
10,92,102
97,68,165
51,51,102
92,25,117
66,30,96
55,30,85
19,100,119
94,37,131
61,64,125
77,44,121
61,52,113
9,16,25
68,40,108
85,84,169
92,8,100
15,91,106
53,13,66
66,61,127
64,16,80
50,96,146
100,43,143
41,42,83
85,72,157
28,19,47
67,16,83
87,76,163
96,53,149
13,60,73
84,96,180
97,59,156
20,92,112
20,60,80
86,20,106
100,42,142
83,45,128
57,81,138
86,30,116
93,50,143
38,29,67
87,61,148
34,14,48
89,89,178
9,91,100
99,30,129
54,64,118
21,91,112
74,79,153
71,75,146
47,7,54
42,66,108
77,74,151
79,98,177
97,83,180
47,19,66
78,31,109
47,90,137
43,32,75
74,57,131
51,68,119
47,17,64
92,21,113
7,40,47
73,93,166
56,73,129
90,36,126
12,89,101
11,11,22
71,25,96
73,40,113
37,12,49
67,10,77
67,81,148
45,63,108
21,28,49
72,78,150
53,11,64
49,91,140
98,91,189
46,94,140
74,33,107
34,97,131
13,16,29
55,53,108
54,17,71
56,86,142
24,54,78
82,61,143
85,70,155
46,89,135
19,77,96
84,50,134
94,46,140
25,29,54
15,22,37
94,42,136
54,74,128
45,30,75
27,23,50
63,73,136
32,71,103
70,44,114
54,94,148
33,19,52
73,74,147
56,81,137
66,83,149
64,74,138
39,10,49
86,99,185
93,37,130
56,46,102
49,95,144
51,27,78
15,48,63
74,33,107
20,32,52
22,35,57
97,65,162
88,65,153
29,60,89
97,34,131
40,58,98
49,22,71
71,84,155
73,60,133
94,9,103
90,32,122
21,64,85
93,17,110
40,54,94
35,69,104
8,59,67
33,11,44
46,39,85
32,25,57
79,32,111
96,90,186
21,69,90
47,55,102
77,79,156
13,68,81
80,52,132
45,59,104
44,44,88
15,73,88
8,39,47
30,66,96
65,31,96
96,51,147
71,49,120
34,17,51
11,53,64
97,61,158
40,56,96
46,44,90
91,22,113
73,49,122
73,95,168
62,22,84
86,64,150
35,9,44
48,94,142
59,66,125
18,54,72
12,74,86
40,47,87
38,40,78
7,57,64
83,61,144
61,59,120
8,40,48
27,69,96
44,50,94
89,43,132
65,78,143
53,56,109
56,61,117
95,80,175
62,31,93
78,72,150
57,91,148
52,44,96
70,33,103
51,64,115
49,38,87
82,14,96
46,55,101
8,21,29
76,81,157
69,93,162
87,25,112
48,52,100
92,59,151
61,89,150
66,50,116
53,67,120
12,77,89
55,33,88
10,7,17
35,56,91
25,62,87
65,27,92
75,82,157
28,54,82
69,23,92
33,85,118
42,83,125
42,14,56
78,98,176
15,53,68
44,77,121
74,36,110
50,81,131
50,97,147
80,66,146
33,57,90
16,73,89
54,87,141
10,18,28
17,66,83
36,53,89
10,31,41
23,74,97
8,20,28
13,69,82
12,46,58
64,45,109
41,37,78
16,73,89
10,57,67
84,62,146
80,75,155
7,93,100
72,95,167
75,82,157
21,59,80
42,99,141
75,97,172
53,21,74
50,66,116
74,94,168
61,52,113
19,34,53
59,16,75
51,16,67
65,25,90
10,30,40
67,98,165
54,70,124
100,13,113
56,87,143
25,79,104
16,95,111
100,37,137
38,64,102
78,66,144
94,26,120
36,89,125
91,46,137
81,39,120
76,96,172
34,56,90
91,43,134
48,56,104
72,93,165
67,79,146
18,24,42
62,28,90
55,100,155
28,45,73
16,29,45
54,25,79
46,83,129
73,39,112
75,70,145
23,20,43
11,19,30
87,36,123
61,59,120
23,48,71
39,95,134
39,26,65
79,73,152
100,23,123
7,61,68
62,95,157
68,53,121
36,85,121
57,20,77
55,41,96
31,79,110
71,76,147
33,36,69
9,78,87
33,12,45
7,83,90
60,87,147
53,22,75
76,66,142
97,96,193
56,72,128
69,47,116
62,82,144
48,15,63
89,59,148
91,36,127
87,68,155
54,88,142
58,37,95
64,82,146
97,69,166
99,22,121
83,78,161
48,22,70
90,41,131
90,78,168
26,13,39
51,50,101
100,23,123
20,26,46
8,100,108
24,53,77
38,38,76
81,90,171
84,10,94
57,69,126
13,88,101
76,29,105
25,10,35
34,91,125
78,10,88
21,63,84
41,53,94
68,70,138
59,17,76
15,77,92
61,70,131
30,37,67
25,73,98
60,39,99
58,50,108
32,17,49
24,8,32
83,79,162
51,72,123
62,29,91
26,81,107
26,98,124
98,41,139
14,83,97
30,70,100
80,75,155
63,89,152
32,20,52
11,40,51
63,63,126
88,49,137
30,46,76
66,21,87
76,17,93
49,39,88
74,8,82
74,20,94
59,46,105
69,38,107
48,67,115
40,28,68
72,90,162
91,72,163
48,75,123
99,26,125
83,68,151
20,72,92
33,90,123
64,68,132
41,45,86
77,59,136
86,45,131
25,23,48
57,94,151
54,92,146
21,100,121
67,95,162
78,43,121
22,95,117
11,49,60
78,64,142
47,12,59
40,72,112
42,94,136
35,70,105
32,77,109
69,57,126
60,60,120
7,65,72
12,90,102
48,39,87
33,77,110
7,55,62
89,16,105
93,15,108
29,58,87
45,32,77
58,85,143
75,78,153
37,38,75
18,24,42
84,36,120
43,95,138
37,62,99
59,29,88
14,75,89
71,41,112
14,12,26
75,29,104
55,72,127
45,63,108
75,11,86
64,100,164
31,8,39
45,32,77
93,100,193
81,15,96
36,36,72
74,56,130
12,8,20
27,56,83
30,27,57
45,36,81
96,19,115
96,30,126
27,92,119
28,76,104
55,52,107
99,35,134
65,42,107
79,69,148
64,39,103
76,18,94
69,79,148
37,82,119
52,34,86
43,100,143
18,51,69
10,73,83
84,9,93
30,94,124
69,32,101
73,62,135
85,90,175
8,94,102
79,61,140
46,25,71
73,25,98
43,47,90
17,81,98
92,88,180
47,59,106
21,8,29
19,17,36
40,26,66
52,87,139
72,83,155
60,92,152
57,81,138
20,36,56
51,16,67
69,71,140
10,13,23
45,48,93
82,27,109
86,10,96
30,39,69
82,44,126
73,53,126
55,75,130
7,24,31
9,58,67
92,22,114
99,73,172
23,99,122
70,97,167
90,28,118
94,40,134
33,31,64
16,72,88
33,40,73
42,82,124
78,44,122
69,25,94
85,62,147
75,86,161
22,78,100
19,63,82
41,44,85
72,87,159
17,42,59
36,53,89
40,87,127
96,94,190
33,88,121
77,97,174
12,71,83
57,21,78
25,96,121
86,25,111
47,73,120
66,89,155
73,21,94
29,29,58
51,19,70
24,21,45
17,74,91
66,68,134
85,39,124
17,66,83
35,26,61
40,50,90
42,51,93
31,76,107
65,7,72
94,34,128
99,60,159
89,77,166
86,53,139
13,36,49
36,88,124
38,55,93
31,98,129
90,54,144
87,30,117
88,61,149
68,26,94
99,46,145
64,27,91
99,19,118
45,57,102
91,33,124
46,30,76
57,39,96
100,39,139
69,91,160
18,76,94
77,8,85
45,45,90
56,97,153
17,51,68
20,90,110
12,13,25
80,43,123
87,8,95
19,21,40
30,51,81
91,84,175
72,17,89
50,96,146
25,86,111
41,41,82
11,94,105
36,9,45
85,79,164
13,63,76
73,71,144
13,66,79
82,15,97
47,95,142
22,30,52
40,29,69
46,27,73
42,89,131
27,35,62
75,59,134
95,34,129
56,86,142
16,87,103
81,16,97
16,54,70
85,50,135
72,49,121
96,85,181
92,26,118
26,100,126
62,83,145
37,51,88
40,95,135
90,75,165
14,56,70
91,37,128
58,59,117
76,18,94
84,17,101
25,93,118
66,44,110
36,57,93
20,97,117
26,92,118
77,77,154
25,17,42
58,35,93
60,9,69
57,65,122
96,24,120
61,59,120
49,8,57
8,48,56
28,10,38
9,76,85
39,65,104
24,83,107
47,51,98
88,63,151
81,96,177
91,28,119
34,43,77
60,14,74
49,96,145
40,37,77
97,15,112
96,100,196
33,93,126
50,80,130
39,71,110
20,47,67
81,92,173
64,84,148
96,56,152
53,16,69
26,24,50
46,34,80
33,96,129
31,26,57
55,86,141
69,39,108
18,60,78
59,92,151
57,39,96
30,25,55
72,81,153
29,24,53
38,49,87
65,83,148
93,51,144
33,93,126
38,29,67
81,34,115
92,40,132
64,71,135
100,92,192
33,34,67
46,36,82
15,7,22
45,90,135
41,86,127
10,50,60
18,90,108
50,21,71
91,47,138
97,82,179
47,47,94
87,97,184
99,77,176
77,89,166
100,39,139
29,60,89
16,50,66
47,45,92
11,26,37
62,43,105
48,14,62
44,87,131
48,65,113
99,29,128
67,50,117
93,98,191
41,42,83
63,36,99
34,38,72
76,59,135
59,34,93
52,89,141
17,81,98
12,33,45
25,94,119
28,38,66
48,66,114
100,28,128
99,11,110
77,44,121
89,75,164
64,53,117
16,32,48
9,53,62
86,68,154
41,23,64
84,64,148
62,97,159
25,27,52
36,32,68
56,13,69
40,23,63
57,40,97
70,11,81
51,55,106
89,10,99
81,38,119
43,58,101
59,57,116
86,39,125
79,9,88
76,29,105
94,40,134
28,35,63
21,27,48
94,21,115
77,38,115
40,97,137
29,9,38
50,12,62
64,80,144
39,10,49
48,36,84
35,48,83
24,57,81
94,84,178
97,94,191
67,97,164
16,85,101
88,45,133
96,7,103
23,14,37
100,10,110
40,27,67
95,77,172
68,69,137
78,33,111
39,78,117
46,7,53
64,88,152
56,92,148
93,35,128
36,8,44
78,47,125
86,100,186
53,91,144
74,43,117
58,92,150
76,73,149
8,99,107
73,79,152
19,50,69
92,47,139
91,58,149
10,8,18
17,79,96
20,88,108
49,71,120
15,100,115
93,8,101
17,69,86
40,81,121
81,92,173
29,83,112
37,48,85
53,40,93
45,50,95
59,38,97
26,91,117
15,84,99
59,55,114
21,31,52
90,18,108
65,49,114
87,20,107
27,59,86
57,7,64
74,16,90
27,37,64
26,48,74
64,52,116
53,22,75
40,83,123
57,23,80
11,62,73
78,8,86
52,89,141
14,60,74
34,80,114
22,28,50
34,25,59
15,34,49
90,97,187
70,84,154
86,38,124
37,63,100
44,89,133
57,54,111
48,27,75
33,91,124
78,40,118
98,50,148
78,41,119
87,47,134
81,63,144
63,89,152
80,23,103
99,10,109
19,31,50
24,23,47
75,14,89
78,97,175
44,16,60
9,22,31
40,73,113
55,59,114
29,58,87
58,14,72
100,95,195
98,16,114
77,53,130
53,36,89
68,17,85
26,87,113
72,97,169
65,55,120
51,48,99
82,45,127
18,38,56
77,61,138
100,60,160
53,38,91
84,49,133
41,82,123
89,37,126
15,39,54
83,44,127
23,50,73
50,83,133
32,10,42
97,57,154
79,76,155
10,58,68
48,19,67
7,63,70
58,63,121
19,94,113
61,54,115
12,47,59
37,59,96
9,75,84
11,55,66
14,9,23
19,40,59
93,82,175
34,76,110
53,69,122
42,10,52
36,70,106
35,80,115
50,20,70
35,58,93
17,91,108
69,73,142
38,39,77
20,28,48
20,8,28
74,91,165
99,39,138
25,71,96
39,32,71
35,9,44
20,46,66
48,81,129
57,87,144
14,88,102
52,37,89
96,84,180
76,43,119
10,50,60
30,91,121
64,79,143
92,31,123
9,97,106
22,64,86
31,57,88
29,26,55
97,36,133
46,43,89
76,8,84
86,44,130
79,44,123
75,90,165
31,23,54
100,49,149
88,35,123
79,89,168
11,19,30
65,28,93
34,84,118
94,89,183
96,30,126
91,85,176
48,100,148
21,39,60
79,21,100
13,33,46
94,61,155
39,94,133
13,54,67
77,88,165
64,36,100
41,15,56
23,50,73
79,65,144
33,41,74
95,84,179
79,99,178
78,84,162
69,25,94
73,70,143
58,61,119
71,82,153
11,36,47
61,51,112
13,24,37
30,63,93
73,44,117
42,16,58
45,57,102
82,34,116
71,30,101
91,17,108
77,39,116
24,74,98
63,87,150
77,50,127
95,61,156
91,63,154
11,17,28
30,28,58
31,11,42
28,62,90
14,59,73
60,11,71
70,39,109
55,62,117
98,50,148
88,89,177
97,31,128
57,86,143
26,68,94
17,99,116
15,82,97
88,17,105
15,95,110
89,8,97
22,42,64
20,25,45
14,55,69
44,89,133
100,77,177
99,94,193
12,83,95
77,70,147
86,23,109
100,45,145
85,7,92
45,7,52
8,38,46
13,19,32
50,72,122
91,37,128
49,79,128
70,46,116
98,62,160
65,86,151
88,91,179
61,70,131
34,51,85
92,84,176
35,28,63
78,9,87
38,75,113
32,35,67
38,31,69
74,76,150
21,33,54
28,93,121
80,27,107
61,91,152
46,34,80
52,80,132
59,38,97
99,13,112
18,24,42
77,48,125
97,56,153
34,79,113
63,80,143
56,73,129
98,80,178
76,19,95
80,70,150
67,34,101
21,60,81
100,57,157
17,55,72
90,19,109
35,93,128
9,37,46
68,48,116
71,59,130
57,65,122
75,16,91
21,82,103
44,28,72
20,9,29
28,17,45
30,26,56
35,61,96
15,20,35
66,78,144
17,82,99
67,69,136
75,37,112
95,27,122
64,79,143
71,72,143
67,58,125
11,47,58
23,90,113
71,20,91
72,63,135
54,23,77
52,27,79
49,52,101
22,50,72
21,48,69
82,7,89
49,16,65
20,64,84
19,18,37
85,25,110
73,15,88
91,11,102
38,88,126
69,74,143
92,86,178
17,89,106
61,89,150
62,10,72
61,98,159
75,57,132
76,66,142
33,100,133
81,39,120
44,17,61
15,17,32
12,39,51
35,52,87
83,85,168
13,64,77
51,42,93
57,34,91
8,26,34
27,80,107
45,85,130
52,13,65
74,89,163
98,35,133
19,97,116
47,49,96
83,97,180
56,12,68
58,11,69
83,18,101
46,60,106
85,15,100
68,69,137
36,48,84
7,33,40
95,35,130
51,65,116
37,39,76
85,50,135
56,36,92
46,56,102
76,78,154
22,25,47
59,22,81
20,91,111
55,89,144
47,24,71
76,28,104
7,27,34
25,84,109
35,38,73
61,14,75
32,46,78
24,27,51
7,98,105
38,80,118
22,87,109
29,29,58
42,25,67
65,49,114
85,7,92
46,78,124
58,70,128
20,87,107
19,93,112
27,32,59
28,15,43
93,27,120
95,42,137
39,68,107
13,50,63
24,94,118
49,21,70
49,73,122
29,55,84
64,93,157
12,94,106
57,90,147
54,10,64
43,32,75
28,28,56
54,15,69
43,92,135
19,51,70
45,55,100
59,59,118
16,49,65
74,74,148
59,67,126
33,43,76
62,94,156
63,84,147
10,91,101
16,71,87
16,45,61
23,57,80
73,15,88
31,66,97
69,87,156
29,28,57
86,55,141
40,71,111
43,18,61
100,36,136
78,88,166
48,74,122
83,45,128
95,70,165
49,78,127
53,13,66
35,83,118
40,58,98
66,80,146
30,12,42
15,92,107
57,14,71
14,99,113
75,15,90
28,9,37
51,26,77
45,91,136
66,86,152
8,18,26
56,46,102
33,98,131
86,13,99
21,72,93
81,79,160
34,22,56
15,22,37
41,26,67
31,7,38
62,45,107
41,53,94
15,90,105
28,67,95
87,10,97
19,94,113
67,80,147
18,95,113
82,40,122
57,31,88
86,73,159
35,27,62
37,38,75
12,41,53
56,84,140
35,9,44
33,49,82
52,71,123
98,97,195
73,60,133
64,91,155
88,24,112
70,47,117
27,82,109
12,38,50
42,50,92
74,73,147
38,21,59
86,9,95
39,52,91
22,56,78
72,38,110
92,56,148
41,73,114
12,25,37
43,7,50
83,61,144
72,64,136
18,34,52
91,19,110
93,12,105
28,58,86
19,59,78
84,19,103
70,16,86
13,98,111
75,65,140
46,8,54
45,43,88
53,30,83
45,45,90
48,98,146
79,76,155
55,80,135
11,98,109
10,50,60
48,78,126
82,9,91
83,77,160
28,54,82
87,35,122
74,32,106
21,76,97
20,57,77
27,40,67
54,53,107
97,83,180
75,39,114
81,35,116
30,9,39
58,10,68
42,41,83
13,50,63
66,39,105
28,80,108
66,14,80
93,68,161
64,95,159
10,86,96
74,30,104
97,90,187
40,39,79
100,89,189
10,70,80
8,63,71
25,13,38
94,58,152
57,62,119
58,81,139
43,36,79
40,95,135
100,20,120
9,22,31
67,25,92
25,51,76
93,74,167
38,94,132
83,56,139
67,37,104
13,79,92
60,11,71
14,91,105
11,13,24
20,64,84
69,93,162
72,24,96
28,16,44
20,43,63
97,69,166
14,7,21
49,69,118
98,12,110
27,34,61
21,58,79
95,37,132
77,59,136
68,95,163
91,69,160
47,23,70
64,46,110
10,80,90
23,24,47
83,30,113
83,28,111
88,26,114
49,44,93
46,25,71
30,25,55
47,98,145
68,11,79
40,62,102
65,68,133
46,86,132
8,83,91
32,57,89
27,12,39
87,80,167
37,40,77
38,22,60
77,32,109
10,67,77
95,7,102
57,47,104
52,76,128
88,54,142
71,50,121
72,16,88
85,52,137
31,48,79
29,88,117
98,9,107
72,85,157
22,59,81
20,45,65
31,85,116
44,71,115
24,12,36
39,39,78
50,91,141
55,41,96
61,27,88
92,14,106
69,36,105
84,32,116
11,46,57
34,7,41
17,64,81
93,38,131
81,77,158
21,62,83
56,70,126
95,59,154
100,33,133
49,50,99
41,48,89
53,13,66
60,15,75
96,67,163
68,81,149
8,11,19
12,22,34
61,23,84
40,25,65
95,14,109
86,53,139
93,91,184
41,38,79
53,93,146
99,90,189
49,51,100
40,87,127
52,37,89
96,15,111
85,21,106
16,80,96
52,25,77
18,86,104
27,98,125
57,38,95
91,71,162
56,34,90
88,59,147
97,66,163
41,66,107
14,92,106
55,25,80
20,59,79
80,88,168
84,44,128
26,43,69
36,85,121
93,86,179
69,41,110
28,78,106
65,33,98
91,23,114
51,27,78
93,40,133
45,95,140
48,32,80
56,94,150
13,79,92
33,13,46
25,65,90
100,63,163
90,60,150
93,18,111
88,53,141
97,84,181
26,8,34
15,29,44
68,31,99
94,94,188
21,95,116
70,66,136
21,73,94
25,40,65
16,20,36
49,32,81
77,43,120
38,30,68
73,44,117
97,32,129
60,94,154
55,12,67
77,82,159
14,15,29
69,97,166
13,7,20
22,27,49
12,9,21
54,21,75
10,48,58
38,25,63
82,24,106
54,71,125
56,85,141
13,94,107
100,28,128
94,64,158
11,30,41
99,24,123
91,30,121
49,66,115
60,33,93
42,44,86
62,84,146
93,59,152
80,54,134
83,71,154
41,73,114
16,27,43
28,51,79
67,19,86
67,59,126
86,17,103
74,36,110
59,90,149
53,36,89
28,13,41
29,50,79
97,88,185
19,59,78
66,100,166
8,25,33
42,58,100
56,96,152
51,71,122
33,42,75
33,83,116
34,93,127
31,94,125
83,76,159
54,67,121
27,36,63
22,10,32
68,39,107
34,89,123
22,32,54
99,86,185
10,42,52
33,75,108
47,25,72
52,8,60
60,26,86
80,75,155
11,76,87
70,32,102
18,45,63
65,95,160
34,72,106
68,23,91
48,57,105
85,100,185
84,43,127
100,58,158
7,30,37
86,63,149
95,17,112
50,30,80
13,49,62
45,72,117
85,39,124
42,68,110
42,71,113
43,91,134
37,13,50
19,42,61
92,55,147
57,36,93
8,41,49
72,40,112
30,19,49
33,76,109
55,73,128
80,79,159
24,26,50
42,98,140
66,95,161
52,26,78
83,90,173
81,100,181
74,23,97
52,18,70
41,30,71
69,42,111
19,72,91
32,22,54
62,65,127
84,46,130
65,63,128
12,48,60
8,40,48
68,32,100
55,82,137
91,70,161
14,64,78
98,49,147
49,13,62
17,45,62
69,57,126
92,13,105
22,95,117
86,75,161
52,58,110
38,13,51
18,10,28
9,53,62
48,22,70
72,19,91
84,78,162
58,46,104
74,75,149
20,89,109
47,92,139
28,75,103
93,62,155
17,26,43
11,32,43
74,44,118
98,63,161
74,64,138
33,10,43
72,26,98
20,11,31
79,28,107
100,18,118
18,59,77
61,78,139
7,65,72
80,73,153
29,32,61
54,57,111
36,26,62
66,82,148
25,61,86
36,92,128
17,53,70
27,91,118
23,75,98
91,99,190
28,55,83
53,68,121
20,13,33
42,54,96
94,91,185
13,17,30
53,26,79
78,31,109
16,50,66
8,58,66
88,42,130
70,31,101
23,96,119
12,74,86
17,56,73
52,84,136
69,84,153
100,8,108
51,60,111
39,88,127
99,60,159
49,29,78
17,35,52
34,45,79
52,32,84
83,23,106
97,85,182
88,38,126
25,96,121
98,13,111
46,75,121
32,60,92
97,88,185
91,38,129
89,40,129
56,33,89
63,87,150
93,32,125
75,28,103
37,80,117
49,77,126
73,14,87
53,64,117
76,11,87
76,35,111
62,21,83
75,31,106
27,87,114
55,38,93
49,74,123
59,54,113
68,48,116
34,72,106
51,22,73
82,54,136
61,84,145
9,15,24
80,59,139
76,63,139
73,75,148
100,21,121
37,48,85
64,95,159
45,40,85
75,40,115
26,72,98
19,97,116
70,77,147
35,48,83
75,45,120
41,39,80
22,42,64
18,50,68
94,30,124
43,64,107
32,60,92
24,89,113
73,99,172
72,69,141
27,99,126
81,36,117
96,39,135
100,12,112
18,30,48
53,89,142
52,42,94
80,68,148
22,59,81
7,46,53
12,76,88
80,38,118
69,52,121
22,21,43
65,90,155
93,24,117
65,32,97
30,65,95
14,17,31
69,97,166
39,52,91
13,67,80
47,64,111
61,35,96
12,89,101
32,21,53
12,71,83
75,68,143
51,38,89
48,14,62
42,93,135
25,46,71
47,60,107
27,8,35
58,45,103
89,19,108
87,32,119
8,34,42
82,20,102
51,68,119
63,38,101
53,31,84
30,50,80
22,57,79
65,45,110
98,74,172
19,82,101
50,38,88
94,93,187
28,94,122
24,48,72
99,81,180
53,46,99
27,81,108
19,32,51
21,9,30
77,81,158
82,84,166
23,53,76
32,52,84
11,35,46
28,22,50
8,43,51
73,67,140
12,78,90
33,95,128
62,94,156
34,44,78
93,61,154
13,67,80
89,93,182
25,27,52
61,41,102
40,21,61
56,86,142
44,38,82
73,45,118
14,43,57
46,84,130
69,17,86
59,44,103
13,43,56
28,59,87
91,90,181
74,42,116
27,94,121
87,69,156
62,33,95
46,97,143
15,91,106
24,62,86
23,75,98
57,79,136
10,26,36
39,48,87
61,71,132
8,97,105
84,68,152
95,57,152
50,77,127
25,27,52
18,100,118
33,77,110
8,34,42
23,19,42
24,30,54
73,73,146
23,64,87
86,19,105
87,26,113
17,9,26
30,64,94
47,92,139
9,93,102
63,29,92
68,55,123
94,12,106
12,32,44
18,61,79
99,33,132
36,34,70
54,55,109
27,62,89
68,26,94
84,32,116
85,8,93
61,70,131
87,49,136
45,31,76
35,80,115
81,97,178
79,38,117
34,8,42
19,10,29
13,12,25
48,65,113
33,56,89
63,64,127
60,15,75
20,51,71
30,35,65
79,38,117
50,62,112
16,35,51
50,91,141
99,65,164
67,27,94
50,83,133
45,79,124
15,36,51
14,41,55
49,45,94
53,54,107
65,93,158
19,80,99
27,13,40
96,13,109
82,76,158
86,59,145
13,93,106
37,42,79
29,14,43
39,60,99
77,82,159
27,31,58
40,94,134
75,21,96
42,31,73
42,13,55
96,7,103
7,16,23
7,88,95
97,11,108
36,18,54
87,66,153
33,43,76
93,88,181
22,61,83
90,91,181
41,21,62
64,92,156
97,23,120
33,18,51
69,74,143
99,97,196
10,64,74
57,98,155
62,13,75
20,19,39
90,43,133
62,72,134
83,11,94
50,68,118
51,26,77
71,95,166
95,70,165
82,23,105
97,11,108
25,87,112
92,79,171
79,88,167
63,57,120
87,25,112
31,57,88
82,80,162
62,78,140
20,79,99
55,45,100
96,88,184
96,77,173
48,37,85
24,14,38
58,7,65
98,76,174
97,19,116
54,31,85
100,80,180
69,22,91
9,74,83
69,18,87
57,55,112
8,58,66
70,60,130
68,49,117
94,21,115
94,25,119
88,81,169
58,74,132
21,60,81
75,38,113
78,82,160
45,78,123
74,25,99
61,14,75
23,57,80
51,93,144
18,70,88
8,97,105
84,61,145
32,44,76
82,98,180
27,80,107
34,97,131
65,57,122
71,89,160
25,30,55
85,76,161
78,60,138
80,69,149
12,30,42
97,99,196
7,94,101
75,35,110
39,39,78
73,55,128
27,16,43
10,43,53
98,86,184
51,73,124
54,45,99
63,24,87
24,7,31
24,75,99
60,79,139
33,9,42
70,26,96
70,28,98
18,100,118
58,20,78
10,74,84
28,45,73
51,61,112
45,41,86
62,23,85
59,90,149
53,68,121
46,92,138
83,91,174
53,7,60
41,74,115
80,22,102
56,38,94
19,57,76
67,76,143
72,37,109
73,69,142
69,97,166
84,94,178
85,93,178
61,40,101
50,29,79
74,18,92
41,89,130
20,17,37
67,82,149
92,47,139
39,12,51
43,96,139
7,80,87
41,32,73
28,26,54
71,51,122
93,28,121
59,99,158
84,44,128
50,28,78
19,88,107
33,86,119
91,52,143
37,93,130
54,75,129
64,41,105
92,68,160
63,80,143
60,25,85
54,55,109
69,16,85
84,47,131
60,80,140
33,91,124
67,81,148
47,35,82
55,69,124
87,9,96
35,36,71
57,17,74
14,90,104
8,94,102
68,61,129
73,27,100
85,84,169
40,58,98
48,10,58
36,97,133
48,92,140
86,89,175
10,49,59
42,76,118
85,46,131
50,54,104
66,88,154
49,97,146
70,23,93
95,16,111
73,19,92
95,69,164
30,95,125
28,41,69
33,35,68
97,15,112
17,70,87
27,83,110
57,100,157
45,69,114
59,44,103
75,35,110
49,58,107
56,52,108
75,75,150
79,16,95
90,66,156
54,87,141
14,74,88
11,28,39
33,67,100
83,23,106
54,84,138
10,50,60
21,9,30
60,73,133
48,57,105
79,47,126
23,45,68
35,34,69
76,24,100
69,9,78
7,22,29
23,99,122
72,70,142
57,24,81
76,73,149
17,38,55
51,70,121
36,84,120
17,60,77
89,64,153
80,92,172
83,49,132
47,72,119
42,90,132
45,55,100
87,45,132
42,85,127
92,52,144
21,57,78
67,27,94
100,94,194
96,72,168
81,13,94
57,47,104
92,13,105
76,64,140
23,41,64
82,12,94
73,21,94
21,13,34
31,100,131
7,74,81
15,11,26
12,57,69
75,86,161
86,21,107
92,27,119
16,60,76
30,38,68
61,26,87
58,52,110
75,93,168
74,93,167
78,14,92
77,49,126
46,11,57
50,25,75
98,37,135
94,87,181
33,54,87
75,80,155
82,73,155
71,61,132
87,8,95
30,21,51
7,78,85
78,29,107
98,77,175
31,48,79
11,86,97
99,24,123
96,53,149
36,96,132
48,8,56
98,15,113
65,92,157
61,11,72
86,62,148
42,72,114
21,56,77
67,98,165
88,68,156
70,37,107
90,23,113
51,86,137
12,95,107
46,77,123
48,13,61
72,9,81
14,71,85
17,95,112
43,61,104
18,79,97
47,60,107
18,90,108
100,35,135
54,88,142
25,56,81
78,70,148
23,47,70
32,18,50
41,99,140
76,79,155
61,38,99
40,100,140
65,50,115
43,29,72
54,17,71
29,96,125
86,82,168
42,56,98
25,70,95
13,46,59
92,88,180
99,22,121
54,9,63
26,45,71
86,39,125
93,15,108
86,69,155
30,44,74
84,50,134
8,27,35
80,66,146
97,63,160
73,24,97
13,32,45
77,26,103
45,42,87
68,51,119
49,64,113
87,21,108
16,98,114
18,65,83
71,20,91
49,82,131
27,40,67
21,57,78
49,9,58
8,44,52
54,67,121
95,34,129
82,72,154
72,79,151
23,78,101
40,67,107
37,73,110
53,99,152
47,11,58
46,40,86
42,13,55
58,28,86
39,92,131
46,37,83
33,15,48
84,22,106
10,98,108
19,93,112
53,32,85
36,16,52
20,95,115
58,19,77
54,66,120
56,13,69
9,45,54
42,63,105
32,35,67
18,28,46
96,89,185
19,86,105
78,96,174
81,20,101
64,63,127
78,92,170
14,53,67
20,62,82
13,84,97
9,19,28
47,82,129
52,25,77
63,24,87
16,25,41
27,26,53
57,95,152
61,57,118
88,13,101
34,25,59
8,48,56
63,48,111
75,72,147
29,43,72
77,94,171
20,82,102
43,89,132
93,65,158
14,100,114
45,84,129
31,100,131
29,54,83
31,24,55
31,74,105
23,60,83
94,44,138
16,79,95
39,28,67
11,86,97
82,41,123
84,12,96
69,58,127
46,23,69
8,40,48
35,92,127
98,70,168
72,20,92
56,95,151
73,36,109
89,15,104
75,43,118
58,53,111
11,90,101
35,17,52
82,89,171
26,55,81
71,20,91
50,38,88
39,31,70
90,17,107
21,66,87
10,94,104
36,73,109
95,75,170
39,43,82
99,9,108
55,100,155
15,27,42
12,16,28
67,58,125
91,86,177
99,57,156
40,70,110
45,23,68
78,31,109
20,30,50
55,81,136
25,92,117
8,67,75
13,18,31
93,65,158
61,64,125
10,30,40
15,32,47
18,27,45
79,97,176
70,61,131
71,43,114
16,14,30
50,52,102
75,24,99
80,38,118
63,24,87
13,30,43
97,79,176
22,79,101
100,73,173
20,25,45
40,47,87
68,70,138
35,27,62
38,42,80
35,60,95
48,91,139
96,98,194
97,65,162
82,50,132
66,54,120
78,35,113
53,93,146
72,97,169
88,81,169
84,45,129
34,41,75
55,98,153
54,88,142
22,15,37
93,47,140
25,7,32
82,27,109
79,37,116
84,100,184
57,7,64
12,62,74
9,72,81
18,8,26
83,14,97
32,30,62
74,67,141
92,39,131
50,81,131
69,18,87
12,54,66
95,45,140
100,60,160
50,28,78
13,21,34
66,99,165
96,14,110
90,13,103
68,80,148
42,44,86
50,19,69
59,40,99
76,73,149
29,63,92
49,98,147
56,87,143
42,79,121
83,55,138
25,10,35
66,26,92
32,41,73
34,83,117
97,84,181
57,16,73
56,37,93
73,75,148
50,56,106
63,48,111
60,41,101
10,52,62
77,35,112
44,81,125
37,62,99
86,84,170
25,17,42
83,88,171
45,72,117
20,16,36
72,12,84
89,48,137
91,58,149
63,37,100
79,63,142
69,56,125
37,35,72
94,44,138
11,40,51
37,58,95
55,31,86
17,15,32
17,71,88
60,97,157
21,27,48
87,51,138
14,36,50
25,40,65
27,8,35
80,36,116
50,89,139
35,17,52
51,77,128
34,52,86
20,34,54
62,77,139
99,72,171
31,7,38
86,87,173
93,39,132
38,54,92
64,24,88
63,83,146
92,35,127
81,42,123
56,56,112
32,54,86
93,37,130
61,19,80
50,29,79
88,65,153
91,69,160
67,79,146
41,33,74
49,39,88
68,69,137
47,92,139
16,63,79
40,31,71
21,48,69
17,95,112
27,55,82
57,46,103
95,87,182
91,90,181
82,82,164
80,43,123
55,77,132
18,74,92
80,40,120
39,71,110
92,16,108
40,85,125
57,18,75
60,83,143
51,37,88
36,47,83
61,82,143
38,39,77
42,72,114
26,76,102
74,45,119
65,93,158
22,43,65
43,42,85
54,68,122
24,43,67
45,97,142
63,15,78
64,60,124
99,58,157
48,70,118
58,87,145
49,18,67
73,27,100
9,99,108
56,80,136
11,20,31
84,49,133
45,9,54
56,84,140
11,97,108
34,51,85
61,39,100
10,34,44
89,62,151
23,38,61
79,94,173
10,17,27
51,62,113
41,10,51
63,25,88
81,34,115
94,37,131
96,9,105
46,53,99
100,26,126
83,43,126
50,27,77
18,84,102
54,65,119
93,64,157
93,78,171
13,12,25
67,90,157
31,30,61
11,65,76
19,36,55
65,7,72
98,68,166
46,47,93
51,43,94
83,45,128
33,89,122
93,36,129
50,71,121
48,46,94
24,62,86
65,18,83
49,15,64
47,10,57
47,78,125
44,44,88
89,21,110
93,74,167
85,81,166
41,63,104
47,87,134
35,57,92
10,18,28
86,94,180
36,19,55
55,79,134
97,36,133
96,50,146
41,72,113
39,62,101
35,52,87
38,24,62
13,96,109
14,40,54
60,67,127
12,64,76
33,50,83
87,93,180
58,27,85
62,68,130
93,67,160
45,84,129
9,78,87
96,58,154
83,64,147
71,13,84
19,95,114
36,25,61
45,81,126
39,42,81
68,48,116
50,38,88
46,39,85
80,79,159
32,55,87
58,69,127
42,86,128
54,13,67
27,69,96
13,91,104
58,34,92
45,55,100
54,71,125
7,69,76
64,47,111
88,87,175
95,33,128
68,49,117
14,91,105
54,10,64
63,71,134
69,40,109
54,57,111
16,25,41
77,83,160
48,26,74
46,93,139
79,65,144
87,66,153
54,30,84
59,11,70
65,100,165
35,83,118
13,55,68
41,17,58
71,18,89
18,8,26
10,38,48
23,19,42
19,29,48
74,7,81
91,61,152
75,64,139
34,47,81
87,65,152
90,35,125
69,62,131
63,74,137
7,33,40
69,99,168
79,9,88
28,36,64
96,90,186
55,19,74
40,8,48
27,36,63
91,64,155
64,81,145
23,37,60
75,97,172
43,25,68
20,54,74
94,64,158
81,61,142
80,39,119
48,35,83
38,12,50
58,8,66
98,97,195
85,61,146
84,31,115
92,7,99
9,46,55
74,71,145
90,52,142
25,97,122
79,49,128
86,74,160
86,10,96
76,89,165
73,50,123
59,64,123
83,25,108
37,12,49
70,31,101
97,51,148
16,35,51
32,40,72
42,16,58
13,98,111
65,52,117
83,23,106
33,79,112
77,82,159
69,94,163
35,53,88
27,87,114
56,40,96
16,67,83
53,47,100
42,22,64
51,73,124
56,48,104
74,14,88
13,53,66
39,56,95
24,47,71
88,22,110
97,10,107
66,73,139
33,72,105
66,63,129
92,26,118
94,52,146
59,87,146
55,43,98
70,42,112
16,90,106
11,83,94
79,13,92
34,59,93
65,64,129
44,56,100
47,96,143
38,71,109
9,51,60
37,22,59
33,50,83
36,43,79
63,73,136
11,47,58
77,63,140
74,36,110
37,40,77
67,50,117
66,94,160
77,75,152
100,68,168
62,100,162
73,54,127
80,92,172
46,95,141
8,60,68
85,75,160
86,61,147
36,31,67
9,46,55
75,81,156
86,100,186
74,66,140
38,7,45
45,50,95
85,9,94
25,57,82
18,94,112
11,57,68
43,80,123
81,65,146
47,14,61
19,73,92
90,54,144
7,52,59
91,80,171
59,82,141
79,15,94
94,91,185
65,90,155
78,62,140
100,70,170
71,98,169
96,86,182
74,15,89
71,100,171
97,26,123
86,11,97
14,43,57
71,87,158
57,40,97
94,32,126
38,15,53
27,40,67
100,38,138
88,27,115
29,20,49
31,98,129
25,64,89
77,24,101
71,64,135
14,12,26
96,72,168
7,57,64
49,42,91
72,86,158
10,87,97
97,14,111
8,94,102
14,63,77
69,66,135
40,69,109
29,97,126
98,39,137
58,26,84
9,94,103
94,92,186
39,13,52
75,98,173
68,34,102
66,47,113
77,25,102
84,16,100
67,51,118
84,16,100
9,13,22
30,98,128
16,64,80
89,41,130
86,15,101
78,46,124
55,51,106
55,76,131
89,67,156
55,93,148
18,25,43
52,7,59
43,19,62
55,44,99
77,72,149
47,38,85
27,84,111
91,35,126
20,44,64
67,12,79
59,15,74
70,73,143
38,35,73
61,100,161
26,23,49
56,11,67
29,32,61
52,47,99
71,95,166
53,64,117
57,17,74
36,66,102
28,20,48
59,90,149
92,78,170
95,90,185
90,8,98
46,59,105
88,64,152
15,13,28
25,36,61
58,29,87
67,16,83
45,100,145
14,95,109
84,57,141
92,41,133
27,26,53
21,86,107
87,53,140
29,65,94
93,65,158
10,37,47
8,16,24
29,37,66
23,52,75
100,7,107
61,20,81
74,47,121
95,96,191
23,89,112
37,93,130
86,12,98
11,95,106
85,18,103
27,23,50
33,35,68
73,61,134
94,17,111
56,67,123
26,76,102
56,24,80
64,57,121
13,93,106
43,76,119
90,32,122
74,19,93
63,84,147
95,80,175
54,64,118
38,62,100
63,84,147
17,94,111
47,36,83
64,79,143
26,62,88
52,91,143
17,73,90
59,43,102
18,10,28
33,83,116
38,27,65
12,23,35
76,9,85
66,98,164
73,100,173
82,49,131
96,24,120
59,18,77
25,71,96
97,62,159
71,62,133
92,9,101
72,56,128
12,95,107
18,29,47
26,13,39
89,77,166
47,57,104
24,83,107
99,75,174
57,10,67
35,12,47
17,58,75
7,32,39
28,95,123
95,17,112
33,9,42
34,88,122
61,50,111
40,38,78
29,83,112
37,13,50
93,24,117
57,68,125
17,47,64
14,62,76
25,54,79
32,14,46
45,83,128
10,34,44
73,60,133
13,52,65
70,88,158
15,79,94
57,19,76
97,64,161
45,29,74
90,96,186
19,45,64
20,13,33
45,11,56
44,9,53
55,55,110
100,99,199
70,29,99
23,77,100
76,97,173
10,41,51
97,97,194
82,8,90
82,97,179
99,42,141
33,40,73
61,95,156
31,48,79
54,40,94
30,80,110
32,22,54
95,7,102
29,40,69
47,62,109
87,77,164
59,92,151
59,72,131
91,20,111
97,9,106
13,36,49
13,72,85
78,35,113
80,8,88
78,98,176
47,9,56
18,83,101
50,27,77
69,12,81
75,15,90
57,10,67
67,46,113
91,32,123
89,65,154
29,36,65
90,35,125
15,66,81
84,96,180
76,31,107
85,29,114
25,93,118
28,74,102
30,9,39
46,7,53
37,59,96
72,61,133
71,10,81
36,85,121
7,97,104
80,12,92
83,89,172
94,89,183
78,29,107
60,53,113
89,83,172
50,82,132
59,14,73
71,52,123
28,72,100
70,82,152
60,68,128
53,87,140
83,38,121
14,66,80
29,21,50
68,89,157
43,29,72
87,29,116
49,61,110
51,28,79
21,88,109
12,8,20
29,92,121
77,85,162
77,81,158
40,62,102
30,72,102
47,98,145
88,43,131
71,89,160
71,54,125
50,76,126
31,19,50
98,55,153
96,29,125
46,43,89
27,79,106
82,79,161
38,73,111
36,55,91
36,75,111
62,41,103
66,9,75
8,95,103
59,68,127
22,43,65
26,82,108
16,26,42
54,36,90
74,25,99
33,83,116
13,93,106
97,89,186
60,46,106
96,41,137
22,70,92
78,57,135
96,89,185
43,46,89
43,39,82
64,90,154
77,34,111
75,74,149
45,62,107
100,51,151
25,44,69
68,97,165
53,63,116
19,19,38
71,78,149
39,76,115
77,40,117
61,7,68
35,40,75
89,11,100
45,18,63
30,30,60
67,18,85
24,54,78
63,83,146
49,41,90
21,46,67
14,18,32
78,73,151
49,84,133
72,51,123
54,80,134
39,92,131
78,85,163
88,50,138
80,39,119
30,89,119
72,82,154
31,40,71
7,43,50
12,72,84
23,16,39
21,91,112
32,60,92
98,18,116
7,79,86
29,26,55
16,55,71
77,79,156
57,67,124
52,87,139
35,32,67
20,38,58
68,34,102
36,42,78
97,78,175
28,65,93
25,54,79
61,34,95
90,59,149
73,73,146
99,16,115
81,95,176
17,99,116
42,8,50
17,11,28
60,32,92
10,41,51
22,21,43
86,88,174
71,37,108
69,85,154
66,53,119
46,27,73
51,8,59
56,68,124
36,7,43
54,25,79
100,89,189
89,19,108
99,63,162
68,64,132
88,52,140
84,26,110
91,43,134
90,9,99
87,36,123
41,61,102
36,17,53
62,70,132
45,83,128
39,93,132
69,93,162
7,74,81
70,95,165
56,100,156
27,43,70
93,76,169
13,68,81
68,59,127
78,72,150
27,82,109
45,64,109
34,56,90
50,14,64
10,34,44
20,52,72
71,92,163
99,71,170
11,81,92
41,54,95
33,9,42
29,13,42
7,37,44
59,78,137
19,42,61
53,81,134
49,85,134
36,33,69
27,76,103
23,85,108
13,65,78
58,22,80
55,19,74
55,19,74
74,94,168
37,21,58
48,41,89
86,21,107
72,60,132
59,7,66
97,60,157
54,24,78
28,73,101
100,10,110
30,21,51
97,31,128
64,50,114
51,59,110
100,9,109
20,59,79
40,60,100
82,28,110
74,94,168
87,91,178
56,42,98
41,23,64
37,14,51
57,59,116
20,56,76
86,93,179
87,35,122
99,63,162
57,34,91
14,30,44
34,80,114
10,64,74
94,34,128
92,42,134
69,93,162
48,81,129
38,96,134
51,15,66
13,96,109
25,50,75
66,40,106
94,7,101
89,76,165
72,10,82
77,28,105
61,95,156
91,51,142
18,27,45
45,74,119
47,11,58
40,55,95
60,80,140
17,23,40
62,71,133
65,45,110
44,53,97
9,28,37
50,59,109
20,53,73
73,37,110
83,84,167
70,97,167
16,22,38
70,84,154
27,13,40
53,16,69
14,98,112
100,51,151
88,96,184
62,76,138
84,79,163
17,57,74
48,76,124
56,50,106
55,13,68
25,79,104
59,26,85
36,95,131
14,86,100
97,70,167
91,49,140
20,84,104
89,53,142
71,40,111
61,91,152
38,19,57
78,70,148
8,77,85
48,96,144
14,79,93
65,64,129
18,88,106
24,14,38
86,11,97
61,99,160
29,94,123
96,99,195
58,22,80
52,85,137
91,74,165
52,16,68
37,47,84
88,31,119
9,7,16
77,11,88
77,50,127
65,69,134
43,79,122
45,82,127
63,40,103
28,38,66
23,21,44
64,61,125
44,68,112
67,8,75
8,93,101
96,66,162
67,17,84
39,27,66
20,85,105
61,86,147
75,44,119
38,64,102
11,17,28
14,23,37
71,34,105
9,44,53
64,78,142
28,68,96
43,14,57
52,52,104
45,30,75
75,95,170
8,81,89
93,84,177
15,80,95
28,91,119
25,26,51
92,82,174
95,31,126
29,7,36
9,7,16
87,13,100
49,16,65
35,32,67
83,35,118
56,15,71
87,82,169
67,48,115
18,26,44
100,12,112
55,33,88
59,49,108
89,96,185
67,73,140
54,45,99
25,41,66
29,44,73
23,97,120
67,59,126
20,19,39
48,83,131
9,69,78
8,34,42
79,37,116
31,55,86
21,33,54
83,87,170
64,33,97
24,24,48
13,30,43
94,18,112
71,74,145
54,57,111
26,17,43
80,74,154
28,14,42
30,43,73
52,35,87
85,14,99
53,76,129
25,24,49
76,49,125
19,43,62
13,32,45
18,81,99
95,95,190
11,96,107
81,73,154
53,71,124
16,88,104
63,8,71
32,70,102
15,76,91
81,21,102
7,41,48
34,61,95
19,63,82
19,77,96
21,16,37
39,52,91
78,65,143
71,70,141
68,94,162
90,19,109
25,64,89
20,67,87
76,84,160
44,79,123
78,74,152
91,88,179
99,50,149
31,20,51
72,41,113
12,10,22
85,95,180
64,39,103
8,96,104
70,48,118
77,74,151
81,77,158
11,93,104
44,16,60
59,11,70
91,68,159
76,65,141
67,80,147
74,86,160
16,14,30
49,16,65
92,96,188
45,43,88
77,42,119
76,82,158
88,97,185
64,20,84
9,47,56
72,16,88
50,92,142
58,12,70
38,29,67
58,88,146
29,75,104
72,80,152
94,39,133
100,75,175
25,38,63
18,63,81
77,35,112
35,46,81
100,41,141
98,46,144
90,58,148
24,69,93
32,34,66
53,11,64
67,11,78
50,88,138
62,80,142
20,92,112
45,7,52
100,81,181
20,93,113
50,78,128
100,97,197
46,90,136
29,37,66
12,71,83
61,68,129
55,9,64
9,58,67
72,92,164
77,58,135
53,56,109
8,29,37
68,45,113
84,75,159
55,76,131
72,68,140
50,56,106
40,23,63
56,81,137
62,100,162
18,64,82
50,41,91
89,73,162
75,86,161
94,52,146
12,100,112
82,49,131
25,20,45
33,54,87
15,17,32
13,13,26
27,77,104
20,48,68
97,93,190
64,51,115
41,69,110
17,38,55
39,16,55
7,28,35
64,97,161
48,68,116
28,69,97
82,21,103
40,96,136
95,37,132
80,57,137
84,55,139
69,51,120
61,18,79
30,12,42
58,63,121
35,16,51
76,41,117
95,77,172
29,52,81
18,35,53
99,57,156
37,48,85
66,76,142
76,47,123
17,87,104
68,96,164
89,28,117
92,67,159
64,9,73
71,16,87
94,41,135
8,31,39
14,14,28
11,85,96
56,64,120
56,99,155
51,76,127
11,14,25
14,12,26
97,59,156
48,38,86
74,66,140
68,61,129
26,84,110
74,25,99
55,33,88
89,29,118
36,60,96
24,32,56
93,21,114
29,88,117
67,43,110
15,78,93
80,90,170
46,92,138
17,16,33
60,38,98
69,27,96
64,61,125
18,70,88
31,88,119
26,18,44
99,44,143
89,78,167
86,50,136
93,29,122
11,28,39
84,95,179
63,65,128
76,86,162
79,34,113
58,19,77
12,60,72
33,90,123
40,63,103
41,25,66
32,21,53
37,55,92
25,68,93
60,44,104
48,14,62
71,30,101
77,13,90
90,14,104
60,82,142
51,50,101
74,100,174
43,7,50
20,45,65
68,58,126
19,41,60
55,62,117
71,13,84
88,43,131
68,64,132
99,100,199
93,90,183
20,10,30
84,53,137
51,23,74
49,27,76
79,75,154
79,63,142
26,68,94
77,57,134
64,91,155
9,70,79
76,90,166
95,31,126
25,31,56
53,35,88
19,51,70
73,32,105
58,20,78
10,10,20
81,11,92
96,54,150
72,93,165
95,74,169
17,34,51
97,24,121
62,56,118
20,43,63
51,68,119
83,69,152
57,59,116
50,42,92
74,10,84
19,29,48
82,46,128
69,48,117
26,48,74
12,42,54
20,8,28
94,95,189
88,91,179
98,97,195
43,67,110
62,23,85
68,39,107
59,55,114
19,78,97
79,59,138
34,91,125
85,69,154
63,68,131
14,37,51
8,93,101
67,54,121
87,87,174
66,24,90
53,68,121
98,78,176
64,73,137
59,26,85
78,34,112
38,36,74
92,95,187
79,84,163
85,7,92
41,52,93
54,16,70
27,77,104
69,82,151
23,22,45
66,61,127
30,59,89
44,77,121
30,65,95
96,70,166
62,61,123
67,99,166
49,92,141
26,52,78
75,56,131
84,79,163
68,63,131
29,18,47
69,12,81
86,90,176
100,12,112
41,57,98
82,35,117
83,37,120
72,39,111
39,28,67
76,17,93
63,7,70
20,29,49
82,82,164
44,43,87
29,57,86
73,11,84
96,19,115
40,92,132
85,43,128
100,72,172
48,31,79
16,34,50
78,22,100
83,52,135
30,8,38
66,92,158
45,16,61
87,63,150
10,86,96
28,35,63
30,32,62
40,35,75
96,85,181
82,99,181
91,15,106
22,55,77
71,46,117
87,82,169
47,50,97
90,43,133
44,62,106
61,39,100
56,74,130
22,46,68
14,92,106
48,69,117
53,66,119
95,85,180
22,52,74
39,92,131
70,92,162
49,77,126
12,71,83
100,85,185
31,99,130
8,25,33
45,90,135
70,65,135
14,31,45
58,73,131
44,53,97
43,13,56
32,93,125
88,17,105
99,19,118
81,23,104
47,45,92
14,9,23
44,88,132
50,17,67
64,17,81
84,96,180
97,42,139
13,63,76
29,82,111
62,59,121
44,12,56
49,51,100
87,87,174
41,37,78
69,45,114
93,23,116
79,9,88
70,47,117
52,31,83
31,75,106
60,80,140
53,22,75
75,49,124
14,31,45
51,53,104
40,94,134
89,11,100
98,23,121
67,12,79
66,32,98
22,80,102
45,62,107
62,72,134
23,47,70
35,41,76
89,94,183
19,74,93
29,30,59
24,39,63
19,74,93
63,92,155
62,43,105
55,93,148
86,35,121
56,13,69
20,66,86
92,98,190
28,10,38
97,35,132
99,35,134
60,23,83
20,75,95
84,67,151
32,73,105
71,63,134
97,56,153
53,53,106
90,73,163
95,96,191
58,15,73
10,51,61
97,61,158
22,86,108
64,75,139
54,63,117
15,76,91
37,25,62
92,45,137
94,48,142
87,36,123
96,31,127
59,50,109
84,86,170
32,84,116
88,7,95
22,97,119
64,84,148
8,93,101
93,93,186
45,51,96
85,47,132
75,32,107
86,80,166
68,32,100
66,73,139
57,37,94
22,100,122
95,73,168
77,96,173
47,33,80
35,11,46
16,34,50
86,33,119
67,21,88
76,34,110
35,75,110
88,80,168
30,97,127
84,71,155
24,90,114
34,32,66
93,87,180
64,59,123
26,78,104
53,62,115
18,87,105
57,27,84
55,63,118
10,90,100
74,13,87
94,78,172
44,37,81
28,50,78
71,19,90
76,35,111
52,75,127
35,81,116
53,79,132
48,23,71
57,39,96
58,11,69
97,37,134
48,82,130
74,70,144
19,82,101
71,42,113
50,39,89
67,88,155
15,56,71
54,86,140
53,76,129
96,84,180
99,23,122
45,29,74
74,39,113
24,14,38
36,69,105
18,16,34
54,88,142
14,61,75
24,11,35
44,19,63
70,61,131
94,49,143
80,38,118
32,79,111
7,36,43
89,92,181
86,30,116
66,40,106
97,57,154
58,63,121
37,79,116
84,85,169
32,87,119
39,87,126
88,48,136
71,80,151
27,23,50
57,57,114
62,21,83
44,40,84
67,27,94
70,40,110
55,88,143
48,87,135
77,22,99
38,46,84
16,65,81
83,7,90
68,23,91
69,65,134
79,52,131
69,19,88
16,13,29
32,84,116
30,20,50
89,19,108
58,7,65
81,24,105
19,76,95
100,100,200
36,99,135
65,75,140
32,87,119
45,30,75
78,46,124
76,46,122
45,46,91
77,33,110
70,48,118
91,20,111
29,91,120
60,70,130
21,29,50
9,68,77
33,100,133
90,72,162
96,18,114
25,11,36
89,62,151
18,98,116
36,83,119
10,26,36
90,79,169
62,97,159
56,99,155
33,69,102
70,11,81
7,10,17
37,65,102
92,72,164
24,91,115
99,91,190
89,77,166
40,67,107
64,30,94
21,33,54
98,91,189
20,88,108
24,73,97
63,59,122
48,49,97
27,27,54
47,85,132
7,14,21
66,55,121
94,62,156
77,84,161
32,72,104
92,45,137
21,70,91
52,61,113
83,45,128
33,50,83
55,33,88
31,78,109
98,38,136
45,88,133
99,8,107
68,95,163
81,65,146
45,91,136
27,61,88
99,11,110
79,84,163
25,83,108
55,18,73
91,58,149
70,16,86
96,35,131
90,45,135
17,7,24
76,75,151
55,10,65
47,19,66
81,83,164
8,18,26
40,18,58
7,9,16
98,42,140
43,43,86
61,16,77
21,75,96
92,48,140
18,58,76
78,17,95
100,68,168
98,60,158
90,47,137
22,46,68
74,81,155
33,24,57
67,37,104
18,39,57
27,65,92
96,87,183
32,89,121
7,18,25
35,43,78
11,74,85
57,19,76
68,73,141
8,76,84
24,85,109
54,81,135
85,58,143
77,90,167
91,58,149
8,82,90
93,71,164
51,37,88
83,30,113
54,27,81
38,65,103
54,56,110
14,14,28
61,94,155
57,7,64
43,81,124
30,67,97
60,40,100
90,58,148
39,71,110
67,17,84
37,58,95
69,40,109
29,98,127
32,54,86
89,15,104
56,69,125
82,16,98
56,74,130
58,74,132
35,69,104
78,91,169
93,62,155
47,58,105
47,42,89
13,53,66
61,88,149
32,59,91
66,89,155
50,35,85
22,62,84
69,91,160
83,60,143
43,37,80
47,89,136
44,38,82
59,58,117
84,31,115
35,63,98
95,13,108
42,25,67
25,32,57
73,24,97
27,15,42
100,34,134
50,36,86
71,63,134
29,43,72
23,87,110
96,83,179
76,61,137
33,84,117
67,9,76
73,19,92
27,9,36
26,92,118
26,63,89
54,58,112
98,15,113
75,40,115
98,92,190
36,92,128
99,100,199
43,40,83
44,51,95
98,23,121
55,58,113
87,79,166
29,24,53
18,98,116
13,66,79
10,95,105
99,60,159
7,42,49
100,30,130
36,87,123
74,24,98
89,46,135
67,24,91
97,60,157
55,24,79
40,58,98
53,30,83
62,72,134
70,79,149
25,65,90
15,15,30
25,92,117
57,77,134
7,42,49
94,59,153
53,16,69
12,95,107
27,46,73
8,12,20
35,93,128
97,87,184
37,57,94
42,77,119
52,74,126
75,42,117
61,66,127
53,25,78
36,8,44
66,24,90
13,11,24
17,96,113
32,70,102
41,66,107
26,24,50
17,31,48
91,85,176
64,73,137
70,54,124
79,95,174
35,41,76
80,37,117
13,39,52
100,30,130
19,77,96
95,39,134
82,34,116
28,81,109
21,93,114
57,32,89
79,28,107
83,85,168
45,80,125
61,84,145
8,100,108
84,12,96
87,11,98
80,21,101
58,31,89
18,95,113
93,68,161
75,71,146
84,82,166
74,20,94
43,90,133
52,18,70
63,97,160
92,13,105
76,70,146
99,99,198
49,41,90
56,80,136
86,54,140
30,26,56
47,21,68
38,18,56
75,61,136
44,70,114
98,79,177
28,9,37
48,10,58
10,7,17
20,8,28
47,49,96
12,59,71
26,74,100
61,54,115
88,44,132
59,39,98
28,48,76
63,44,107
56,24,80
21,99,120
53,19,72
22,95,117
44,49,93
66,14,80
39,40,79
19,14,33
63,35,98
24,58,82
34,39,73
40,88,128
19,66,85
96,17,113
29,57,86
16,12,28
89,46,135
85,35,120
81,62,143
93,39,132
25,59,84
67,42,109
22,27,49
90,66,156
82,7,89
54,57,111
24,96,120
18,83,101
66,98,164
71,25,96
100,40,140
42,82,124
10,50,60
96,44,140
92,59,151
98,18,116
57,56,113
71,45,116
88,64,152
62,26,88
76,59,135
98,45,143
93,11,104
92,94,186
67,40,107
75,34,109
61,73,134
57,23,80
95,58,153
39,60,99
62,79,141
19,69,88
65,89,154
68,56,124
91,92,183
46,57,103
70,46,116
88,11,99
38,100,138
90,99,189
73,64,137
19,43,62
57,54,111
45,79,124
35,62,97
14,75,89
39,15,54
23,73,96
32,12,44
9,46,55
18,64,82
67,22,89
33,40,73
46,56,102
83,97,180
98,83,181
83,10,93
14,10,24
7,62,69
32,40,72
100,31,131
68,39,107
59,29,88
100,79,179
38,57,95
25,74,99
57,88,145
35,41,76
13,48,61
59,64,123
84,95,179
42,27,69
59,36,95
7,54,61
7,48,55
59,35,94
49,95,144
10,65,75
80,96,176
94,47,141
43,88,131
88,15,103
71,22,93
82,12,94
81,98,179
51,81,132
93,17,110
32,98,130
46,91,137
59,74,133
53,74,127
48,91,139
87,97,184
61,23,84
92,17,109
19,96,115
29,76,105
52,38,90
37,72,109
63,38,101
18,62,80
58,95,153
33,62,95
21,73,94
17,52,69
40,39,79
65,34,99
56,89,145
21,69,90
60,28,88
24,75,99
44,25,69
86,37,123
18,74,92
68,53,121
10,36,46
83,11,94
21,43,64
78,52,130
39,67,106
79,36,115
52,38,90
20,39,59
13,27,40
47,63,110
69,8,77
61,92,153
71,40,111
64,7,71
63,18,81
88,57,145
12,76,88
33,22,55
32,14,46
23,23,46
26,43,69
60,95,155
37,33,70
35,9,44
21,47,68
35,45,80
41,76,117
70,55,125
85,90,175
14,86,100
69,32,101
44,71,115
42,24,66
51,80,131
79,37,116
34,60,94
78,42,120
41,19,60
11,48,59
29,24,53
78,41,119
48,21,69
61,90,151
30,99,129
11,37,48
81,78,159
72,32,104
80,89,169
9,84,93
18,80,98
49,100,149
44,87,131
34,95,129
9,89,98
34,49,83
73,80,153
33,27,60
20,88,108
48,19,67
71,37,108
55,31,86
47,34,81
90,16,106
86,15,101
78,61,139
92,47,139
44,19,63
57,17,74
36,8,44
23,50,73
77,62,139
26,47,73
76,97,173
9,99,108
48,24,72
59,69,128
73,17,90
61,52,113
68,16,84
12,65,77
16,40,56
42,75,117
65,86,151
58,69,127
12,37,49
26,67,93
24,98,122
87,45,132
51,49,100
54,51,105
62,65,127
70,57,127
67,96,163
39,63,102
37,92,129
16,83,99
15,92,107
42,60,102
38,73,111
87,97,184
79,64,143
55,64,119
21,32,53
13,62,75
31,51,82
70,65,135
79,8,87
46,79,125
74,85,159
64,53,117
44,94,138
9,53,62
19,73,92
48,51,99
75,98,173
89,32,121
25,38,63
19,44,63
20,27,47
59,59,118
19,69,88
17,50,67
81,41,122
9,91,100
79,24,103
80,56,136
92,11,103
13,59,72
33,12,45
13,33,46
28,99,127
55,35,90
66,9,75
47,11,58
73,65,138
8,46,54
77,52,129
35,30,65
85,16,101
63,28,91
93,48,141
84,85,169
93,55,148
73,79,152
95,95,190
21,55,76
10,15,25
17,94,111
27,15,42
92,86,178
23,90,113
18,78,96
7,40,47
71,32,103
63,71,134
29,48,77
69,31,100
8,77,85
31,99,130
43,47,90
52,83,135
92,46,138
37,30,67
100,46,146
92,24,116
75,83,158
75,85,160
70,7,77
77,26,103
14,11,25
46,70,116
18,97,115
35,17,52
77,45,122
45,7,52
54,87,141
65,77,142
37,87,124
100,82,182
59,22,81
27,14,41
39,63,102
92,81,173
29,25,54
44,59,103
30,9,39
65,73,138
16,26,42
97,66,163
24,29,53
98,48,146
42,88,130
23,32,55
72,37,109
13,30,43
13,13,26
68,10,78
74,39,113
31,13,44
56,22,78
35,70,105
96,67,163
79,20,99
25,28,53
52,51,103
57,26,83
56,40,96
26,61,87
50,18,68
98,35,133
34,38,72
64,43,107
97,74,171
72,30,102
43,95,138
28,44,72
58,15,73
76,48,124
62,53,115
24,93,117
32,19,51
15,51,66
14,28,42
43,77,120
17,64,81
92,63,155
83,30,113
91,47,138
69,79,148
8,87,95
47,78,125
74,87,161
23,13,36
27,95,122
92,100,192
29,34,63
80,19,99
83,78,161
35,96,131
59,76,135
42,99,141
34,95,129
87,78,165
35,50,85
29,7,36
16,94,110
20,68,88
32,55,87
87,35,122
56,84,140
9,55,64
76,74,150
96,7,103
88,45,133
27,18,45
17,56,73
91,54,145
37,71,108
91,54,145
30,53,83
57,7,64
60,84,144
41,61,102
100,12,112
61,69,130
13,100,113
15,23,38
26,96,122
87,55,142
99,53,152
36,26,62
14,54,68
73,62,135
16,52,68
9,63,72
83,36,119
97,85,182
47,45,92
69,11,80
63,21,84
81,71,152
67,28,95
71,42,113
11,42,53
36,35,71
74,27,101
70,86,156
87,38,125
62,88,150
50,87,137
95,55,150
60,9,69
65,73,138
84,57,141
13,72,85
30,48,78
77,83,160
91,81,172
77,38,115
63,29,92
8,53,61
79,13,92
99,44,143
11,92,103
74,58,132
37,85,122
96,34,130
26,22,48
64,41,105
72,58,130
96,80,176
15,95,110
23,28,51
79,60,139
8,77,85
18,65,83
42,82,124
56,54,110
72,24,96
82,91,173
81,99,180
13,7,20
23,100,123
84,59,143
57,7,64
49,14,63
29,94,123
9,71,80
96,73,169
85,60,145
58,30,88
86,9,95
19,79,98
77,91,168
61,96,157
60,16,76
73,39,112
93,25,118
52,49,101
75,80,155
25,79,104
29,22,51
35,82,117
79,89,168
17,95,112
48,56,104
76,74,150
63,25,88
75,91,166
98,12,110
49,48,97
95,78,173
45,30,75
39,99,138
90,48,138
86,19,105
82,25,107
41,81,122
12,62,74
94,33,127
32,27,59
8,7,15
70,62,132
88,17,105
99,43,142
94,62,156
32,73,105
66,18,84
31,74,105
27,33,60
14,99,113
87,74,161
32,57,89
46,86,132
19,68,87
19,69,88
58,85,143
99,24,123
65,88,153
52,72,124
11,94,105
32,74,106
76,27,103
91,80,171
76,62,138
81,62,143
35,49,84
81,55,136
97,23,120
48,11,59
63,100,163
70,49,119
62,11,73
59,31,90
45,86,131
70,95,165
14,16,30
81,46,127
82,30,112
50,19,69
29,19,48
73,57,130
96,59,155
52,58,110
41,40,81
95,39,134
74,35,109
70,63,133
10,44,54
78,31,109
21,49,70
9,21,30
77,8,85
48,65,113
29,100,129
83,51,134
37,62,99
59,65,124
86,25,111
13,68,81
8,88,96
53,30,83
87,84,171
9,89,98
40,52,92
47,86,133
28,60,88
13,25,38
65,60,125
8,68,76
65,65,130
73,57,130
75,59,134
74,34,108
92,50,142
80,78,158
73,59,132
59,55,114
48,23,71
19,95,114
28,39,67
100,82,182
29,38,67
24,29,53
9,99,108
22,52,74
86,70,156
8,84,92
21,64,85
23,98,121
82,55,137
24,39,63
57,27,84
66,64,130
100,31,131
91,38,129
68,84,152
76,48,124
65,50,115
9,72,81
12,59,71
64,87,151
88,78,166
70,64,134
92,94,186
76,40,116
43,49,92
53,57,110
83,97,180
87,10,97
96,94,190
59,21,80
13,57,70
69,38,107
81,20,101
70,80,150
45,74,119
40,55,95
81,90,171
83,81,164
59,91,150
72,75,147
90,17,107
18,41,59
61,15,76
28,9,37
98,53,151
73,12,85
18,39,57
28,28,56
48,53,101
13,9,22
60,55,115
82,42,124
81,14,95
94,17,111
12,70,82
95,53,148
72,77,149
78,11,89
19,88,107
7,16,23
96,46,142
61,23,84
52,63,115
38,39,77
85,87,172
56,78,134
74,8,82
29,68,97
88,100,188
84,85,169
94,65,159
53,16,69
56,18,74
10,98,108
14,32,46
13,47,60
42,95,137
76,97,173
23,86,109
67,54,121
42,13,55
64,64,128
29,73,102
53,93,146
9,32,41
12,41,53
12,66,78
71,81,152
62,8,70
22,88,110
31,40,71
39,78,117
55,88,143
70,26,96
41,55,96
73,24,97
66,74,140
25,91,116
31,82,113
71,28,99
99,87,186
84,34,118
18,46,64
26,97,123
79,97,176
23,40,63
71,15,86
18,11,29
70,21,91
79,40,119
19,44,63
30,41,71
14,97,111
94,47,141
7,86,93
74,7,81
36,88,124
60,75,135
43,29,72
14,80,94
61,93,154
46,39,85
95,92,187
25,92,117
59,75,134
19,84,103
81,16,97
74,64,138
71,78,149
25,46,71
58,43,101
48,45,93
97,95,192
13,33,46
19,85,104
39,7,46
19,18,37
42,80,122
73,93,166
91,89,180
38,83,121
22,39,61
80,100,180
39,39,78
62,59,121
54,57,111
9,15,24
28,63,91
77,76,153
86,98,184
35,35,70
20,31,51
12,73,85
30,24,54
47,76,123
42,42,84
73,9,82
97,49,146
80,39,119
25,45,70
80,43,123
19,80,99
44,19,63
77,38,115
46,70,116
31,44,75
28,23,51
52,66,118
41,18,59
74,45,119
58,33,91
68,38,106
50,64,114
70,56,126
70,7,77
58,48,106
23,83,106
46,27,73
64,73,137
67,48,115
43,68,111
55,20,75
58,98,156
82,76,158
46,16,62
48,89,137
45,24,69
29,50,79
96,74,170
44,50,94
59,14,73
89,50,139
94,66,160
57,12,69
72,22,94
46,67,113
8,46,54
69,56,125
25,77,102
9,54,63
31,9,40
32,94,126
89,68,157
10,33,43
91,49,140
93,76,169
32,61,93
86,44,130
13,72,85
78,30,108
48,66,114
87,43,130
25,87,112
28,31,59
15,15,30
67,85,152
96,17,113
10,10,20
48,68,116
18,25,43
56,71,127
30,87,117
9,96,105
77,8,85
7,90,97
92,18,110
29,67,96
26,70,96
88,22,110
79,52,131
80,49,129
97,32,129
66,53,119
22,95,117
90,62,152
9,58,67
52,33,85
32,35,67
9,63,72
39,94,133
92,93,185
41,53,94
28,51,79
58,82,140
68,94,162
36,69,105
19,32,51
79,91,170
44,49,93
56,13,69
8,64,72
18,39,57
56,49,105
52,50,102
16,35,51
66,18,84
84,20,104
86,25,111
54,69,123
21,10,31
44,28,72
73,17,90
28,32,60
21,51,72
82,40,122
19,21,40
100,27,127
24,40,64
38,45,83
81,65,146
83,95,178
69,8,77
84,45,129
69,83,152
19,56,75
41,94,135
62,54,116
60,31,91
18,75,93
32,93,125
31,26,57
83,100,183
50,37,87
91,72,163
41,26,67
19,74,93
25,63,88
81,53,134
13,95,108
85,12,97
59,10,69
56,75,131
8,78,86
34,11,45
63,85,148
71,8,79
100,9,109
12,8,20
24,90,114
27,20,47
83,89,172
23,100,123
85,83,168
14,44,58
42,60,102
68,15,83
57,33,90
87,84,171
86,73,159
46,78,124
48,20,68
72,8,80
100,78,178
41,22,63
88,46,134
57,84,141
47,12,59
62,100,162
77,42,119
85,22,107
46,22,68
64,78,142
19,90,109
83,50,133
59,94,153
28,26,54
69,80,149
32,54,86
87,46,133
49,36,85
13,100,113
15,92,107
9,51,60
93,12,105
17,50,67
41,46,87
97,78,175
7,40,47
33,42,75
54,57,111
46,98,144
53,8,61
39,13,52
78,31,109
7,36,43
78,28,106
35,32,67
7,11,18
57,35,92
95,9,104
13,12,25
27,25,52
42,62,104
26,37,63
83,11,94
29,81,110
46,31,77
85,45,130
50,53,103
17,81,98
18,36,54
28,14,42
80,11,91
100,30,130
28,39,67
64,23,87
92,99,191
39,54,93
28,12,40
30,59,89
12,28,40
79,19,98
61,73,134
19,15,34
87,81,168
63,78,141
21,86,107
64,49,113
66,9,75
85,21,106
96,81,177
84,21,105
80,79,159
17,71,88
89,46,135
58,99,157
91,98,189
44,49,93
33,83,116
46,61,107
9,32,41
87,83,170
34,97,131
78,87,165
16,63,79
10,90,100
25,75,100
33,78,111
18,43,61
15,54,69
94,40,134
42,12,54
21,69,90
92,35,127
99,41,140
78,44,122
100,50,150
24,86,110
52,21,73
56,73,129
50,62,112
8,46,54
26,52,78
10,80,90
62,64,126
40,88,128
28,88,116
51,56,107
88,87,175
51,50,101
74,97,171
22,78,100
46,58,104
98,62,160
90,46,136
25,79,104
46,45,91
41,61,102
67,82,149
73,83,156
71,65,136
44,59,103
62,50,112
75,35,110
37,21,58
61,40,101
53,50,103
76,23,99
22,14,36
65,17,82
77,90,167
92,55,147
25,22,47
20,56,76
81,100,181
41,68,109
22,13,35
13,47,60
12,25,37
13,55,68
33,94,127
28,73,101
74,9,83
57,67,124
50,23,73
27,48,75
44,45,89
75,87,162
94,71,165
40,51,91
36,98,134
93,31,124
27,11,38
28,93,121
95,88,183
33,67,100
62,17,79
37,78,115
19,74,93
78,79,157
28,18,46
52,69,121
98,23,121
37,7,44
70,17,87
17,71,88
58,15,73
89,10,99
12,28,40
98,23,121
47,78,125
19,98,117
31,44,75
17,14,31
95,87,182
97,36,133
96,59,155
20,27,47
48,86,134
62,51,113
97,74,171
15,72,87
21,42,63
46,85,131
80,73,153
80,56,136
28,87,115
29,57,86
32,79,111
32,51,83
84,39,123
57,14,71
62,90,152
41,43,84
16,67,83
55,96,151
23,48,71
76,13,89
47,55,102
34,59,93
11,75,86
31,68,99
31,68,99
14,75,89
71,76,147
47,91,138
72,66,138
97,19,116
83,88,171
63,14,77
32,14,46
89,88,177
100,84,184
60,40,100
19,27,46
28,67,95
62,84,146
42,19,61
34,13,47
56,25,81
82,100,182
31,97,128
27,98,125
18,22,40
71,92,163
30,51,81
42,25,67
55,97,152
20,13,33
34,55,89
13,76,89
55,100,155
31,98,129
21,58,79
15,13,28
59,99,158
64,65,129
37,48,85
100,11,111
81,82,163
28,100,128
87,38,125
11,60,71
97,67,164
63,92,155
39,29,68
54,60,114
33,100,133
20,70,90
60,76,136
8,95,103
81,56,137
78,11,89
74,38,112
42,67,109
83,72,155
79,25,104
38,83,121
73,38,111
62,62,124
61,81,142
27,19,46
50,52,102
34,90,124
89,27,116
74,60,134
70,83,153
49,52,101
98,95,193
50,84,134
71,66,137
92,40,132
65,75,140
95,50,145
46,29,75
97,96,193
29,84,113
83,56,139
38,96,134
46,27,73
28,76,104
37,11,48
51,39,90
92,67,159
76,44,120
92,22,114
70,71,141
82,11,93
87,39,126
40,32,72
69,57,126
50,62,112
85,26,111
93,74,167
67,66,133
9,28,37
78,43,121
96,55,151
52,43,95
72,10,82
11,35,46
38,19,57
60,71,131
35,64,99
69,11,80
82,87,169
16,42,58
70,70,140
62,50,112
29,71,100
45,41,86
58,71,129
34,84,118
86,100,186
79,56,135
11,81,92
59,78,137
7,79,86
90,89,179
26,85,111
31,45,76
24,83,107
32,12,44
32,65,97
71,85,156
83,28,111
69,10,79
83,18,101
89,9,98
39,77,116
88,86,174
37,61,98
44,96,140
21,55,76
96,81,177
70,21,91
35,25,60
29,12,41
9,41,50
94,28,122
37,40,77
29,21,50
88,62,150
29,7,36
30,60,90
100,26,126
91,18,109
34,33,67
33,16,49
70,74,144
60,39,99
43,37,80
8,100,108
27,77,104
21,51,72
49,60,109
27,45,72
14,7,21
43,10,53
91,66,157
14,98,112
42,34,76
29,20,49
60,19,79
19,65,84
51,33,84
87,59,146
10,95,105
98,44,142
59,33,92
62,34,96
92,15,107
57,29,86
92,15,107
73,79,152
61,68,129
78,81,159
50,64,114
74,96,170
72,35,107
8,36,44
39,74,113
35,31,66
29,7,36
52,47,99
85,11,96
16,13,29
64,84,148
36,43,79
61,88,149
100,13,113
17,60,77
40,100,140
33,93,126
57,37,94
42,96,138
14,22,36
100,43,143
84,92,176
81,14,95
88,86,174
50,92,142
33,93,126
82,24,106
29,52,81
79,72,151
7,36,43
69,9,78
48,72,120
83,15,98
79,78,157
78,57,135
85,99,184
38,32,70
73,17,90
11,50,61
22,48,70
84,95,179
61,71,132
58,89,147
32,15,47
25,98,123
10,29,39
14,32,46
14,72,86
95,55,150
27,9,36
53,50,103
11,71,82
8,71,79
64,83,147
83,39,122
25,70,95
57,9,66
12,98,110
51,37,88
39,94,133
38,66,104
28,33,61
60,30,90
61,90,151
9,58,67
38,54,92
64,62,126
85,50,135
94,24,118
28,94,122
89,73,162
71,80,151
26,61,87
93,56,149
54,17,71
53,21,74
47,49,96
46,76,122
74,81,155
30,41,71
11,91,102
72,85,157
52,71,123
90,42,132
16,48,64
28,25,53
46,96,142
63,69,132
41,12,53
42,17,59
55,27,82
23,77,100
36,73,109
30,49,79
86,52,138
92,96,188
10,27,37
44,73,117
73,19,92
48,40,88
41,38,79
97,42,139
37,32,69
62,82,144
36,66,102
87,66,153
69,52,121
13,54,67
72,25,97
87,61,148
36,15,51
44,44,88
57,10,67
80,83,163
48,8,56
34,93,127
36,55,91
12,44,56
95,40,135
34,85,119
82,37,119
31,32,63
99,36,135
41,62,103
8,61,69
62,99,161
12,33,45
9,37,46
58,95,153
29,62,91
99,22,121
29,71,100
32,99,131
86,45,131
88,91,179
13,31,44
20,78,98
67,78,145
8,23,31
12,35,47
28,29,57
29,52,81
47,22,69
84,78,162
93,75,168
14,36,50
62,13,75
75,48,123
75,83,158
53,74,127
7,31,38
43,57,100
32,9,41
27,49,76
96,92,188
13,47,60
95,39,134
46,41,87
25,49,74
93,26,119
86,12,98
19,94,113
81,100,181
99,36,135
72,47,119
34,10,44
73,20,93
23,29,52
87,30,117
87,67,154
92,17,109
100,22,122
31,60,91
45,21,66
28,97,125
100,71,171
69,44,113
73,48,121
32,50,82
83,19,102
72,94,166
14,65,79
60,71,131
12,100,112
73,70,143
59,87,146
46,76,122
32,51,83
42,31,73
40,18,58
29,7,36
80,63,143
14,52,66
29,29,58
75,8,83
40,80,120
88,29,117
37,16,53
95,78,173
71,76,147
16,40,56
81,92,173
42,72,114
87,35,122
32,88,120
50,39,89
26,88,114
7,60,67
25,19,44
99,91,190
30,92,122
85,26,111
77,18,95
80,72,152
50,66,116
87,31,118
85,15,100
88,95,183
88,63,151
97,29,126
73,77,150
79,83,162
15,81,96
59,35,94
25,71,96
44,50,94
13,54,67
22,34,56
72,76,148
28,15,43
67,45,112
22,17,39
8,43,51
50,58,108
40,69,109
62,92,154
22,71,93
81,17,98
22,62,84
66,90,156
74,87,161
58,59,117
76,46,122
63,23,86
28,20,48
78,74,152
66,86,152
72,70,142
89,93,182
37,7,44
30,26,56
95,78,173
92,29,121
12,86,98
74,83,157
96,25,121
65,86,151
66,30,96
48,19,67
8,56,64
15,56,71
75,63,138
83,13,96
28,38,66
100,82,182
76,11,87
62,47,109
100,57,157
17,65,82
43,16,59
88,41,129
56,18,74
70,82,152
14,43,57
88,40,128
98,25,123
8,35,43
66,44,110
63,78,141
74,87,161
60,51,111
52,24,76
49,34,83
82,88,170
54,86,140
56,76,132
21,62,83
46,15,61
14,66,80
30,11,41
75,50,125
59,64,123
20,91,111
12,80,92
84,9,93
49,14,63
59,95,154
91,49,140
70,90,160
61,32,93
67,82,149
89,76,165
25,72,97
65,39,104
83,72,155
13,39,52
94,82,176
41,73,114
53,89,142
34,7,41
42,21,63
53,36,89
59,97,156
80,34,114
17,88,105
42,27,69
34,40,74
87,99,186
62,20,82
87,45,132
74,93,167
33,75,108
45,77,122
65,61,126
99,48,147
69,28,97
24,99,123
63,49,112
99,86,185
8,58,66
36,30,66
81,47,128
24,49,73
17,72,89
28,74,102
78,34,112
7,66,73
76,42,118
82,65,147
88,42,130
79,76,155
68,55,123
28,83,111
75,62,137
53,33,86
20,48,68
46,36,82
92,98,190
58,17,75
95,85,180
84,82,166
58,8,66
92,12,104
30,61,91
21,52,73
33,81,114
16,29,45
55,24,79
85,48,133
31,71,102
62,44,106
96,83,179
55,58,113
28,76,104
11,36,47
79,19,98
40,59,99
69,59,128
75,46,121
16,73,89
79,95,174
61,22,83
57,38,95
91,10,101
85,11,96
72,63,135
100,26,126
57,63,120
69,48,117
97,50,147
100,31,131
62,96,158
89,25,114
33,66,99
75,92,167
91,14,105
59,85,144
24,81,105
75,73,148
45,63,108
34,92,126
84,20,104
66,80,146
45,62,107
86,78,164
30,37,67
28,47,75
80,81,161
75,98,173
53,21,74
83,9,92
7,58,65
30,67,97
42,93,135
10,89,99
44,89,133
67,93,160
87,30,117
40,17,57
20,32,52
14,17,31
98,56,154
26,39,65
55,82,137
36,36,72
40,55,95
64,38,102
90,93,183
29,50,79
78,63,141
74,80,154
75,79,154
31,59,90
8,12,20
75,64,139
52,23,75
14,58,72
83,66,149
74,80,154
54,50,104
87,20,107
42,26,68
58,11,69
29,56,85
66,21,87
71,52,123
64,12,76
13,33,46
35,18,53
51,46,97
7,20,27
78,81,159
99,57,156
75,55,130
62,32,94
36,18,54
84,77,161
27,30,57
13,28,41
52,35,87
99,31,130
72,39,111
62,14,76
63,19,82
32,29,61
36,13,49
36,53,89
70,47,117
72,83,155
28,59,87
62,37,99
95,38,133
96,13,109
26,61,87
34,97,131
7,54,61
63,72,135
79,55,134
88,57,145
78,73,151
25,7,32
64,68,132
23,13,36
26,9,35
37,13,50
13,44,57
66,96,162
64,76,140
94,13,107
22,42,64
15,94,109
95,19,114
45,7,52
10,77,87
50,80,130
46,93,139
78,13,91
76,38,114
61,42,103
46,80,126
29,20,49
67,43,110
8,75,83
78,30,108
25,33,58
20,51,71
84,35,119
84,41,125
74,86,160
88,95,183
45,59,104
9,83,92
29,15,44
79,19,98
45,7,52
64,68,132
32,65,97
70,9,79
73,48,121
72,93,165
90,98,188
69,36,105
17,95,112
22,14,36
15,72,87
35,22,57
38,77,115
61,64,125
20,55,75
41,60,101
27,13,40
27,39,66
96,42,138
75,36,111
73,81,154
77,33,110
50,81,131
93,81,174
63,96,159
11,12,23
21,68,89
73,26,99
99,42,141
99,7,106
26,53,79
66,17,83
79,48,127
80,90,170
48,97,145
36,63,99
16,9,25
41,75,116
54,16,70
66,22,88
82,10,92
80,22,102
69,39,108
44,32,76
25,69,94
84,46,130
43,11,54
31,17,48
30,41,71
65,47,112
51,9,60
76,88,164
28,90,118
96,81,177
39,96,135
81,10,91
68,91,159
28,69,97
95,11,106
43,59,102
34,81,115
57,55,112
74,40,114
83,28,111
68,69,137
36,58,94
78,73,151
24,81,105
19,17,36
45,93,138
98,51,149
54,40,94
78,13,91
18,37,55
62,7,69
57,90,147
37,54,91
56,43,99
26,41,67
56,36,92
34,82,116
64,32,96
82,39,121
56,13,69
33,25,58
96,12,108
37,8,45
78,7,85
35,55,90
73,38,111
37,90,127
76,97,173
18,95,113
76,11,87
44,76,120
77,50,127
68,51,119
72,25,97
30,34,64
88,22,110
18,10,28
89,77,166
54,24,78
69,18,87
74,60,134
35,49,84
80,43,123
100,76,176
80,32,112
88,99,187
79,14,93
8,56,64
62,99,161
22,65,87
47,11,58
35,96,131
63,7,70
73,36,109
70,33,103
42,74,116
13,65,78
59,16,75
66,45,111
78,26,104
90,100,190
76,72,148
16,16,32
39,22,61
89,39,128
74,87,161
37,64,101
22,61,83
41,79,120
77,93,170
44,97,141
23,38,61
20,74,94
26,37,63
53,70,123
73,88,161
50,73,123
49,62,111
15,94,109
52,50,102
17,42,59
63,83,146
78,86,164
60,36,96
13,7,20
98,88,186
76,50,126
51,51,102
93,83,176
32,70,102
21,88,109
38,69,107
22,74,96
73,25,98
56,94,150
29,55,84
27,33,60
81,61,142
52,29,81
69,72,141
60,12,72
39,10,49
25,52,77
23,8,31
94,35,129
77,22,99
86,41,127
48,58,106
63,42,105
71,63,134
16,29,45
100,75,175
15,70,85
21,15,36
66,23,89
52,49,101
38,42,80
66,86,152
36,43,79
63,41,104
97,15,112
10,57,67
66,43,109
58,37,95
17,31,48
75,19,94
15,15,30
12,35,47
32,64,96
45,65,110
65,63,128
61,37,98
55,19,74
76,82,158
29,73,102
69,28,97
76,21,97
19,61,80
39,27,66
82,48,130
7,80,87
72,14,86
48,70,118
56,37,93
43,29,72
77,26,103
53,16,69
30,99,129
58,20,78
81,63,144
91,85,176
42,83,125
50,71,121
29,66,95
81,52,133
27,32,59
98,95,193
42,48,90
76,25,101
98,11,109
12,81,93
41,53,94
21,15,36
75,33,108
91,97,188
88,27,115
100,65,165
11,58,69
81,53,134
62,77,139
21,54,75
98,35,133
99,91,190
61,95,156
81,42,123
81,23,104
93,22,115
38,28,66
42,69,111
51,66,117
98,74,172
92,62,154
8,65,73
72,27,99
28,41,69
10,84,94
40,18,58
37,68,105
50,11,61
33,83,116
15,93,108
90,83,173
95,85,180
57,87,144
29,28,57
22,29,51
42,40,82
12,84,96
63,45,108
40,17,57
43,37,80
18,42,60
16,13,29
63,28,91
93,50,143
42,66,108
19,81,100
58,85,143
78,52,130
36,85,121
65,86,151
11,12,23
38,26,64
67,78,145
20,34,54
25,18,43
13,40,53
50,84,134
43,98,141
41,91,132
50,47,97
16,58,74
70,11,81
51,16,67
84,88,172
83,68,151
44,74,118
98,25,123
9,19,28
32,9,41
51,54,105
18,9,27
46,96,142
61,59,120
85,88,173
80,98,178
22,42,64
53,49,102
49,10,59
68,22,90
72,52,124
15,36,51
50,76,126
58,34,92
15,12,27
48,63,111
86,22,108
87,64,151
49,28,77
37,52,89
80,64,144
42,93,135
39,62,101
87,76,163
67,96,163
44,72,116
82,72,154
69,52,121
19,94,113
37,71,108
13,58,71
27,78,105
87,91,178
60,31,91
58,44,102
50,100,150
20,82,102
30,36,66
100,69,169
93,76,169
86,91,177
67,23,90
25,12,37
56,49,105
16,98,114
8,45,53
40,36,76
45,67,112
48,61,109
97,88,185
72,76,148
97,76,173
78,76,154
27,36,63
32,60,92
47,41,88
95,42,137
84,10,94
71,85,156
52,13,65
70,90,160
88,78,166
17,67,84
97,29,126
38,94,132
21,29,50
41,58,99
62,21,83
95,30,125
65,87,152
16,50,66
19,66,85
51,83,134
90,35,125
70,18,88
65,72,137
43,100,143
81,59,140
93,93,186
27,29,56
70,13,83
18,59,77
19,10,29
87,65,152
46,42,88
17,34,51
80,27,107
43,24,67
49,30,79
65,30,95
21,54,75
49,69,118
96,16,112
21,25,46
37,77,114
82,24,106
28,34,62
63,50,113
99,81,180
96,50,146
90,54,144
71,97,168
9,28,37
90,35,125
72,42,114
55,85,140
17,14,31
45,24,69
37,89,126
22,84,106
91,27,118
22,30,52
81,68,149
10,98,108
7,80,87
59,74,133
52,76,128
23,52,75
83,24,107
35,84,119
63,53,116
87,83,170
61,88,149
9,37,46
54,100,154
70,74,144
86,64,150
67,25,92
59,58,117
49,62,111
52,50,102
94,98,192
59,21,80
63,77,140
38,46,84
55,75,130
45,32,77
51,13,64
26,91,117
64,99,163
53,60,113
42,9,51
100,93,193
96,60,156
42,57,99
40,68,108
49,69,118
100,69,169
68,41,109
78,79,157
20,97,117
52,7,59
85,71,156
59,62,121
83,96,179
18,30,48
54,50,104
78,51,129
34,82,116
95,13,108
77,95,172
9,45,54
92,64,156
12,73,85
91,45,136
43,24,67
37,26,63
75,90,165
26,64,90
7,28,35
71,56,127
94,56,150
7,78,85
27,78,105
69,73,142
39,65,104
29,11,40
20,56,76
56,67,123
58,32,90
95,61,156
66,39,105
44,62,106
18,44,62
19,61,80
30,38,68
91,80,171
72,21,93
10,55,65
19,52,71
11,46,57
17,29,46
7,31,38
43,42,85
70,69,139
19,18,37
88,49,137
40,18,58
53,57,110
48,38,86
63,8,71
38,52,90
61,100,161
41,95,136
53,83,136
35,87,122
89,85,174
23,15,38
64,59,123
43,34,77
44,40,84
54,46,100
21,29,50
96,12,108
11,53,64
97,39,136
56,28,84
36,48,84
99,79,178
21,30,51
80,76,156
48,86,134
63,74,137
76,73,149
47,23,70
84,63,147
12,52,64
36,85,121
31,89,120
36,94,130
15,61,76
85,79,164
37,78,115
64,86,150
98,53,151
13,65,78
73,97,170
29,17,46
84,7,91
71,59,130
21,58,79
18,80,98
34,50,84
85,82,167
23,95,118
56,47,103
91,41,132
73,86,159
22,18,40
40,83,123
90,40,130
8,69,77
48,54,102
11,50,61
46,73,119
62,88,150
28,82,110
65,74,139
69,53,122
100,54,154
22,82,104
56,62,118
7,79,86
23,64,87
79,93,172
95,80,175
85,14,99
75,86,161
82,55,137
66,74,140
50,87,137
31,32,63
7,100,107
67,13,80
65,75,140
74,69,143
40,45,85
75,89,164
79,36,115
48,90,138
30,46,76
71,59,130
29,51,80
88,33,121
22,39,61
25,19,44
61,95,156
50,54,104
51,64,115
84,52,136
48,98,146
75,59,134
54,23,77
78,24,102
38,37,75
38,30,68
45,25,70
47,22,69
20,34,54
87,71,158
94,23,117
82,87,169
97,85,182
54,72,126
94,59,153
22,97,119
92,94,186
20,17,37
78,55,133
9,53,62
80,25,105
75,32,107
35,96,131
84,82,166
21,26,47
11,84,95
22,91,113
33,74,107
85,29,114
81,40,121
68,35,103
50,8,58
11,89,100
8,39,47
61,64,125
7,86,93
31,70,101
73,43,116
15,100,115
62,53,115
11,65,76
87,45,132
36,15,51
67,40,107
61,83,144
20,73,93
37,67,104
51,52,103
65,18,83
99,12,111
98,24,122
88,25,113
39,58,97
36,49,85
70,84,154
23,67,90
17,99,116
91,12,103
38,9,47
88,54,142
76,52,128
92,68,160
33,72,105
32,88,120
83,32,115
73,92,165
99,18,117
97,48,145
76,84,160
81,32,113
69,80,149
18,27,45
50,52,102
83,31,114
28,34,62
77,99,176
11,100,111
11,54,65
85,35,120
29,16,45
87,56,143
100,51,151
62,46,108
78,46,124
59,17,76
20,38,58
61,51,112
10,63,73
80,30,110
26,30,56
41,91,132
64,70,134
48,84,132
64,80,144
20,61,81
57,52,109
78,35,113
97,50,147
79,49,128
28,72,100
60,99,159
57,64,121
66,34,100
86,58,144
95,34,129
79,93,172
38,92,130
68,57,125
17,46,63
80,83,163
30,30,60
89,28,117
66,9,75
74,85,159
94,8,102
80,37,117
53,76,129
68,88,156
62,23,85
58,62,120
29,60,89
10,47,57
7,39,46
23,7,30
57,95,152
21,69,90
16,8,24
36,31,67
69,30,99
61,74,135
92,60,152
52,66,118
70,59,129
77,99,176
100,85,185
93,94,187
26,23,49
19,39,58
35,97,132
53,69,122
87,13,100
46,45,91
12,45,57
87,33,120
90,56,146
75,64,139
25,77,102
98,61,159
20,51,71
29,55,84
30,68,98
63,80,143
79,52,131
19,12,31
41,49,90
78,9,87
12,42,54
11,31,42
61,27,88
94,81,175
31,30,61
96,8,104
60,32,92
67,63,130
18,71,89
87,32,119
72,91,163
22,72,94
47,19,66
45,84,129
32,23,55
95,62,157
17,50,67
47,73,120
49,30,79
15,44,59
19,37,56
47,79,126
10,23,33
99,7,106
61,88,149
66,79,145
38,15,53
58,79,137
94,7,101
92,33,125
59,83,142
81,34,115
20,59,79
16,86,102
66,81,147
30,61,91
76,20,96
27,80,107
58,14,72
10,77,87
58,67,125
42,96,138
66,82,148
81,25,106
96,53,149
91,24,115
100,68,168
69,41,110
90,32,122
55,29,84
56,19,75
39,45,84
65,26,91
64,35,99
28,52,80
80,17,97
33,72,105
33,86,119
28,80,108
38,36,74
90,83,173
60,12,72
32,74,106
36,71,107
33,78,111
81,15,96
18,73,91
22,100,122
99,57,156
31,88,119
83,59,142
85,81,166
79,99,178
74,14,88
55,83,138
75,33,108
7,47,54
16,85,101
31,91,122
67,88,155
76,40,116
77,49,126
74,54,128
58,88,146
43,47,90
37,57,94
93,15,108
78,93,171
19,34,53
58,73,131
86,26,112
33,60,93
9,26,35
86,24,110
67,66,133
91,86,177
87,66,153
88,85,173
10,56,66
76,97,173
7,73,80
95,29,124
91,17,108
26,86,112
28,90,118
54,67,121
28,66,94
29,46,75
10,80,90
73,16,89
43,46,89
55,22,77
95,76,171
41,46,87
57,90,147
53,37,90
92,95,187
13,25,38
63,94,157
33,68,101
70,28,98
86,96,182
62,10,72
87,86,173
80,54,134
34,41,75
53,14,67
33,73,106
10,48,58
17,45,62
18,53,71
45,75,120
9,35,44
39,10,49
9,22,31
61,25,86
47,41,88
19,46,65
37,50,87
31,56,87
38,69,107
71,89,160
65,61,126
82,18,100
48,16,64
40,98,138
51,95,146
35,79,114
8,26,34
21,20,41
15,28,43
20,23,43
98,52,150
12,19,31
74,59,133
87,69,156
42,100,142
41,98,139
47,78,125
90,66,156
65,58,123
81,44,125
30,23,53
85,35,120
76,29,105
99,73,172
82,55,137
74,63,137
76,49,125
26,55,81
18,30,48
49,76,125
58,33,91
52,24,76
33,46,79
99,11,110
46,26,72
69,14,83
27,58,85
26,83,109
21,91,112
86,26,112
15,70,85
48,14,62
9,100,109
29,34,63
30,49,79
50,36,86
34,68,102
9,38,47
56,28,84
62,18,80
24,53,77
48,36,84
43,31,74
70,46,116
80,89,169
72,21,93
79,20,99
93,7,100
53,62,115
59,91,150
67,61,128
87,25,112
63,70,133
99,42,141
35,32,67
41,58,99
62,88,150
91,42,133
73,95,168
65,63,128
83,14,97
72,94,166
83,63,146
86,19,105
31,20,51
73,100,173
78,33,111
53,20,73
46,41,87
17,85,102
42,50,92
85,9,94
86,75,161
88,68,156
7,74,81
88,58,146
97,18,115
61,48,109
63,80,143
83,59,142
23,40,63
96,56,152
26,67,93
67,95,162
66,29,95
92,63,155
90,17,107
29,30,59
17,38,55
23,99,122
33,46,79
58,56,114
7,58,65
69,99,168
92,8,100
61,23,84
54,36,90
81,24,105
36,83,119
87,9,96
89,54,143
17,54,71
99,77,176
99,9,108
26,87,113
68,24,92
32,51,83
43,47,90
42,68,110
52,18,70
20,8,28
65,71,136
22,74,96
23,60,83
96,23,119
48,41,89
37,89,126
53,39,92
94,79,173
17,26,43
8,23,31
17,31,48
39,44,83
93,18,111
54,87,141
57,12,69
11,97,108
82,99,181
8,54,62
92,32,124
34,68,102
48,52,100
89,43,132
48,22,70
78,21,99
91,73,164
40,35,75
37,63,100
60,37,97
16,25,41
30,39,69
56,17,73
77,49,126
74,79,153
99,26,125
8,92,100
59,15,74
43,49,92
65,10,75
67,81,148
86,52,138
61,33,94
15,29,44
92,86,178
48,29,77
74,75,149
25,40,65
62,75,137
91,48,139
25,88,113
21,17,38
94,80,174
74,15,89
95,26,121
80,45,125
10,100,110
42,95,137
43,64,107
21,72,93
53,56,109
98,66,164
54,17,71
93,85,178
49,16,65
16,100,116
82,98,180
37,64,101
66,84,150
48,44,92
10,92,102
10,48,58
54,50,104
15,60,75
91,16,107
67,25,92
35,97,132
64,12,76
80,91,171
7,82,89
9,79,88
92,31,123
61,24,85
18,23,41
37,90,127
47,67,114
36,38,74
68,79,147
7,33,40
75,71,146
66,43,109
7,43,50
65,61,126
69,79,148
78,14,92
56,98,154
65,36,101
23,16,39
84,39,123
71,60,131
99,32,131
77,41,118
84,9,93
56,27,83
44,43,87
9,70,79
62,43,105
74,66,140
79,11,90
35,96,131
17,91,108
94,12,106
12,98,110
84,61,145
17,52,69
49,7,56
28,100,128
82,28,110
87,45,132
8,60,68
92,21,113
14,26,40
20,91,111
64,62,126
79,68,147
43,9,52
97,79,176
27,47,74
30,77,107
33,59,92
31,55,86
62,51,113
15,89,104
75,21,96
74,82,156
46,25,71
26,90,116
75,90,165
91,69,160
49,15,64
43,78,121
23,65,88
58,13,71
7,44,51
47,64,111
40,18,58
100,10,110
77,86,163
17,37,54
38,59,97
22,62,84
38,99,137
30,18,48
92,64,156
82,56,138
95,35,130
13,68,81
45,29,74
21,61,82
45,61,106
16,51,67
54,11,65
30,79,109
26,86,112
69,34,103
92,55,147
23,50,73
47,63,110
61,57,118
45,54,99
86,24,110
22,42,64
66,87,153
95,61,156
46,68,114
10,24,34
16,80,96
30,100,130
38,37,75
41,66,107
64,50,114
94,50,144
37,11,48
78,83,161
73,91,164
64,51,115
58,81,139
65,64,129
28,13,41
22,61,83
92,60,152
29,47,76
34,62,96
85,87,172
20,75,95
15,56,71
70,7,77
60,32,92
84,85,169
53,50,103
80,13,93
40,9,49
21,70,91
57,74,131
39,88,127
82,56,138
31,47,78
94,72,166
79,78,157
79,16,95
98,9,107
40,63,103
70,7,77
81,27,108
14,46,60
73,23,96
81,10,91
73,12,85
50,35,85
54,58,112
94,35,129
50,14,64
51,42,93
43,53,96
97,56,153
20,100,120
92,30,122
24,91,115
74,36,110
77,31,108
78,93,171
46,54,100
54,59,113
100,36,136
21,18,39
21,56,77
39,72,111
38,34,72
70,91,161
53,23,76
77,47,124
51,73,124
70,60,130
65,63,128
72,11,83
28,88,116
62,63,125
91,97,188
59,7,66
67,8,75
15,56,71
30,35,65
10,83,93
47,71,118
85,60,145
93,72,165
38,45,83
95,22,117
52,43,95
70,81,151
29,67,96
57,85,142
86,33,119
35,51,86
53,84,137
33,61,94
30,63,93
47,43,90
65,78,143
26,88,114
54,34,88
78,47,125
51,15,66
92,40,132
79,53,132
81,73,154
95,78,173
91,7,98
46,10,56
10,96,106
72,41,113
45,86,131
74,67,141
15,68,83
44,7,51
24,63,87
27,18,45
58,81,139
12,21,33
68,92,160
86,19,105
99,38,137
7,26,33
26,98,124
55,31,86
76,31,107
12,46,58
26,24,50
68,72,140
81,50,131
28,86,114
58,95,153
22,73,95
27,15,42
42,10,52
10,83,93
63,77,140
55,88,143
81,80,161
51,84,135
75,90,165
15,42,57
36,77,113
63,48,111
55,58,113
61,50,111
91,91,182
27,82,109
93,76,169
48,36,84
75,28,103
30,95,125
68,70,138
42,8,50
33,23,56
25,55,80
12,77,89
18,19,37
74,28,102
35,66,101
82,92,174
63,47,110
68,76,144
59,38,97
40,93,133
47,84,131
26,27,53
17,69,86
67,92,159
11,48,59
79,17,96
56,11,67
57,51,108
96,8,104
65,29,94
22,94,116
70,39,109
78,83,161
48,15,63
19,90,109
9,37,46
74,40,114
96,76,172
7,93,100
69,90,159
48,57,105
85,85,170
28,33,61
90,8,98
87,55,142
95,80,175
17,24,41
95,31,126
16,32,48
23,78,101
30,80,110
62,70,132
99,79,178
84,13,97
68,14,82
58,79,137
7,11,18
100,89,189
12,34,46
32,56,88
13,87,100
40,81,121
57,63,120
66,29,95
11,13,24
20,35,55
79,79,158
19,50,69
59,100,159
68,50,118
13,84,97
62,89,151
46,82,128
100,32,132
90,35,125
69,24,93
64,95,159
83,36,119
43,61,104
14,38,52
64,56,120
80,19,99
88,93,181
62,15,77
51,64,115
11,68,79
10,73,83
22,62,84
37,42,79
77,67,144
66,92,158
44,19,63
40,57,97
36,32,68
52,28,80
94,93,187
98,95,193
56,14,70
76,13,89
35,51,86
82,29,111
89,57,146
12,58,70
76,53,129
90,20,110
55,13,68
59,7,66
78,11,89
98,81,179
45,97,142
58,32,90
8,81,89
31,96,127
44,81,125
80,54,134
79,50,129
30,42,72
39,64,103
42,50,92
17,61,78
63,44,107
66,100,166
87,52,139
100,12,112
37,79,116
60,79,139
51,16,67
70,87,157
98,77,175
24,7,31
73,36,109
26,32,58
71,25,96
93,37,130
98,27,125
86,7,93
31,73,104
46,41,87
35,51,86
38,20,58
10,42,52
71,62,133
88,88,176
16,36,52
96,83,179
83,39,122
79,68,147
83,97,180
74,25,99
78,41,119
62,69,131
80,61,141
55,72,127
59,31,90
76,97,173
30,71,101
53,18,71
69,51,120
20,88,108
24,17,41
73,27,100
43,79,122
83,30,113
26,63,89
65,60,125
68,69,137
22,42,64
27,49,76
97,90,187
99,38,137
20,81,101
83,30,113
55,58,113
33,18,51
29,61,90
67,21,88
7,77,84
36,20,56
91,59,150
51,64,115
89,31,120
34,90,124
39,98,137
24,93,117
39,53,92
11,54,65
39,60,99
10,49,59
47,62,109
7,33,40
72,36,108
12,23,35
49,40,89
67,84,151
99,27,126
13,92,105
52,94,146
42,80,122
57,49,106
29,23,52
57,30,87
63,27,90
99,98,197
63,71,134
95,16,111
57,92,149
84,29,113
51,31,82
20,77,97
19,46,65
58,46,104
90,37,127
79,33,112
67,56,123
76,49,125
79,12,91
100,14,114
36,92,128
87,35,122
75,14,89
31,97,128
97,14,111
42,66,108
30,13,43
12,95,107
62,96,158
23,89,112
46,73,119
21,39,60
59,61,120
19,31,50
99,30,129
53,15,68
60,52,112
85,22,107
61,19,80
28,93,121
88,34,122
94,74,168
72,90,162
88,34,122
44,81,125
7,70,77
12,96,108
19,45,64
50,63,113
88,29,117
65,62,127
85,23,108
9,94,103
25,31,56
51,15,66
83,38,121
12,36,48
68,65,133
28,39,67
46,32,78
12,64,76
21,80,101
19,44,63
9,84,93
61,18,79
29,38,67
58,46,104
21,87,108
26,85,111
13,20,33
35,22,57
83,18,101
7,12,19
57,88,145
86,58,144
91,96,187
100,76,176
18,30,48
85,65,150
37,28,65
78,80,158
72,23,95
93,64,157
85,85,170
91,29,120
48,9,57
69,38,107
86,72,158
77,10,87
55,66,121
56,22,78
95,67,162
53,72,125
56,41,97
32,72,104
59,10,69
58,98,156
96,57,153
75,36,111
21,74,95
61,21,82
89,47,136
79,51,130
38,49,87
85,75,160
80,35,115
88,14,102
43,76,119
27,34,61
11,84,95
79,89,168
14,78,92
28,69,97
52,31,83
39,22,61
56,35,91
57,57,114
56,65,121
92,48,140
88,55,143
100,11,111
94,44,138
30,81,111
51,51,102
81,90,171
82,74,156
42,50,92
67,99,166
20,61,81
49,15,64
71,98,169
49,61,110
44,44,88
59,14,73
78,8,86
84,54,138
72,25,97
54,72,126
51,70,121
92,36,128
87,45,132
55,52,107
31,69,100
63,80,143
21,75,96
96,86,182
80,31,111
19,49,68
57,92,149
35,71,106
92,79,171
71,89,160
55,57,112
63,35,98
68,73,141
89,77,166
94,59,153
93,46,139
26,22,48
20,14,34
14,30,44
79,34,113
87,61,148
46,8,54
25,77,102
20,100,120
73,38,111
83,56,139
73,46,119
89,16,105
31,30,61
48,30,78
97,41,138
33,17,50
53,50,103
36,34,70
31,32,63
15,9,24
71,27,98
83,62,145
84,86,170
16,78,94
85,38,123
28,49,77
75,32,107
44,90,134
9,48,57
36,93,129
75,37,112
75,18,93
59,93,152
42,93,135
44,97,141
51,98,149
69,18,87
47,33,80
58,59,117
44,38,82
25,92,117
97,25,122
48,32,80
41,97,138
28,27,55
87,51,138
45,35,80
16,54,70
66,37,103
95,76,171
81,47,128
56,57,113
13,66,79
39,39,78
78,11,89
47,53,100
29,28,57
88,27,115
40,70,110
67,52,119
82,66,148
57,34,91
42,12,54
81,36,117
35,93,128
57,47,104
48,7,55
65,31,96
82,82,164
50,48,98
21,53,74
95,61,156
69,71,140
40,29,69
81,18,99
55,39,94
60,74,134
96,81,177
80,44,124
15,43,58
76,38,114
90,18,108
55,47,102
13,49,62
90,33,123
65,39,104
10,82,92
20,7,27
70,16,86
79,51,130
51,8,59
59,94,153
9,22,31
72,67,139
67,26,93
15,73,88
29,43,72
44,99,143
81,57,138
54,19,73
70,54,124
68,54,122
48,56,104
22,76,98
63,57,120
98,31,129
28,34,62
85,8,93
93,78,171
12,73,85
29,8,37
60,15,75
26,91,117
96,19,115
38,91,129
24,98,122
96,30,126
38,36,74
9,44,53
77,55,132
62,45,107
56,60,116
16,11,27
19,17,36
63,45,108
20,27,47
23,70,93
10,33,43
39,82,121
75,100,175
94,97,191
35,14,49
84,54,138
73,8,81
73,46,119
44,45,89
33,71,104
89,68,157
68,54,122
83,97,180
12,36,48
26,16,42
71,59,130
26,50,76
33,17,50
80,56,136
78,34,112
30,7,37
48,51,99
41,90,131
97,94,191
83,64,147
67,38,105
71,63,134
71,62,133
57,79,136
54,75,129
40,56,96
12,12,24
29,76,105
13,42,55
82,90,172
75,84,159
17,58,75
81,11,92
16,58,74
33,84,117
94,91,185
77,72,149
58,40,98
23,46,69
94,71,165
52,24,76
41,45,86
78,67,145
20,56,76
47,36,83
42,29,71
31,84,115
22,82,104
53,46,99
26,46,72
36,52,88
9,97,106
89,21,110
63,90,153
26,89,115
79,26,105
50,40,90
25,50,75
48,56,104
99,86,185
17,57,74
81,75,156
87,10,97
57,49,106
28,76,104
77,98,175
80,46,126
45,85,130
46,18,64
58,19,77
70,21,91
79,98,177
81,34,115
92,9,101
95,51,146
32,11,43
25,42,67
87,14,101
71,11,82
67,73,140
52,15,67
80,56,136
70,48,118
89,47,136
22,65,87
12,8,20
86,96,182
64,42,106
92,55,147
9,31,40
23,75,98
76,26,102
27,59,86
65,66,131
89,72,161
45,94,139
82,18,100
43,19,62
98,79,177
92,41,133
93,38,131
92,34,126
42,12,54
35,75,110
50,58,108
36,95,131
40,40,80
69,85,154
68,24,92
30,91,121
29,18,47
68,12,80
58,74,132
60,97,157
72,72,144
55,19,74
72,41,113
25,26,51
21,78,99
12,89,101
13,14,27
92,11,103
47,79,126
7,13,20
66,96,162
72,66,138
79,72,151
49,8,57
62,81,143
22,69,91
41,45,86
27,13,40
59,11,70
79,17,96
21,94,115
79,27,106
69,33,102
49,88,137
82,12,94
78,58,136
84,65,149
55,74,129
92,76,168
41,45,86
87,85,172
79,37,116
48,45,93
96,20,116
91,35,126
72,89,161
61,19,80
27,84,111
34,21,55
60,19,79
66,60,126
94,65,159
99,60,159
93,62,155
80,70,150
18,49,67
75,13,88
65,32,97
73,96,169
45,56,101
37,23,60
59,94,153
95,71,166
23,96,119
69,39,108
74,64,138
72,14,86
11,67,78
71,88,159
39,30,69
61,93,154
40,33,73
31,25,56
13,55,68
37,71,108
31,59,90
74,93,167
97,95,192
22,29,51
60,43,103
52,89,141
21,18,39
41,25,66
61,56,117
50,60,110
92,42,134
23,31,54
64,87,151
93,73,166
89,49,138
55,32,87
46,93,139
87,45,132
89,68,157
81,87,168
12,66,78
83,27,110
78,31,109
78,16,94
34,60,94
80,11,91
83,69,152
62,48,110
16,63,79
93,32,125
90,97,187
93,51,144
17,82,99
29,35,64
100,73,173
9,98,107
20,61,81
56,74,130
15,57,72
56,37,93
84,20,104
53,95,148
9,78,87
87,73,160
14,33,47
92,20,112
71,43,114
78,66,144
82,54,136
61,80,141
27,57,84
57,8,65
51,38,89
93,55,148
90,38,128
71,10,81
86,10,96
82,43,125
82,77,159
42,75,117
33,38,71
47,96,143
46,51,97
67,84,151
64,77,141
74,55,129
50,19,69
43,25,68
100,44,144
99,97,196
18,44,62
7,98,105
72,19,91
36,76,112
43,7,50
37,67,104
72,42,114
34,85,119
80,36,116
55,13,68
8,57,65
79,32,111
72,91,163
83,35,118
53,16,69
66,82,148
46,76,122
26,86,112
37,36,73
79,63,142
55,63,118
76,83,159
61,87,148
32,19,51
69,20,89
80,58,138
100,74,174
98,56,154
33,44,77
49,34,83
9,97,106
86,34,120
82,62,144
67,22,89
30,62,92
10,16,26
23,57,80
11,57,68
85,96,181
92,36,128
56,99,155
65,8,73
99,27,126
68,61,129
26,99,125
15,50,65
88,52,140
22,11,33
39,72,111
25,88,113
62,96,158
61,44,105
63,83,146
47,87,134
11,51,62
37,60,97
96,16,112
13,62,75
12,62,74
42,37,79
96,58,154
87,51,138
13,96,109
73,30,103
29,36,65
39,8,47
73,71,144
60,43,103
27,59,86
63,74,137
38,96,134
99,79,178
55,69,124
46,100,146
83,96,179
81,15,96
40,50,90
38,10,48
62,53,115
29,58,87
69,25,94
52,48,100
35,84,119
53,43,96
70,92,162
23,99,122
85,76,161
95,68,163
26,11,37
99,27,126
60,87,147
36,77,113
65,59,124
85,74,159
43,19,62
58,84,142
80,59,139
72,83,155
81,61,142
90,67,157
72,45,117
43,9,52
81,49,130
20,67,87
67,34,101
39,50,89
91,87,178
26,99,125
67,48,115
84,12,96
68,79,147
70,45,115
30,70,100
32,98,130
82,79,161
16,41,57
78,83,161
71,39,110
19,10,29
93,60,153
67,29,96
12,53,65
51,65,116
64,27,91
45,58,103
60,77,137
39,39,78
21,9,30
45,34,79
71,31,102
56,23,79
16,43,59
67,68,135
52,92,144
8,91,99
92,82,174
10,41,51
47,73,120
44,29,73
15,96,111
82,34,116
64,35,99
54,15,69
42,50,92
81,22,103
27,43,70
19,89,108
44,63,107
78,99,177
28,58,86
47,24,71
80,96,176
98,64,162
12,37,49
8,94,102
43,78,121
58,78,136
69,58,127
32,47,79
61,79,140
70,91,161
61,24,85
88,43,131
96,19,115
46,95,141
78,8,86
72,98,170
25,38,63
44,39,83
13,29,42
78,95,173
55,30,85
87,32,119
68,33,101
63,55,118
92,81,173
51,87,138
27,63,90
21,32,53
99,60,159
46,27,73
38,33,71
56,9,65
75,49,124
88,92,180
62,49,111
52,30,82
41,67,108
62,64,126
97,17,114
31,67,98
77,14,91
35,92,127
91,77,168
18,68,86
32,54,86
25,24,49
52,44,96
66,19,85
46,100,146
10,49,59
68,51,119
39,46,85
85,13,98
85,28,113
28,8,36
55,78,133
87,45,132
60,28,88
26,95,121
64,93,157
90,74,164
27,74,101
79,96,175
97,95,192
15,57,72
72,11,83
25,74,99
11,68,79
27,47,74
41,99,140
76,84,160
50,13,63
28,100,128
37,59,96
85,54,139
42,17,59
13,61,74
41,98,139
93,55,148
93,47,140
16,60,76
56,56,112
96,98,194
7,17,24
93,98,191
27,24,51
16,24,40
7,61,68
59,22,81
10,30,40
68,83,151
77,92,169
74,71,145
49,10,59
100,75,175
17,18,35
40,51,91
32,50,82
92,16,108
44,24,68
59,55,114
90,70,160
56,32,88
63,35,98
71,61,132
10,62,72
79,77,156
55,89,144
30,84,114
62,81,143
86,85,171
44,66,110
72,47,119
51,99,150
70,42,112
68,16,84
32,12,44
35,42,77
89,26,115
52,51,103
48,80,128
42,22,64
27,82,109
99,31,130
61,75,136
17,34,51
29,32,61
26,72,98
36,61,97
22,32,54
51,78,129
62,98,160
78,61,139
99,70,169
51,26,77
36,53,89
28,52,80
66,94,160
87,15,102
55,11,66
12,26,38
15,27,42
98,41,139
90,21,111
63,19,82
28,51,79
15,43,58
7,23,30
48,14,62
34,51,85
71,43,114
87,66,153
19,73,92
39,59,98
77,53,130
29,52,81
13,42,55
32,31,63
42,53,95
15,15,30
42,85,127
81,63,144
69,45,114
98,66,164
40,27,67
66,83,149
66,91,157
8,54,62
24,86,110
66,99,165
41,50,91
37,86,123
73,75,148
56,36,92
70,49,119
64,96,160
76,34,110
69,99,168
76,88,164
34,45,79
14,75,89
32,40,72
52,86,138
35,93,128
48,37,85
54,49,103
78,98,176
78,11,89
41,96,137
22,79,101
30,96,126
17,53,70
15,78,93
45,85,130
79,11,90
35,68,103
73,27,100
86,7,93
87,79,166
98,75,173
100,39,139
31,68,99
60,46,106
14,40,54
89,54,143
34,41,75
11,28,39
28,90,118
30,89,119
96,72,168
68,30,98
18,38,56
30,27,57
9,31,40
75,91,166
20,44,64
21,40,61
76,18,94
39,28,67
60,68,128
8,46,54
14,49,63
83,38,121
26,37,63
78,33,111
68,74,142
32,66,98
79,20,99
66,8,74
25,28,53
33,33,66
27,97,124
21,27,48
52,25,77
52,51,103
67,8,75
42,89,131
14,19,33
88,41,129
60,68,128
48,18,66
85,54,139
17,42,59
63,50,113
41,84,125
79,44,123
35,7,42
99,33,132
33,83,116
65,20,85
78,99,177
50,68,118
64,28,92
71,8,79
64,69,133
38,67,105
7,20,27
71,80,151
86,92,178
10,21,31
83,33,116
84,44,128
54,90,144
50,8,58
99,91,190
77,73,150
34,76,110
14,68,82
73,67,140
37,37,74
93,79,172
48,61,109
37,26,63
48,83,131
70,16,86
12,9,21
35,46,81
62,27,89
21,16,37
75,54,129
80,30,110
30,46,76
54,92,146
100,76,176
78,50,128
16,88,104
9,41,50
54,44,98
39,70,109
52,23,75
82,63,145
39,46,85
19,70,89
57,29,86
14,37,51
95,7,102
59,21,80
32,97,129
11,41,52
56,24,80
73,30,103
38,18,56
51,9,60
24,90,114
61,76,137
85,10,95
15,64,79
70,58,128
27,77,104
34,95,129
54,62,116
28,85,113
76,24,100
37,54,91
79,28,107
8,83,91
27,95,122
76,50,126
44,9,53
23,67,90
32,33,65
87,77,164
32,39,71
23,51,74
40,69,109
46,70,116
92,38,130
13,94,107
63,85,148
85,44,129
24,66,90
75,28,103
31,87,118
25,80,105
56,27,83
52,37,89
71,14,85
11,47,58
59,56,115
93,85,178
16,14,30
37,96,133
78,40,118
9,24,33
82,63,145
74,9,83
26,86,112
95,27,122
25,7,32
24,85,109
62,11,73
73,80,153
49,7,56
44,9,53
99,49,148
91,21,112
65,9,74
18,67,85
33,34,67
22,29,51
71,89,160
36,50,86
94,27,121
39,99,138
81,79,160
25,44,69
27,71,98
23,75,98
38,73,111
90,44,134
14,98,112
70,85,155
92,14,106
69,81,150
100,30,130
75,20,95
7,33,40
49,74,123
92,95,187
50,32,82
81,100,181
81,93,174
74,88,162
41,59,100
9,32,41
33,45,78
57,14,71
8,21,29
76,79,155
82,75,157
90,12,102
48,21,69
34,26,60
78,42,120
25,56,81
67,27,94
64,62,126
50,24,74
67,69,136
93,52,145
78,54,132
73,74,147
7,22,29
27,26,53
71,85,156
73,30,103
56,21,77
56,18,74
62,42,104
20,67,87
35,77,112
78,83,161
79,70,149
80,64,144
28,71,99
75,45,120
74,69,143
36,29,65
51,46,97
14,26,40
84,64,148
93,19,112
25,88,113
56,34,90
39,100,139
31,61,92
55,44,99
35,57,92
100,8,108
96,67,163
30,83,113
66,89,155
99,63,162
89,54,143
15,97,112
33,60,93
67,80,147
42,12,54
12,100,112
17,41,58
69,43,112
94,14,108
33,45,78
19,35,54
86,50,136
91,79,170
13,52,65
56,57,113
41,98,139
37,90,127
83,56,139
33,35,68
83,41,124
15,88,103
80,81,161
43,84,127
35,49,84
29,33,62
87,91,178
28,78,106
12,82,94
92,82,174
44,47,91
80,49,129
37,31,68
73,16,89
100,84,184
92,58,150
69,57,126
88,82,170
62,24,86
15,93,108
7,46,53
60,37,97
62,41,103
87,66,153
93,16,109
34,41,75
91,46,137
86,68,154
56,72,128
57,17,74
97,72,169
59,84,143
63,65,128
97,90,187
64,18,82
41,95,136
51,60,111
44,24,68
55,50,105
8,29,37
51,83,134
85,14,99
26,81,107
88,91,179
73,95,168
86,78,164
98,78,176
92,98,190
27,44,71
92,42,134
85,71,156
73,31,104
79,60,139
93,83,176
74,60,134
78,68,146
74,43,117
67,9,76
30,62,92
82,62,144
69,23,92
43,56,99
94,56,150
34,66,100
54,53,107
66,84,150
92,83,175
20,12,32
91,82,173
90,82,172
48,66,114
77,36,113
17,52,69
40,61,101
49,84,133
10,87,97
99,35,134
27,28,55
85,56,141
57,8,65
75,11,86
77,17,94
54,19,73
67,10,77
55,28,83
60,32,92
57,51,108
85,91,176
76,31,107
30,75,105
90,80,170
81,22,103
91,60,151
98,52,150
93,70,163
93,58,151
24,28,52
64,69,133
13,47,60
86,97,183
99,59,158
13,84,97
64,14,78
25,98,123
52,9,61
14,30,44
80,84,164
50,86,136
83,82,165
27,70,97
19,44,63
57,64,121
10,53,63
78,43,121
25,44,69
57,27,84
20,77,97
67,24,91
34,43,77
72,21,93
64,19,83
28,10,38
21,77,98
19,45,64
57,42,99
42,58,100
82,49,131
92,31,123
96,61,157
37,54,91
75,12,87
30,98,128
37,23,60
27,62,89
73,66,139
39,81,120
39,78,117
19,81,100
77,99,176
63,13,76
59,38,97
78,32,110
62,18,80
81,43,124
80,65,145
53,97,150
9,52,61
17,96,113
56,56,112
17,86,103
31,21,52
19,65,84
80,39,119
53,25,78
16,24,40
84,60,144
17,63,80
92,56,148
69,8,77
12,47,59
94,82,176
35,22,57
27,27,54
70,91,161
59,26,85
81,48,129
13,26,39
73,98,171
67,92,159
59,80,139
84,47,131
65,16,81
100,9,109
73,7,80
10,94,104
20,9,29
11,78,89
9,34,43
52,77,129
86,88,174
55,58,113
19,78,97
28,37,65
65,33,98
97,39,136
50,8,58
69,93,162
21,96,117
63,74,137
49,94,143
29,98,127
44,99,143
44,76,120
33,32,65
37,22,59
97,67,164
63,60,123
53,51,104
80,7,87
96,58,154
55,16,71
72,58,130
71,96,167
11,29,40
8,28,36
52,62,114
84,98,182
96,30,126
99,27,126
42,85,127
72,46,118
62,53,115
15,54,69
13,22,35
11,52,63
72,100,172
14,86,100
86,25,111
9,85,94
54,29,83
27,47,74
30,52,82
62,48,110
89,20,109
8,15,23
12,26,38
80,41,121
41,26,67
58,36,94
83,23,106
79,17,96
14,65,79
80,32,112
91,47,138
66,48,114
84,74,158
27,71,98
75,39,114
75,56,131
63,22,85
73,92,165
15,54,69
13,13,26
61,23,84
81,43,124
96,85,181
69,27,96
42,78,120
60,23,83
70,13,83
84,71,155
71,30,101
95,84,179
91,69,160
46,15,61
32,42,74
79,67,146
47,54,101
21,38,59
56,35,91
23,68,91
79,21,100
15,8,23
7,36,43
27,43,70
13,32,45
40,16,56
16,91,107
61,71,132
8,46,54
21,12,33
52,22,74
10,19,29
52,42,94
99,16,115
87,77,164
46,62,108
48,91,139
82,48,130
28,49,77
58,90,148
47,20,67
42,35,77
60,19,79
22,64,86
33,42,75
55,85,140
47,14,61
76,65,141
44,63,107
56,97,153
21,43,64
70,81,151
47,20,67
29,74,103
57,95,152
24,88,112
16,64,80
70,28,98
79,61,140
91,43,134
83,50,133
51,38,89
34,44,78
41,93,134
80,22,102
22,85,107
75,33,108
53,61,114
15,34,49
49,9,58
66,40,106
30,14,44
89,43,132
40,27,67
75,30,105
26,44,70
12,86,98
84,51,135
73,69,142
41,96,137
30,58,88
11,25,36
74,56,130
78,21,99
47,37,84
24,89,113
91,52,143
21,77,98
27,33,60
28,14,42
80,66,146
96,93,189
27,25,52
22,65,87
93,81,174
79,56,135
54,21,75
82,79,161
86,13,99
77,48,125
11,82,93
86,7,93
73,58,131
34,14,48
40,73,113
90,45,135
86,31,117
34,54,88
89,74,163
34,46,80
81,79,160
16,61,77
72,48,120
61,63,124
71,31,102
82,16,98
99,58,157
70,17,87
89,18,107
69,92,161
77,70,147
35,66,101
73,96,169
50,64,114
38,12,50
61,66,127
45,17,62
58,18,76
26,58,84
22,29,51
56,98,154
54,32,86
34,16,50
83,38,121
91,9,100
19,15,34
60,52,112
26,86,112
38,66,104
89,97,186
79,76,155
79,16,95
80,7,87
58,27,85
88,54,142
29,71,100
47,69,116
69,17,86
91,72,163
41,70,111
9,82,91
78,79,157
10,28,38
88,40,128
78,9,87
53,71,124
73,95,168
44,15,59
32,67,99
94,41,135
18,76,94
71,67,138
30,66,96
44,42,86
92,12,104
57,74,131
93,83,176
34,92,126
36,99,135
60,93,153
26,38,64
61,96,157
88,58,146
38,72,110
44,38,82
81,9,90
37,78,115
88,66,154
38,34,72
53,13,66
18,73,91
51,32,83
95,14,109
99,55,154
10,85,95
53,22,75
98,63,161
47,23,70
13,25,38
54,28,82
97,18,115
10,23,33
25,60,85
25,88,113
22,96,118
96,51,147
90,15,105
15,12,27
72,65,137
12,87,99
58,13,71
94,61,155
24,64,88
45,58,103
9,90,99
72,68,140
20,39,59
62,57,119
86,23,109
53,95,148
20,83,103
74,73,147
11,12,23
20,78,98
47,77,124
96,55,151
89,19,108
18,24,42
81,97,178
53,15,68
53,28,81
39,16,55
94,70,164
91,100,191
58,94,152
91,88,179
90,79,169
62,10,72
56,9,65
10,100,110
54,80,134
98,63,161
59,73,132
10,28,38
33,23,56
90,90,180
60,79,139
64,59,123
37,44,81
43,33,76
86,79,165
17,54,71
62,44,106
23,16,39
75,62,137
32,20,52
46,73,119
33,85,118
64,99,163
65,71,136
73,38,111
87,88,175
21,7,28
12,68,80
43,12,55
31,14,45
57,15,72
80,46,126
13,57,70
21,80,101
28,32,60
17,18,35
50,91,141
89,81,170
64,14,78
59,30,89
19,58,77
28,33,61
56,91,147
28,61,89
63,75,138
61,52,113
90,32,122
86,18,104
91,88,179
18,19,37
39,8,47
15,75,90
59,50,109
76,22,98
7,93,100
16,92,108
83,71,154
19,15,34
25,100,125
27,98,125
89,15,104
37,48,85
53,19,72
27,77,104
80,20,100
24,77,101
98,16,114
90,29,119
94,85,179
11,86,97
53,100,153
84,76,160
22,82,104
73,22,95
31,17,48
13,100,113
23,75,98
69,43,112
83,31,114
58,70,128
42,23,65
68,98,166
16,60,76
84,45,129
34,58,92
71,52,123
49,42,91
10,39,49
28,40,68
89,78,167
65,85,150
9,8,17
74,12,86
37,85,122
41,32,73
15,80,95
30,80,110
36,91,127
66,42,108
73,11,84
48,27,75
97,90,187
40,22,62
34,64,98
62,48,110
93,21,114
85,84,169
52,91,143
67,48,115
71,80,151
49,68,117
87,63,150
54,99,153
36,99,135
71,15,86
18,61,79
21,75,96
46,98,144
26,77,103
50,69,119
30,39,69
46,45,91
84,72,156
66,38,104
63,87,150
29,43,72
78,93,171
79,14,93
20,41,61
97,16,113
34,61,95
11,78,89
53,53,106
61,12,73
72,63,135
79,33,112
17,38,55
8,58,66
32,49,81
87,34,121
67,74,141
28,75,103
33,78,111
93,67,160
81,35,116
76,73,149
30,90,120
81,98,179
69,17,86
91,31,122
30,66,96
81,46,127
25,80,105
20,95,115
25,49,74
77,71,148
48,87,135
67,36,103
81,89,170
7,72,79
31,99,130
89,72,161
17,20,37
15,71,86
27,47,74
16,98,114
86,94,180
18,9,27
54,13,67
96,54,150
36,49,85
9,53,62
17,45,62
66,60,126
22,21,43
81,85,166
11,76,87
31,22,53
12,53,65
100,96,196
52,7,59
29,40,69
89,70,159
7,31,38
8,18,26
45,15,60
65,90,155
37,80,117
91,58,149
82,11,93
67,93,160
89,65,154
60,85,145
8,80,88
23,99,122
93,83,176
62,45,107
40,33,73
88,99,187
70,51,121
56,9,65
42,82,124
97,69,166
20,24,44
97,46,143
93,46,139
30,33,63
95,90,185
52,67,119
53,41,94
41,15,56
67,29,96
70,21,91
48,28,76
63,71,134
64,34,98
21,41,62
55,56,111
56,26,82
36,34,70
71,63,134
15,55,70
83,100,183
82,72,154
57,34,91
32,30,62
27,48,75
96,48,144
8,39,47
77,42,119
79,78,157
61,62,123
7,15,22
23,60,83
44,84,128
54,32,86
7,29,36
28,48,76
17,87,104
11,79,90
76,52,128
40,27,67
52,50,102
59,79,138
35,97,132
82,67,149
27,57,84
69,26,95
28,48,76
72,29,101
40,59,99
62,48,110
67,42,109
49,80,129
60,44,104
80,87,167
92,49,141
24,51,75
41,37,78
55,71,126
94,13,107
86,86,172
10,20,30
62,92,154
46,99,145
51,60,111
86,79,165
34,93,127
97,100,197
27,47,74
72,11,83
12,31,43
96,41,137
47,84,131
29,96,125
13,55,68
68,59,127
76,36,112
69,33,102
54,46,100
75,83,158
85,45,130
86,11,97
96,97,193
12,42,54
94,52,146
33,59,92
27,91,118
58,66,124
18,12,30
50,9,59
14,35,49
41,12,53
60,17,77
63,8,71
60,21,81
44,28,72
89,61,150
99,20,119
94,98,192
39,87,126
91,37,128
74,85,159
54,78,132
62,44,106
8,43,51
97,30,127
21,34,55
10,23,33
63,85,148
66,13,79
60,71,131
75,100,175
70,55,125
97,99,196
69,49,118
14,54,68
44,79,123
61,15,76
38,55,93
62,57,119
97,44,141
48,20,68
39,99,138
34,37,71
14,15,29
85,45,130
25,25,50
50,18,68
59,96,155
28,83,111
41,48,89
73,36,109
10,11,21
13,14,27
79,58,137
28,25,53
59,91,150
63,46,109
54,17,71
79,38,117
7,42,49
73,12,85
11,94,105
98,15,113
26,10,36
45,36,81
96,16,112
67,94,161
17,90,107
26,82,108
16,88,104
47,80,127
15,30,45
62,70,132
96,46,142
73,50,123
33,39,72
29,86,115
64,35,99
46,95,141
8,55,63
92,25,117
87,35,122
7,99,106
19,31,50
90,89,179
17,85,102
14,35,49
77,56,133
25,52,77
90,67,157
37,92,129
9,60,69
81,19,100
84,95,179
42,12,54
63,61,124
88,31,119
72,92,164
61,66,127
7,79,86
63,76,139
54,65,119
34,69,103
26,18,44
91,54,145
60,30,90
28,66,94
79,95,174
57,56,113
45,13,58
68,47,115
25,84,109
48,35,83
32,53,85
64,9,73
8,85,93
47,60,107
86,19,105
36,78,114
38,42,80
59,53,112
80,18,98
16,72,88
22,70,92
23,80,103
51,41,92
62,91,153
88,38,126
27,28,55
17,23,40
71,19,90
40,11,51
41,27,68
40,43,83
39,21,60
83,68,151
86,56,142
7,90,97
97,58,155
97,8,105
69,49,118
39,58,97
78,21,99
38,95,133
37,98,135
9,16,25
36,43,79
35,98,133
25,7,32
96,85,181
33,54,87
64,77,141
89,31,120
45,33,78
40,66,106
15,46,61
38,100,138
39,8,47
38,47,85
37,62,99
40,76,116
50,13,63
73,14,87
46,34,80
76,11,87
19,56,75
36,59,95
82,12,94
91,63,154
23,35,58
27,14,41
38,100,138
22,88,110
94,91,185
51,100,151
26,82,108
55,32,87
80,66,146
78,42,120
9,67,76
17,40,57
62,45,107
71,73,144
73,19,92
90,100,190
33,48,81
64,66,130
48,92,140
26,50,76
80,81,161
36,76,112
98,85,183
77,97,174
28,46,74
10,93,103
60,78,138
98,88,186
21,60,81
61,46,107
16,60,76
78,99,177
38,18,56
71,16,87
14,86,100
43,71,114
83,72,155
74,11,85
91,27,118
67,98,165
45,87,132
41,98,139
8,26,34
34,71,105
82,19,101
92,26,118
58,75,133
76,13,89
53,93,146
17,13,30
9,82,91
71,66,137
51,75,126
40,67,107
32,11,43
54,85,139
7,48,55
53,40,93
97,93,190
23,39,62
69,59,128
70,9,79
58,55,113
10,54,64
46,97,143
62,66,128
36,35,71
44,53,97
79,38,117
34,90,124
47,12,59
48,91,139
100,85,185
13,61,74
49,68,117
7,12,19
54,26,80
24,98,122
99,42,141
99,60,159
33,32,65
59,19,78
12,25,37
70,33,103
53,44,97
47,8,55
68,7,75
21,15,36
60,97,157
92,41,133
63,77,140
100,95,195
23,72,95
18,38,56
77,76,153
66,97,163
57,73,130
12,54,66
11,100,111
98,79,177
56,74,130
30,69,99
87,28,115
69,73,142
9,96,105
47,33,80
31,61,92
81,21,102
28,48,76
7,22,29
19,55,74
24,37,61
77,8,85
18,43,61
83,63,146
48,72,120
59,45,104
27,77,104
19,63,82
92,24,116
56,73,129
60,29,89
60,36,96
82,27,109
15,51,66
80,56,136
71,99,170
58,46,104
98,66,164
39,85,124
36,67,103
85,23,108
29,54,83
98,74,172
32,38,70
64,12,76
69,55,124
81,10,91
27,59,86
73,12,85
70,26,96
57,30,87
30,70,100
75,97,172
68,25,93
96,81,177
19,92,111
35,78,113
36,53,89
63,11,74
34,98,132
76,45,121
83,50,133
19,35,54
17,40,57
21,13,34
11,97,108
37,97,134
19,95,114
10,80,90
96,58,154
14,9,23
83,87,170
90,81,171
9,94,103
43,31,74
69,84,153
25,67,92
36,24,60
65,77,142
96,69,165
87,29,116
77,81,158
35,27,62
73,28,101
97,47,144
87,65,152
36,49,85
55,26,81
35,15,50
12,84,96
69,54,123
100,80,180
85,70,155
51,66,117
25,23,48
25,78,103
8,43,51
54,72,126
9,93,102
34,84,118
32,24,56
33,97,130
65,85,150
47,38,85
49,30,79
71,80,151
53,89,142
33,75,108
78,89,167
90,96,186
91,92,183
88,59,147
94,65,159
39,37,76
74,82,156
71,67,138
33,54,87
83,89,172
88,45,133
23,17,40
14,26,40
86,18,104
70,99,169
41,37,78
70,52,122
38,20,58
52,8,60
81,13,94
58,83,141
99,7,106
82,60,142
37,100,137
63,86,149
25,46,71
60,93,153
62,62,124
92,33,125
90,51,141
41,48,89
9,15,24
55,61,116
81,96,177
69,11,80
24,68,92
55,24,79
14,26,40
52,92,144
90,94,184
70,30,100
71,95,166
47,100,147
74,85,159
28,87,115
78,41,119
99,44,143
90,96,186
47,14,61
62,35,97
57,98,155
23,22,45
39,57,96
48,82,130
36,71,107
85,12,97
70,27,97
27,53,80
61,9,70
15,56,71
49,37,86
10,22,32
22,69,91
23,27,50
65,75,140
24,92,116
71,88,159
62,25,87
11,74,85
91,64,155
100,50,150
34,37,71
65,73,138
93,27,120
76,50,126
69,74,143
56,99,155
42,33,75
15,43,58
49,28,77
56,73,129
52,90,142
91,30,121
98,25,123
46,25,71
43,16,59
71,52,123
35,22,57
21,24,45
43,67,110
85,38,123
50,86,136
24,86,110
60,64,124
58,11,69
11,80,91
67,100,167
30,30,60
70,64,134
32,94,126
49,62,111
73,21,94
53,45,98
63,28,91
7,96,103
89,53,142
22,74,96
36,13,49
76,31,107
23,8,31
85,10,95
55,94,149
37,38,75
51,88,139
77,58,135
58,30,88
83,51,134
27,50,77
10,86,96
80,41,121
95,51,146
97,15,112
40,64,104
53,92,145
33,77,110
70,50,120
54,18,72
77,14,91
20,56,76
73,85,158
74,21,95
33,57,90
38,35,73
74,73,147
43,43,86
97,59,156
96,55,151
97,54,151
96,47,143
98,59,157
72,35,107
75,30,105
44,51,95
59,51,110
40,12,52
36,65,101
54,53,107
80,70,150
98,35,133
81,74,155
42,46,88
79,44,123
88,62,150
52,94,146
67,20,87
48,84,132
46,38,84
50,95,145
66,80,146
21,95,116
91,87,178
49,16,65
94,51,145
100,91,191
23,29,52
92,67,159
15,78,93
11,79,90
61,96,157
25,49,74
96,40,136
28,66,94
57,16,73
84,25,109
91,78,169
92,39,131
68,78,146
7,59,66
61,33,94
100,11,111
66,13,79
14,33,47
10,40,50
91,27,118
31,94,125
30,98,128
48,60,108
29,85,114
9,57,66
24,87,111
95,49,144
71,97,168
7,20,27
67,47,114
38,56,94
41,68,109
62,50,112
70,54,124
53,36,89
22,83,105
33,14,47
33,69,102
39,12,51
47,30,77
35,78,113
47,46,93
81,55,136
56,67,123
72,84,156
48,87,135
27,40,67
8,59,67
86,93,179
14,57,71
67,83,150
33,70,103
88,41,129
88,44,132
34,72,106
39,78,117
48,58,106
26,78,104
40,60,100
84,33,117
30,38,68
40,27,67
25,55,80
32,44,76
69,32,101
47,76,123
98,47,145
24,55,79
17,12,29
63,95,158
36,25,61
66,24,90
26,100,126
87,96,183
23,13,36
49,85,134
93,11,104
81,46,127
70,28,98
17,28,45
14,41,55
45,32,77
56,72,128
26,21,47
81,33,114
42,82,124
33,30,63
47,8,55
69,98,167
23,70,93
99,17,116
50,27,77
11,99,110
10,67,77
81,65,146
7,49,56
20,55,75
48,9,57
98,72,170
49,37,86
100,50,150
81,22,103
60,36,96
10,99,109
62,60,122
67,19,86
63,12,75
63,20,83
82,51,133
46,76,122
57,59,116
72,26,98
32,52,84
23,90,113
53,34,87
17,23,40
16,75,91
71,97,168
90,97,187
13,29,42
36,11,47
19,82,101
83,75,158
32,31,63
94,77,171
8,80,88
89,70,159
94,33,127
50,37,87
43,82,125
82,76,158
93,57,150
22,45,67
58,66,124
80,35,115
84,63,147
70,84,154
89,8,97
32,43,75
86,55,141
69,75,144
74,77,151
7,83,90
24,13,37
25,91,116
48,54,102
83,92,175
46,78,124
86,71,157
79,7,86
48,17,65
46,80,126
93,57,150
76,23,99
13,23,36
55,80,135
21,84,105
76,73,149
31,65,96
88,24,112
25,50,75
50,64,114
39,62,101
88,60,148
33,60,93
22,85,107
33,55,88
65,24,89
80,91,171
64,77,141
29,19,48
49,72,121
65,68,133
59,100,159
53,19,72
48,22,70
63,39,102
94,18,112
96,25,121
36,46,82
62,90,152
74,21,95
94,11,105
16,85,101
81,87,168
23,40,63
41,75,116
67,24,91
71,55,126
55,20,75
66,95,161
81,29,110
58,70,128
87,32,119
23,45,68
89,83,172
83,14,97
95,26,121
24,17,41
73,68,141
34,97,131
83,97,180
23,100,123
60,73,133
57,61,118
85,39,124
59,88,147
30,23,53
94,31,125
61,20,81
52,96,148
83,67,150
14,88,102
26,50,76
65,93,158
89,88,177
62,17,79
37,44,81
60,20,80
85,48,133
16,33,49
81,82,163
31,55,86
47,85,132
24,34,58
39,32,71
22,22,44
30,78,108
23,8,31
16,34,50
7,39,46
36,39,75
46,21,67
87,42,129
13,73,86
83,54,137
78,93,171
41,39,80
73,90,163
97,54,151
50,9,59
60,86,146
71,75,146
44,38,82
72,41,113
39,75,114
10,75,85
78,88,166
88,39,127
40,21,61
76,88,164
86,49,135
96,100,196
64,94,158
88,57,145
88,42,130
92,63,155
87,31,118
57,37,94
61,65,126
21,40,61
35,85,120
21,58,79
18,23,41
65,32,97
30,62,92
13,33,46
87,56,143
15,65,80
40,21,61
76,41,117
28,33,61
10,54,64
75,70,145
90,99,189
90,77,167
22,95,117
57,35,92
84,38,122
78,56,134
10,95,105
79,27,106
64,77,141
37,25,62
72,71,143
73,20,93
47,23,70
56,56,112
11,46,57
87,67,154
8,16,24
36,88,124
49,76,125
28,75,103
7,52,59
94,31,125
17,16,33
74,7,81
61,84,145
78,13,91
73,63,136
32,59,91
62,86,148
41,57,98
39,28,67
90,38,128
42,52,94
49,25,74
22,55,77
49,62,111
100,69,169
33,65,98
47,34,81
38,73,111
42,52,94
57,58,115
50,25,75
54,73,127
39,37,76
42,30,72
26,60,86
35,49,84
26,55,81
17,90,107
48,63,111
39,92,131
92,62,154
74,45,119
92,100,192
43,92,135
91,98,189
74,39,113
33,71,104
73,79,152
56,73,129
82,10,92
75,35,110
29,71,100
32,51,83
65,74,139
79,76,155
87,51,138
82,52,134
21,8,29
75,20,95
14,7,21
31,38,69
84,72,156
24,88,112
28,67,95
68,77,145
36,52,88
54,74,128
46,93,139
39,25,64
79,85,164
33,100,133
59,26,85
85,26,111
80,78,158
55,54,109
40,26,66
51,86,137
42,23,65
43,23,66
59,91,150
75,8,83
31,42,73
25,76,101
16,48,64
10,73,83
58,72,130
14,94,108
100,83,183
70,18,88
10,46,56
99,88,187
20,84,104
88,86,174
57,8,65
76,48,124
100,18,118
87,99,186
18,65,83
94,62,156
78,45,123
30,7,37
34,18,52
12,47,59
69,95,164
12,13,25
27,81,108
58,33,91
9,47,56
38,87,125
44,15,59
32,60,92
52,79,131
50,47,97
16,26,42
22,20,42
54,36,90
83,15,98
79,25,104
29,10,39
75,27,102
89,29,118
88,47,135
17,30,47
67,41,108
24,98,122
28,26,54
80,34,114
41,96,137
47,67,114
95,56,151
18,41,59
55,59,114
67,18,85
72,21,93
49,83,132
66,86,152
42,24,66
44,61,105
99,51,150
38,56,94
35,77,112
50,26,76
29,59,88
35,82,117
53,23,76
99,16,115
81,93,174
97,90,187
33,76,109
48,58,106
33,35,68
37,26,63
67,53,120
36,95,131
11,98,109
11,82,93
78,31,109
15,66,81
100,99,199
7,74,81
54,14,68
47,37,84
29,23,52
96,22,118
28,61,89
45,18,63
43,68,111
17,70,87
40,92,132
72,72,144
28,44,72
53,14,67
74,57,131
23,61,84
21,62,83
27,79,106
75,69,144
80,80,160
79,13,92
81,65,146
44,29,73
83,41,124
11,100,111
14,83,97
66,59,125
95,13,108
62,80,142
39,23,62
73,71,144
89,22,111
42,56,98
23,32,55
16,73,89
65,36,101
59,50,109
70,41,111
77,21,98
26,85,111
54,61,115
86,69,155
14,56,70
37,65,102
46,60,106
13,29,42
46,63,109
7,34,41
18,92,110
56,47,103
58,15,73
98,39,137
42,29,71
73,14,87
75,31,106
19,32,51
22,47,69
100,70,170
87,67,154
59,100,159
40,79,119
77,71,148
7,25,32
56,61,117
8,86,94
91,22,113
83,43,126
79,12,91
31,92,123
99,75,174
55,18,73
56,91,147
20,11,31
95,60,155
72,98,170
56,69,125
23,20,43
16,77,93
48,79,127
59,89,148
56,69,125
96,42,138
97,91,188
26,19,45
45,61,106
20,85,105
31,75,106
23,91,114
77,48,125
87,52,139
24,92,116
90,32,122
90,68,158
81,78,159
84,64,148
33,87,120
96,53,149
52,85,137
61,24,85
36,77,113
74,9,83
62,54,116
98,97,195
47,74,121
63,23,86
23,47,70
52,49,101
48,7,55
69,99,168
52,97,149
97,58,155
96,48,144
58,76,134
57,86,143
37,28,65
98,33,131
36,70,106
23,75,98
61,86,147
71,53,124
21,57,78
96,52,148
37,23,60
40,18,58
64,95,159
60,81,141
54,100,154
23,27,50
85,87,172
93,29,122
67,64,131
37,45,82
75,53,128
76,26,102
74,71,145
57,88,145
68,41,109
33,52,85
44,62,106
80,31,111
33,41,74
46,85,131
69,17,86
75,92,167
43,36,79
43,61,104
49,51,100
95,99,194
62,86,148
27,94,121
62,61,123
69,92,161
40,89,129
18,62,80
83,40,123
24,85,109
39,46,85
17,42,59
29,64,93
97,31,128
77,66,143
8,38,46
10,75,85
22,53,75
97,12,109
22,41,63
10,57,67
50,7,57
10,10,20
15,26,41
42,84,126
56,37,93
7,99,106
15,7,22
51,15,66
61,83,144
51,58,109
61,48,109
38,90,128
20,92,112
85,15,100
28,21,49
19,28,47
87,81,168
28,36,64
42,19,61
98,37,135
14,86,100
28,51,79
22,98,120
45,76,121
52,91,143
93,81,174
29,61,90
33,32,65
22,85,107
49,77,126
25,81,106
47,70,117
8,8,16
87,8,95
77,37,114
61,30,91
56,63,119
59,31,90
9,9,18
45,41,86
78,42,120
15,38,53
43,73,116
79,12,91
60,38,98
18,44,62
52,32,84
12,22,34
49,98,147
34,90,124
94,9,103
60,46,106
91,49,140
88,56,144
99,59,158
88,99,187
46,100,146
95,36,131
77,77,154
88,45,133
97,65,162
71,70,141
35,72,107
59,96,155
60,23,83
85,58,143
93,86,179
18,45,63
100,13,113
26,60,86
29,12,41
53,82,135
8,65,73
90,10,100
26,86,112
68,66,134
28,29,57
54,84,138
45,53,98
37,27,64
60,22,82
29,31,60
48,46,94
54,94,148
33,93,126
60,35,95
86,15,101
62,80,142
99,58,157
23,85,108
90,39,129
28,89,117
72,93,165
73,66,139
22,74,96
55,9,64
17,16,33
98,31,129
53,21,74
54,45,99
58,43,101
30,78,108
83,72,155
35,39,74
18,91,109
11,39,50
79,76,155
17,74,91
61,63,124
34,45,79
79,62,141
90,43,133
73,94,167
67,14,81
24,78,102
50,13,63
51,34,85
20,72,92
87,93,180
88,69,157
54,18,72
42,19,61
46,9,55
95,88,183
76,95,171
8,77,85
16,81,97
25,15,40
65,23,88
78,20,98
61,50,111
28,47,75
17,58,75
85,36,121
75,90,165
95,67,162
93,88,181
94,69,163
48,31,79
85,15,100
62,28,90
89,48,137
72,33,105
29,93,122
86,82,168
21,44,65
35,17,52
19,92,111
80,80,160
57,68,125
40,87,127
22,51,73
86,89,175
9,22,31
50,64,114
9,49,58
82,19,101
82,29,111
62,42,104
64,86,150
21,94,115
100,41,141
67,90,157
23,41,64
43,74,117
89,63,152
92,67,159
25,29,54
40,54,94
58,49,107
38,83,121
93,71,164
25,37,62
99,31,130
14,82,96
35,40,75
12,72,84
36,58,94
80,33,113
69,22,91
29,72,101
71,70,141
47,58,105
55,86,141
50,98,148
29,75,104
87,19,106
22,23,45
34,59,93
63,66,129
27,31,58
84,72,156
28,56,84
40,26,66
20,77,97
13,73,86
41,7,48
80,67,147
86,68,154
88,36,124
100,73,173
36,91,127
75,9,84
36,10,46
45,75,120
68,71,139
72,61,133
39,53,92
25,44,69
11,90,101
47,48,95
88,16,104
44,10,54
15,81,96
86,62,148
54,97,151
17,62,79
46,72,118
56,75,131
76,97,173
98,84,182
14,73,87
57,54,111
31,50,81
45,82,127
86,41,127
34,39,73
57,95,152
32,16,48
37,16,53
20,66,86
17,34,51
9,84,93
92,37,129
70,48,118
68,10,78
46,24,70
71,32,103
55,49,104
77,45,122
47,28,75
86,23,109
43,49,92
87,45,132
57,48,105
71,76,147
27,13,40
84,21,105
92,88,180
70,91,161
42,64,106
29,28,57
78,81,159
34,95,129
39,88,127
56,41,97
48,42,90
77,74,151
71,62,133
56,10,66
52,7,59
27,36,63
13,76,89
73,21,94
99,70,169
20,78,98
19,99,118
100,13,113
76,70,146
77,73,150
25,56,81
32,37,69
8,50,58
60,66,126
39,28,67
54,59,113
71,93,164
89,9,98
43,36,79
94,58,152
52,29,81
97,15,112
97,80,177
57,14,71
29,52,81
35,26,61
72,43,115
19,41,60
53,75,128
19,46,65
74,60,134
66,65,131
7,8,15
35,38,73
47,39,86
60,52,112
21,20,41
52,97,149
14,17,31
87,95,182
20,60,80
12,70,82
60,26,86
58,58,116
61,49,110
14,69,83
58,89,147
64,39,103
76,20,96
9,12,21
95,23,118
57,79,136
48,56,104
24,52,76
51,12,63
84,81,165
70,88,158
73,85,158
92,77,169
70,37,107
80,95,175
87,14,101
69,45,114
64,77,141
80,72,152
80,73,153
89,97,186
46,89,135
67,17,84
45,20,65
39,24,63
17,24,41
32,35,67
25,86,111
99,10,109
24,83,107
49,49,98
71,44,115
37,80,117
55,97,152
35,27,62
57,21,78
26,70,96
89,49,138
45,95,140
14,23,37
66,65,131
94,57,151
71,84,155
11,100,111
88,74,162
45,43,88
74,10,84
36,82,118
71,49,120
15,69,84
25,12,37
35,16,51
54,19,73
87,74,161
27,14,41
98,68,166
70,33,103
63,92,155
71,74,145
81,59,140
62,79,141
67,23,90
31,49,80
53,44,97
93,44,137
76,75,151
45,36,81
86,97,183
38,9,47
15,43,58
50,73,123
29,60,89
32,73,105
13,86,99
100,72,172
66,8,74
42,54,96
11,14,25
27,94,121
53,81,134
65,95,160
44,33,77
67,70,137
28,83,111
68,83,151
25,60,85
57,52,109
81,90,171
49,44,93
87,70,157
95,10,105
27,25,52
49,60,109
99,83,182
59,55,114
35,76,111
90,81,171
21,46,67
72,39,111
91,67,158
100,41,141
39,40,79
34,81,115
63,41,104
52,84,136
44,71,115
75,81,156
89,46,135
80,67,147
19,35,54
86,30,116
79,61,140
16,18,34
87,73,160
31,51,82
42,29,71
95,35,130
97,58,155
10,69,79
18,44,62
17,38,55
88,55,143
71,96,167
10,88,98
59,63,122
50,38,88
62,96,158
35,91,126
46,34,80
65,92,157
53,11,64
75,35,110
21,20,41
81,58,139
46,53,99
42,81,123
72,77,149
16,29,45
58,39,97
13,72,85
66,18,84
51,8,59
96,18,114
64,35,99
53,50,103
10,9,19
100,77,177
90,88,178
29,91,120
47,69,116
93,60,153
45,37,82
75,71,146
82,30,112
26,40,66
87,14,101
58,85,143
62,26,88
57,73,130
54,29,83
28,15,43
89,90,179
17,87,104
79,64,143
41,63,104
58,30,88
88,11,99
98,97,195
97,28,125
89,60,149
7,22,29
52,51,103
91,90,181
40,26,66
44,44,88
87,57,144
72,87,159
56,48,104
95,12,107
8,95,103
12,79,91
26,83,109
73,99,172
24,47,71
97,12,109
88,32,120
35,99,134
79,35,114
35,42,77
62,53,115
87,89,176
34,97,131
56,80,136
84,17,101
30,76,106
35,44,79
35,14,49
17,74,91
24,34,58
82,57,139
28,69,97
7,48,55
21,95,116
7,34,41
49,42,91
26,78,104
43,69,112
51,71,122
94,88,182
79,7,86
67,39,106
96,79,175
25,51,76
37,12,49
81,54,135
75,47,122
17,26,43
28,44,72
34,72,106
50,29,79
10,7,17
96,74,170
53,73,126
63,24,87
98,88,186
31,26,57
18,50,68
41,49,90
24,91,115
50,20,70
81,33,114
17,84,101
56,50,106
89,88,177
72,68,140
14,67,81
89,13,102
28,41,69
93,34,127
26,41,67
42,86,128
37,59,96
19,23,42
54,58,112
10,12,22
85,51,136
24,95,119
98,55,153
37,74,111
90,96,186
70,46,116
69,35,104
95,65,160
96,39,135
14,7,21
35,8,43
71,47,118
46,92,138
13,22,35
99,94,193
51,84,135
35,27,62
31,61,92
13,47,60
46,69,115
57,33,90
51,48,99
71,16,87
23,7,30
98,20,118
89,63,152
11,39,50
82,94,176
7,69,76
77,31,108
49,41,90
45,82,127
40,97,137
42,37,79
47,80,127
41,27,68
67,53,120
53,76,129
13,7,20
25,50,75
39,53,92
12,76,88
72,64,136
69,19,88
30,57,87
100,96,196
53,81,134
38,59,97
15,75,90
86,69,155
43,37,80
38,13,51
97,13,110
14,64,78
41,8,49
15,65,80
8,74,82
100,56,156
63,99,162
35,43,78
17,89,106
17,22,39
50,93,143
9,24,33
15,46,61
51,57,108
97,96,193
67,94,161
95,98,193
57,58,115
13,21,34
34,27,61
12,43,55
76,88,164
56,18,74
44,52,96
73,34,107
60,33,93
69,26,95
97,94,191
7,81,88
65,97,162
37,54,91
73,12,85
23,94,117
89,24,113
59,86,145
71,24,95
97,97,194
40,62,102
66,96,162
22,50,72
43,81,124
92,55,147
54,47,101
97,13,110
17,65,82
93,71,164
26,15,41
59,48,107
25,20,45
68,82,150
100,11,111
63,41,104
13,68,81
67,92,159
29,49,78
19,32,51
19,39,58
32,93,125
97,94,191
29,67,96
19,42,61
80,92,172
47,23,70
63,46,109
52,37,89
33,8,41
11,90,101
51,91,142
52,23,75
56,20,76
78,97,175
87,78,165
84,41,125
27,86,113
54,40,94
49,13,62
34,38,72
66,39,105
51,78,129
74,27,101
57,25,82
74,78,152
98,96,194
55,95,150
19,54,73
11,56,67
64,24,88
14,99,113
20,94,114
76,37,113
97,77,174
90,12,102
51,78,129
44,81,125
8,62,70
98,14,112
53,70,123
97,7,104
42,92,134
71,90,161
81,20,101
44,19,63
76,73,149
40,80,120
36,87,123
30,10,40
41,7,48
12,14,26
45,74,119
76,49,125
86,69,155
80,61,141
17,80,97
46,19,65
10,59,69
21,92,113
43,22,65
67,82,149
50,82,132
72,45,117
35,50,85
85,11,96
94,81,175
29,91,120
17,21,38
50,12,62
22,9,31
70,61,131
24,74,98
16,65,81
40,56,96
19,19,38
92,19,111
33,24,57
82,16,98
16,92,108
57,36,93
75,88,163
58,74,132
13,31,44
70,83,153
60,68,128
47,60,107
34,7,41
27,23,50
22,35,57
44,86,130
60,36,96
75,30,105
15,48,63
70,97,167
96,50,146
95,67,162
68,79,147
35,31,66
67,51,118
9,66,75
34,40,74
91,10,101
57,9,66
15,59,74
94,30,124
14,7,21
80,92,172
52,18,70
82,30,112
38,30,68
51,72,123
41,49,90
51,17,68
88,67,155
52,9,61
95,8,103
24,66,90
92,62,154
25,10,35
92,89,181
90,75,165
61,47,108
63,95,158
97,23,120
77,66,143
69,21,90
36,96,132
56,100,156
23,14,37
10,13,23
55,34,89
39,19,58
78,39,117
20,56,76
10,45,55
65,16,81
10,90,100
93,61,154
35,77,112
31,40,71
57,38,95
96,24,120
85,86,171
43,33,76
44,50,94
93,70,163
85,89,174
62,68,130
26,90,116
81,80,161
23,32,55
40,24,64
41,68,109
27,76,103
46,10,56
99,43,142
54,27,81
94,12,106
36,21,57
17,96,113
73,72,145
22,14,36
30,80,110
56,98,154
79,61,140
17,69,86
13,9,22
99,43,142
77,53,130
48,59,107
60,50,110
74,49,123
57,24,81
93,52,145
76,31,107
60,33,93
40,32,72
33,75,108
20,7,27
52,57,109
78,57,135
40,21,61
54,11,65
12,20,32
85,36,121
56,68,124
52,32,84
39,77,116
96,67,163
46,28,74
25,97,122
55,71,126
31,54,85
53,12,65
75,81,156
73,14,87
94,16,110
28,86,114
59,57,116
51,50,101
96,85,181
31,59,90
59,63,122
96,23,119
86,19,105
46,54,100
30,54,84
89,42,131
84,38,122
96,96,192
26,99,125
34,30,64
85,73,158
89,19,108
78,18,96
29,43,72
27,8,35
67,55,122
48,96,144
13,30,43
62,35,97
72,24,96
17,37,54
57,62,119
88,35,123
42,24,66
37,68,105
78,43,121
78,28,106
70,26,96
82,31,113
28,51,79
45,54,99
60,63,123
93,44,137
7,7,14
9,65,74
15,60,75
57,63,120
20,80,100
71,80,151
75,68,143
18,9,27
67,33,100
93,14,107
16,32,48
72,99,171
30,66,96
47,11,58
21,44,65
12,76,88
10,45,55
24,34,58
28,79,107
34,26,60
8,82,90
20,57,77
86,51,137
49,83,132
7,84,91
21,25,46
44,74,118
21,70,91
74,61,135
53,100,153
41,46,87
49,33,82
11,87,98
93,49,142
35,34,69
34,45,79
80,50,130
96,59,155
91,47,138
74,11,85
40,74,114
91,33,124
32,67,99
93,55,148
41,77,118
18,97,115
64,14,78
13,38,51
51,81,132
94,44,138
27,70,97
26,53,79
72,93,165
30,68,98
35,72,107
76,21,97
26,20,46
40,14,54
18,46,64
92,53,145
34,62,96
30,93,123
47,49,96
83,55,138
72,50,122
34,33,67
71,78,149
33,45,78
17,87,104
39,32,71
58,90,148
68,95,163
39,51,90
40,71,111
47,52,99
61,45,106
14,39,53
83,37,120
34,27,61
75,43,118
59,94,153
43,67,110
51,22,73
99,49,148
79,52,131
38,64,102
46,20,66
27,8,35
29,73,102
40,95,135
92,80,172
100,66,166
75,49,124
78,10,88
42,22,64
26,61,87
77,60,137
55,23,78
56,64,120
21,49,70
99,91,190
38,49,87
71,50,121
42,77,119
8,46,54
63,21,84
96,39,135
22,10,32
83,46,129
29,83,112
30,55,85
38,19,57
41,22,63
49,63,112
57,55,112
67,40,107
56,30,86
14,80,94
41,96,137
73,83,156
31,53,84
9,79,88
12,39,51
7,25,32
51,60,111
86,59,145
46,32,78
96,20,116
92,54,146
51,96,147
20,22,42
76,80,156
82,13,95
57,11,68
72,27,99
69,50,119
65,58,123
14,69,83
24,57,81
75,86,161
42,88,130
39,69,108
11,47,58
14,24,38
67,92,159
10,22,32
59,70,129
50,42,92
18,94,112
95,57,152
90,51,141
28,79,107
20,58,78
71,59,130
15,98,113
69,38,107
7,23,30
75,20,95
28,55,83
77,95,172
61,71,132
54,11,65
58,79,137
83,90,173
69,37,106
88,31,119
42,50,92
46,41,87
38,92,130
65,44,109
31,66,97
48,95,143
92,27,119
37,49,86
55,7,62
67,64,131
57,97,154
15,27,42
92,41,133
81,22,103
17,17,34
18,46,64
42,42,84
97,99,196
40,32,72
71,61,132
15,39,54
16,92,108
65,13,78
83,60,143
51,82,133
74,38,112
78,45,123
34,94,128
22,60,82
50,51,101
49,63,112
47,87,134
56,63,119
70,69,139
89,19,108
93,88,181
98,70,168
35,92,127
78,28,106
84,97,181
24,49,73
89,39,128
42,80,122
69,58,127
49,24,73
11,51,62
50,78,128
31,45,76
67,23,90
46,11,57
26,72,98
38,56,94
42,7,49
36,52,88
81,90,171
21,61,82
52,73,125
15,8,23
84,58,142
12,98,110
18,32,50
72,96,168
79,87,166
32,47,79
41,58,99
14,31,45
26,18,44
88,82,170
54,28,82
100,11,111
95,62,157
60,27,87
65,8,73
43,41,84
95,90,185
69,47,116
71,16,87
20,32,52
63,63,126
51,70,121
28,8,36
51,45,96
40,54,94
39,80,119
27,34,61
89,50,139
21,18,39
29,92,121
45,94,139
18,64,82
53,38,91
94,95,189
68,50,118
21,84,105
69,18,87
18,10,28
75,50,125
19,81,100
87,29,116
73,57,130
59,29,88
46,68,114
12,50,62
24,71,95
99,70,169
85,64,149
100,45,145
40,96,136
63,33,96
52,79,131
16,94,110
41,12,53
87,94,181
34,93,127
50,72,122
23,31,54
53,61,114
16,74,90
88,26,114
54,25,79
57,68,125
60,39,99
12,7,19
19,64,83
62,22,84
16,84,100
14,55,69
82,95,177
31,44,75
47,23,70
72,96,168
24,100,124
81,7,88
42,97,139
65,10,75
12,58,70
48,57,105
96,27,123
52,69,121
11,11,22
86,43,129
7,47,54
16,12,28
86,66,152
90,82,172
74,39,113
54,61,115
38,24,62
90,8,98
42,28,70
18,94,112
18,75,93
33,10,43
39,99,138
71,37,108
72,43,115
53,74,127
87,86,173
63,88,151
72,53,125
37,15,52
58,87,145
14,33,47
91,25,116
68,100,168
34,90,124
93,35,128
66,7,73
81,65,146
17,19,36
93,48,141
61,12,73
59,33,92
16,41,57
73,50,123
95,48,143
57,28,85
15,18,33
98,56,154
34,8,42
42,22,64
31,42,73
70,31,101
67,41,108
67,42,109
59,44,103
16,32,48
43,28,71
44,85,129
66,28,94
93,30,123
41,51,92
11,9,20
50,50,100
39,52,91
92,80,172
34,15,49
26,42,68
90,30,120
49,91,140
40,23,63
87,89,176
95,9,104
13,53,66
91,17,108
58,21,79
40,97,137
44,10,54
98,73,171
55,100,155
75,27,102
47,76,123
65,82,147
12,75,87
82,39,121
76,62,138
43,24,67
97,22,119
43,90,133
70,41,111
30,52,82
81,78,159
44,33,77
52,63,115
20,43,63
73,9,82
62,58,120
30,32,62
11,13,24
26,16,42
22,29,51
24,19,43
67,74,141
88,56,144
16,24,40
21,34,55
16,34,50
13,11,24
81,100,181
97,98,195
29,24,53
100,38,138
61,65,126
71,31,102
56,84,140
78,56,134
94,33,127
70,77,147
79,72,151
47,25,72
71,71,142
54,81,135
33,80,113
8,97,105
50,92,142
16,61,77
33,53,86
57,74,131
98,76,174
57,79,136
75,24,99
11,61,72
9,33,42
83,24,107
25,37,62
10,80,90
47,89,136
96,46,142
40,96,136
88,91,179
21,19,40
97,7,104
34,38,72
79,28,107
11,79,90
100,21,121
90,52,142
57,54,111
67,60,127
97,45,142
44,23,67
16,29,45
55,44,99
77,16,93
23,74,97
64,65,129
60,33,93
76,96,172
76,27,103
40,20,60
80,67,147
68,86,154
41,96,137
78,78,156
81,26,107
57,68,125
10,23,33
79,65,144
63,80,143
36,19,55
34,81,115
61,14,75
39,56,95
24,37,61
20,60,80
82,73,155
76,87,163
23,64,87
55,27,82
81,48,129
93,8,101
66,49,115
91,39,130
90,64,154
35,41,76
48,21,69
34,49,83
54,46,100
12,12,24
14,8,22
18,12,30
30,54,84
37,45,82
74,42,116
21,20,41
17,61,78
18,94,112
56,71,127
81,12,93
73,25,98
93,88,181
43,63,106
21,78,99
22,62,84
25,59,84
80,71,151
86,39,125
28,8,36
38,35,73
22,37,59
97,76,173
54,50,104
78,67,145
63,42,105
30,52,82
19,54,73
85,54,139
19,63,82
99,22,121
20,16,36
68,57,125
89,36,125
10,7,17
90,59,149
96,77,173
41,54,95
54,88,142
90,48,138
85,31,116
12,23,35
65,22,87
84,40,124
89,12,101
72,73,145
40,56,96
16,14,30
52,20,72
40,64,104
9,53,62
20,74,94
52,93,145
54,74,128
81,19,100
32,49,81
28,47,75
23,58,81
48,10,58
24,26,50
43,44,87
86,19,105
55,92,147
11,42,53
95,73,168
99,34,133
100,31,131
48,46,94
10,70,80
83,70,153
49,16,65
81,78,159
12,16,28
65,85,150
65,55,120
62,50,112
100,80,180
8,78,86
51,62,113
63,43,106
57,38,95
44,40,84
9,19,28
27,30,57
87,18,105
22,98,120
88,92,180
12,8,20
81,50,131
75,91,166
33,48,81
69,31,100
57,80,137
95,91,186
17,48,65
84,96,180
16,46,62
44,14,58
63,75,138
82,35,117
82,30,112
82,37,119
69,54,123
70,49,119
99,28,127
89,98,187
29,33,62
39,43,82
19,91,110
53,81,134
77,59,136
89,48,137
43,96,139
73,62,135
37,28,65
64,57,121
100,26,126
61,28,89
20,80,100
15,92,107
80,16,96
92,93,185
18,41,59
73,73,146
68,45,113
22,67,89
38,45,83
55,54,109
29,93,122
11,7,18
19,29,48
55,33,88
62,88,150
11,52,63
89,94,183
72,10,82
81,48,129
66,98,164
70,27,97
88,53,141
81,62,143
16,20,36
45,26,71
62,24,86
67,68,135
19,39,58
79,97,176
49,81,130
34,9,43
17,71,88
67,70,137
53,38,91
95,78,173
70,68,138
36,99,135
69,45,114
65,90,155
8,29,37
77,77,154
64,15,79
71,51,122
45,68,113
95,52,147
64,88,152
100,53,153
91,48,139
65,76,141
70,17,87
69,22,91
46,98,144
94,83,177
44,52,96
65,31,96
34,96,130
84,76,160
77,72,149
30,62,92
16,55,71
86,74,160
29,10,39
83,47,130
38,99,137
51,65,116
53,49,102
84,88,172
71,40,111
26,64,90
54,91,145
63,71,134
66,54,120
32,22,54
71,84,155
58,14,72
74,27,101
21,75,96
87,50,137
86,63,149
17,29,46
94,26,120
43,88,131
50,7,57
16,15,31
67,23,90
62,55,117
14,62,76
86,20,106
45,22,67
40,76,116
66,19,85
73,53,126
90,99,189
54,68,122
74,54,128
22,13,35
55,34,89
94,79,173
17,60,77
72,78,150
39,62,101
26,92,118
81,94,175
53,88,141
23,41,64
70,46,116
99,9,108
26,70,96
73,82,155
57,93,150
97,28,125
78,78,156
39,41,80
61,96,157
43,73,116
94,85,179
81,29,110
41,19,60
50,97,147
47,83,130
65,84,149
41,19,60
23,11,34
88,88,176
66,57,123
90,75,165
42,74,116
85,72,157
34,85,119
54,79,133
62,38,100
51,73,124
97,92,189
7,57,64
91,34,125
17,31,48
66,38,104
94,39,133
29,10,39
43,100,143
67,12,79
22,35,57
82,51,133
70,89,159
26,39,65
38,25,63
56,96,152
30,21,51
9,49,58
67,19,86
21,28,49
61,61,122
14,96,110
29,85,114
66,16,82
21,54,75
48,46,94
44,72,116
23,84,107
81,22,103
8,90,98
34,95,129
26,35,61
20,28,48
99,77,176
52,9,61
48,26,74
69,71,140
54,84,138
85,53,138
58,21,79
25,59,84
65,97,162
42,100,142
81,33,114
13,13,26
9,60,69
83,21,104
47,82,129
14,54,68
64,71,135
59,37,96
29,11,40
31,16,47
78,7,85
86,84,170
75,14,89
100,63,163
58,22,80
8,16,24
74,70,144
68,32,100
100,95,195
8,72,80
91,22,113
42,27,69
14,42,56
48,10,58
20,44,64
77,95,172
43,70,113
42,60,102
80,94,174
22,39,61
71,18,89
91,16,107
59,90,149
80,51,131
57,40,97
7,30,37
45,58,103
33,81,114
58,34,92
62,80,142
70,23,93
99,8,107
21,7,28
21,45,66
61,81,142
16,96,112
53,69,122
91,43,134
59,84,143
78,9,87
97,44,141
10,98,108
61,41,102
88,10,98
62,12,74
74,84,158
87,75,162
60,54,114
21,25,46
23,8,31
63,42,105
38,35,73
25,82,107
71,23,94
89,9,98
91,22,113
11,51,62
18,66,84
68,21,89
46,10,56
86,98,184
72,26,98
55,9,64
12,87,99
29,56,85
60,73,133
30,64,94
37,65,102
65,77,142
21,98,119
23,21,44
49,70,119
66,84,150
74,28,102
29,98,127
62,24,86
91,53,144
39,39,78
100,32,132
42,22,64
15,22,37
78,77,155
36,19,55
82,71,153
32,61,93
13,46,59
77,54,131
67,48,115
97,94,191
63,64,127
31,16,47
69,7,76
27,35,62
78,62,140
77,89,166
68,40,108
81,8,89
15,10,25
19,99,118
32,96,128
75,70,145
70,85,155
75,75,150
21,48,69
12,61,73
80,40,120
87,24,111
71,66,137
78,73,151
29,69,98
30,28,58
56,32,88
67,87,154
92,43,135
23,84,107
78,7,85
88,82,170
36,89,125
9,26,35
7,49,56
89,32,121
89,19,108
91,30,121
47,73,120
38,18,56
58,88,146
95,64,159
24,53,77
93,8,101
50,54,104
67,90,157
40,8,48
76,22,98
15,14,29
56,8,64
8,84,92
24,80,104
46,64,110
71,44,115
82,17,99
29,28,57
100,72,172
44,88,132
15,10,25
81,42,123
11,47,58
48,75,123
17,55,72
50,28,78
78,68,146
25,32,57
83,59,142
93,62,155
64,69,133
48,62,110
45,36,81
40,67,107
81,84,165
86,83,169
37,73,110
16,30,46
92,40,132
24,16,40
11,38,49
7,48,55
99,99,198
25,23,48
48,73,121
73,36,109
90,48,138
67,22,89
83,77,160
83,22,105
87,79,166
90,61,151
30,50,80
49,44,93
46,84,130
17,83,100
36,41,77
59,59,118
97,19,116
70,51,121
93,45,138
30,65,95
80,19,99
57,16,73
57,60,117
42,32,74
32,13,45
88,81,169
94,59,153
62,82,144
78,59,137
84,66,150
91,71,162
38,9,47
82,28,110
19,86,105
36,100,136
94,25,119
89,9,98
54,91,145
13,99,112
94,10,104
83,82,165
40,97,137
99,34,133
32,85,117
91,47,138
69,72,141
33,78,111
77,25,102
73,18,91
33,53,86
69,48,117
41,48,89
20,48,68
45,18,63
81,83,164
89,9,98
48,12,60
10,10,20
77,74,151
13,80,93
16,74,90
65,24,89
33,10,43
85,7,92
97,45,142
86,97,183
88,31,119
9,69,78
42,61,103
99,31,130
79,66,145
81,76,157
72,92,164
46,97,143
19,10,29
28,86,114
79,12,91
100,64,164
50,46,96
43,59,102
47,16,63
22,68,90
40,92,132
69,39,108
29,8,37
26,26,52
11,68,79
57,68,125
56,69,125
56,33,89
53,17,70
90,30,120
17,28,45
24,50,74
66,20,86
55,55,110
33,92,125
97,48,145
17,32,49
19,44,63
8,17,25
47,87,134
35,25,60
35,42,77
13,66,79
69,23,92
71,44,115
21,34,55
90,65,155
41,86,127
69,99,168
99,82,181
35,15,50
51,78,129
30,97,127
24,83,107
73,79,152
99,7,106
72,48,120
61,96,157
54,97,151
26,72,98
55,12,67
69,87,156
16,23,39
21,60,81
55,41,96
60,32,92
67,85,152
56,84,140
9,26,35
66,92,158
12,92,104
100,88,188
18,44,62
11,40,51
17,72,89
47,9,56
43,32,75
63,38,101
85,33,118
17,87,104
23,90,113
41,86,127
65,13,78
82,68,150
63,38,101
30,12,42
10,47,57
35,9,44
89,36,125
87,87,174
59,72,131
89,35,124
14,92,106
83,24,107
85,64,149
72,32,104
24,10,34
25,50,75
78,48,126
55,36,91
61,55,116
86,16,102
30,21,51
29,81,110
56,30,86
58,56,114
60,72,132
89,64,153
52,37,89
53,58,111
30,54,84
53,29,82
26,27,53
67,81,148
100,71,171
51,95,146
93,10,103
34,55,89
58,78,136
94,40,134
42,28,70
34,65,99
17,25,42
79,46,125
59,55,114
95,68,163
84,46,130
26,77,103
51,71,122
89,41,130
89,83,172
22,77,99
16,21,37
73,52,125
76,55,131
65,100,165
65,57,122
74,33,107
17,99,116
64,91,155
15,29,44
84,7,91
79,37,116
60,33,93
68,9,77
40,58,98
81,99,180
49,66,115
81,21,102
88,89,177
45,84,129
40,62,102
59,64,123
83,42,125
88,22,110
38,75,113
83,92,175
62,86,148
68,15,83
55,76,131
84,56,140
96,31,127
20,76,96
69,30,99
57,36,93
85,33,118
55,77,132
17,88,105
72,42,114
41,72,113
46,97,143
86,94,180
65,94,159
82,20,102
41,10,51
47,27,74
23,26,49
84,31,115
95,81,176
16,53,69
29,19,48
51,11,62
62,42,104
86,76,162
64,48,112
28,40,68
60,31,91
85,20,105
64,84,148
16,45,61
11,50,61
92,87,179
10,21,31
51,97,148
14,12,26
99,48,147
54,8,62
62,46,108
92,94,186
91,90,181
18,85,103
54,25,79
21,93,114
76,38,114
68,68,136
63,32,95
26,44,70
21,88,109
44,52,96
95,14,109
21,9,30
41,72,113
30,47,77
24,45,69
7,73,80
75,46,121
100,94,194
96,70,166
27,59,86
52,44,96
22,82,104
27,16,43
45,90,135
21,29,50
57,31,88
10,26,36
29,27,56
16,23,39
98,25,123
48,27,75
75,52,127
56,73,129
24,13,37
99,53,152
95,68,163
47,89,136
65,50,115
94,100,194
87,85,172
79,97,176
92,47,139
32,79,111
71,14,85
7,42,49
25,68,93
80,39,119
69,75,144
71,57,128
22,60,82
14,49,63
29,9,38
8,65,73
80,71,151
58,53,111
100,43,143
27,84,111
22,45,67
78,40,118
65,75,140
89,46,135
52,34,86
50,42,92
19,18,37
70,17,87
75,76,151
39,31,70
47,85,132
32,12,44
75,14,89
91,47,138
75,30,105
41,20,61
99,21,120
69,50,119
49,10,59
55,17,72
81,87,168
95,84,179
35,99,134
13,94,107
25,83,108
70,44,114
53,67,120
80,69,149
36,42,78
23,46,69
63,30,93
66,49,115
90,49,139
32,7,39
29,34,63
99,67,166
92,80,172
49,9,58
59,64,123
29,24,53
61,28,89
35,67,102
14,27,41
67,35,102
9,72,81
83,97,180
58,14,72
27,54,81
95,38,133
18,68,86
45,43,88
43,84,127
91,99,190
27,58,85
26,48,74
72,25,97
94,59,153
23,94,117
71,69,140
88,11,99
60,87,147
9,50,59
92,34,126
96,12,108
100,48,148
37,48,85
81,100,181
39,68,107
69,8,77
93,33,126
29,40,69
54,86,140
97,88,185
40,29,69
57,24,81
23,33,56
69,46,115
75,28,103
73,76,149
97,97,194
88,45,133
94,89,183
82,39,121
50,9,59
51,81,132
55,31,86
80,84,164
37,11,48
74,98,172
29,7,36
26,86,112
91,75,166
88,74,162
67,71,138
92,44,136
39,67,106
9,85,94
25,72,97
25,10,35
100,89,189
43,47,90
67,30,97
8,95,103
54,41,95
84,41,125
40,84,124
90,52,142
27,85,112
91,27,118
41,28,69
92,68,160
68,65,133
48,46,94
38,83,121
80,68,148
71,12,83
52,26,78
92,93,185
54,34,88
27,44,71
24,95,119
74,19,93
14,19,33
97,43,140
64,93,157
86,67,153
95,13,108
77,93,170
66,77,143
74,55,129
64,21,85
65,83,148
66,87,153
63,42,105
97,49,146
8,34,42
37,73,110
89,17,106
15,75,90
67,94,161
95,28,123
67,79,146
85,17,102
64,68,132
69,55,124
52,19,71
84,76,160
83,60,143
19,90,109
64,20,84
54,16,70
31,32,63
63,27,90
13,84,97
12,82,94
78,41,119
89,29,118
81,67,148
15,23,38
93,98,191
35,19,54
33,64,97
13,52,65
8,84,92
70,72,142
98,48,146
17,23,40
61,54,115
7,56,63
24,68,92
67,24,91
52,15,67
35,48,83
81,99,180
37,69,106
83,23,106
34,19,53
31,10,41
27,79,106
22,7,29
81,58,139
76,22,98
75,37,112
19,44,63
14,50,64
57,69,126
99,82,181
70,39,109
35,76,111
14,39,53
35,71,106
8,60,68
77,52,129
59,36,95
60,73,133
40,71,111
91,14,105
95,58,153
32,51,83
41,18,59
56,62,118
97,73,170
9,43,52
97,8,105
87,19,106
73,12,85
83,37,120
22,43,65
81,96,177
29,42,71
50,16,66
67,73,140
32,34,66
98,7,105
82,60,142
8,94,102
32,35,67
18,26,44
87,24,111
27,26,53
11,62,73
56,14,70
87,54,141
9,53,62
49,10,59
62,8,70
52,54,106
94,62,156
96,35,131
44,82,126
63,80,143
81,26,107
92,7,99
63,60,123
99,98,197
59,14,73
29,29,58
61,69,130
53,24,77
27,70,97
89,42,131
63,89,152
53,47,100
63,17,80
12,66,78
57,29,86
83,94,177
47,90,137
40,67,107
26,85,111
54,52,106
16,26,42
41,65,106
18,44,62
62,29,91
18,97,115
37,18,55
62,82,144
49,87,136
80,32,112
92,47,139
99,44,143
39,30,69
78,50,128
94,24,118
39,46,85
84,55,139
72,24,96
20,61,81
80,93,173
30,54,84
31,53,84
14,30,44
90,77,167
34,91,125
25,82,107
23,59,82
97,26,123
24,9,33
47,20,67
17,27,44
95,41,136
17,70,87
16,19,35
98,30,128
54,26,80
88,49,137
34,77,111
71,90,161
62,74,136
73,48,121
9,97,106
35,94,129
86,52,138
34,13,47
23,58,81
75,18,93
22,69,91
91,65,156
35,81,116
18,91,109
99,22,121
68,12,80
9,64,73
91,77,168
38,53,91
54,9,63
92,40,132
86,26,112
77,46,123
32,99,131
27,23,50
73,87,160
35,61,96
23,7,30
60,53,113
56,60,116
94,25,119
27,12,39
90,24,114
87,51,138
76,27,103
83,89,172
23,26,49
67,35,102
92,66,158
81,55,136
10,22,32
20,94,114
57,33,90
9,24,33
55,53,108
7,86,93
79,74,153
85,43,128
88,73,161
76,24,100
14,12,26
71,14,85
45,56,101
46,26,72
92,10,102
30,74,104
49,100,149
43,13,56
89,68,157
51,90,141
43,83,126
96,36,132
74,48,122
86,31,117
39,100,139
65,53,118
45,26,71
49,73,122
28,26,54
59,91,150
37,57,94
89,99,188
42,34,76
96,15,111
49,74,123
14,60,74
60,98,158
32,15,47
46,32,78
29,98,127
82,83,165
69,29,98
30,44,74
23,32,55
58,15,73
88,97,185
42,93,135
82,47,129
8,37,45
42,57,99
100,38,138
78,55,133
24,46,70
61,32,93
62,15,77
24,23,47
40,41,81
45,43,88
41,54,95
30,35,65
84,44,128
74,98,172
9,61,70
7,93,100
91,47,138
90,76,166
14,58,72
21,88,109
71,66,137
55,44,99
81,25,106
75,35,110
69,45,114
77,10,87
94,12,106
40,95,135
16,83,99
33,95,128
73,22,95
35,24,59
39,90,129
19,68,87
39,92,131
19,42,61
42,89,131
90,7,97
47,71,118
85,41,126
71,51,122
85,14,99
95,92,187
51,69,120
24,26,50
44,71,115
83,64,147
23,46,69
45,84,129
47,64,111
23,100,123
57,41,98
19,35,54
99,83,182
83,45,128
35,20,55
58,10,68
39,28,67
46,46,92
89,36,125
34,40,74
49,29,78
69,77,146
35,36,71
37,64,101
63,66,129
91,18,109
52,48,100
78,58,136
72,86,158
66,55,121
37,17,54
28,50,78
27,11,38
45,83,128
15,21,36
74,81,155
76,11,87
94,70,164
15,52,67
78,21,99
51,89,140
25,34,59
78,34,112
61,50,111
86,28,114
58,28,86
68,39,107
8,45,53
22,51,73
67,32,99
51,27,78
24,80,104
18,41,59
50,45,95
85,76,161
13,89,102
71,64,135
46,82,128
18,87,105
26,88,114
61,19,80
24,60,84
56,44,100
61,57,118
73,38,111
32,49,81
36,88,124
32,50,82
9,71,80
74,30,104
56,83,139
45,34,79
80,64,144
44,26,70
55,76,131
71,65,136
51,75,126
70,35,105
56,51,107
21,72,93
75,9,84
48,74,122
65,18,83
43,39,82
66,9,75
93,40,133
34,15,49
45,8,53
11,62,73
46,44,90
44,18,62
17,76,93
31,74,105
27,82,109
85,76,161
42,31,73
8,81,89
33,43,76
65,79,144
65,18,83
8,77,85
16,27,43
75,85,160
82,41,123
9,10,19
97,90,187
80,36,116
54,91,145
54,27,81
94,22,116
77,52,129
23,67,90
81,55,136
77,30,107
74,85,159
34,85,119
63,74,137
63,48,111
19,53,72
19,71,90
88,40,128
21,56,77
69,48,117
73,78,151
38,40,78
24,58,82
79,50,129
66,23,89
25,12,37
88,56,144
69,58,127
14,55,69
64,52,116
18,94,112
45,83,128
15,27,42
41,14,55
59,75,134
31,47,78
73,41,114
87,65,152
92,8,100
32,59,91
97,57,154
27,88,115
53,22,75
65,90,155
71,75,146
69,15,84
26,51,77
91,41,132
19,97,116
81,81,162
44,73,117
48,37,85
17,63,80
59,33,92
84,42,126
32,86,118
16,84,100
83,73,156
8,53,61
86,83,169
93,80,173
39,80,119
20,45,65
23,52,75
31,99,130
51,97,148
63,97,160
30,51,81
56,10,66
22,89,111
46,50,96
29,90,119
76,13,89
9,81,90
85,12,97
9,67,76
37,46,83
74,83,157
89,34,123
98,17,115
78,45,123
46,60,106
75,81,156
10,93,103
75,29,104
42,94,136
71,65,136
15,20,35
50,66,116
82,65,147
57,32,89
9,22,31
48,30,78
95,89,184
27,56,83
76,11,87
18,8,26
93,29,122
20,58,78
67,20,87
56,10,66
7,57,64
21,90,111
31,52,83
98,27,125
49,59,108
80,29,109
13,74,87
37,64,101
54,92,146
57,47,104
78,30,108
85,88,173
49,78,127
10,26,36
90,57,147
21,33,54
86,61,147
63,20,83
35,66,101
17,30,47
13,100,113
41,86,127
42,34,76
100,8,108
86,81,167
67,41,108
36,44,80
70,49,119
88,55,143
100,70,170
19,79,98
94,27,121
66,30,96
89,56,145
94,85,179
93,25,118
28,23,51
48,72,120
51,18,69
88,94,182
8,87,95
44,80,124
57,24,81
7,26,33
67,84,151
32,8,40
18,40,58
69,55,124
12,93,105
58,62,120
8,21,29
63,73,136
46,96,142
99,77,176
11,33,44
21,32,53
50,40,90
62,52,114
57,34,91
85,74,159
58,17,75
97,61,158
48,36,84
92,72,164
43,16,59
51,70,121
69,45,114
56,24,80
85,76,161
59,90,149
9,58,67
92,45,137
12,16,28
18,81,99
31,51,82
96,57,153
57,74,131
93,87,180
93,88,181
11,25,36
78,60,138
36,100,136
81,11,92
75,50,125
58,46,104
92,7,99
52,38,90
62,25,87
85,90,175
67,49,116
9,85,94
11,26,37
19,65,84
85,50,135
26,78,104
37,80,117
65,27,92
91,32,123
11,8,19
94,86,180
57,58,115
17,74,91
8,91,99
92,51,143
80,75,155
99,11,110
45,25,70
27,62,89
59,16,75
100,49,149
71,39,110
15,85,100
62,16,78
26,75,101
53,70,123
19,94,113
67,72,139
46,63,109
25,13,38
83,25,108
7,99,106
71,81,152
83,62,145
92,96,188
79,48,127
22,16,38
7,13,20
31,27,58
37,90,127
73,81,154
69,56,125
94,46,140
63,100,163
84,84,168
61,32,93
27,34,61
38,85,123
44,40,84
11,88,99
36,49,85
47,17,64
77,75,152
64,59,123
96,12,108
87,8,95
70,43,113
77,37,114
38,9,47
26,24,50
77,76,153
14,10,24
20,36,56
32,14,46
48,28,76
41,27,68
20,37,57
75,100,175
71,24,95
28,43,71
61,93,154
68,45,113
49,82,131
27,27,54
18,72,90
11,15,26
50,96,146
67,81,148
93,32,125
70,48,118
42,84,126
24,36,60
66,50,116
17,83,100
39,11,50
85,44,129
93,81,174
40,80,120
84,61,145
70,25,95
96,18,114
14,90,104
81,7,88
58,18,76
27,30,57
86,72,158
31,82,113
85,54,139
35,49,84
60,25,85
61,29,90
82,80,162
20,69,89
77,56,133
45,44,89
48,87,135
98,85,183
42,72,114
42,43,85
97,7,104
62,38,100
36,50,86
56,30,86
11,9,20
30,54,84
99,56,155
76,25,101
80,75,155
53,67,120
60,100,160
96,55,151
41,31,72
17,86,103
45,92,137
57,11,68
64,62,126
23,33,56
21,21,42
31,46,77
75,61,136
45,27,72
73,44,117
98,89,187
25,19,44
51,77,128
75,71,146
46,66,112
34,16,50
68,86,154
40,15,55
20,32,52
71,52,123
10,75,85
68,19,87
85,17,102
71,10,81
97,58,155
36,92,128
52,48,100
53,63,116
12,31,43
79,8,87
19,92,111
61,31,92
91,17,108
45,55,100
94,17,111
9,44,53
35,22,57
51,63,114
31,100,131
76,61,137
20,15,35
74,21,95
18,24,42
34,70,104
72,10,82
8,7,15
12,41,53
12,60,72
57,62,119
63,35,98
98,57,155
95,64,159
56,24,80
43,74,117
18,20,38
66,30,96
56,50,106
32,98,130
31,13,44
41,17,58
57,12,69
83,38,121
88,58,146
11,65,76
50,54,104
97,26,123
77,70,147
62,97,159
90,92,182
68,86,154
89,68,157
90,81,171
20,62,82
63,36,99
13,31,44
79,38,117
94,94,188
84,73,157
70,20,90
38,98,136
31,88,119
35,29,64
16,99,115
28,82,110
38,23,61
75,13,88
54,11,65
27,93,120
79,19,98
40,96,136
24,78,102
25,21,46
11,38,49
61,15,76
64,68,132
12,81,93
69,9,78
21,50,71
42,40,82
57,28,85
73,93,166
81,71,152
38,68,106
94,48,142
52,29,81
40,68,108
41,89,130
39,22,61
12,57,69
8,86,94
86,82,168
34,28,62
55,15,70
58,93,151
59,65,124
97,43,140
79,25,104
91,42,133
87,14,101
56,98,154
82,47,129
14,21,35
7,16,23
48,36,84
61,93,154
7,64,71
43,23,66
84,39,123
62,54,116
67,60,127
19,27,46
83,15,98
68,13,81
9,30,39
34,53,87
91,87,178
39,12,51
69,98,167
60,62,122
99,43,142
91,9,100
87,68,155
74,58,132
96,25,121
70,54,124
68,45,113
20,79,99
39,19,58
8,56,64
38,98,136
58,45,103
57,45,102
79,84,163
9,99,108
76,58,134
94,54,148
56,29,85
29,86,115
33,92,125
72,61,133
9,90,99
38,23,61
81,22,103
85,53,138
71,52,123
42,13,55
40,64,104
66,50,116
29,38,67
88,81,169
22,95,117
43,35,78
68,37,105
85,9,94
83,48,131
29,87,116
43,13,56
71,52,123
82,42,124
99,90,189
97,39,136
51,30,81
47,15,62
80,83,163
56,81,137
55,22,77
78,29,107
42,33,75
19,64,83
15,73,88
72,85,157
42,33,75
18,77,95
95,8,103
53,80,133
20,68,88
83,10,93
10,33,43
22,33,55
92,9,101
23,86,109
21,46,67
100,26,126
75,19,94
44,59,103
58,15,73
19,32,51
44,16,60
32,51,83
83,84,167
17,72,89
43,52,95
99,79,178
69,85,154
57,91,148
54,58,112
84,8,92
31,62,93
13,42,55
90,34,124
65,84,149
81,64,145
79,45,124
21,42,63
63,42,105
37,77,114
69,24,93
97,50,147
8,30,38
7,41,48
32,77,109
94,19,113
32,48,80
42,64,106
60,73,133
19,98,117
70,8,78
76,10,86
84,86,170
35,89,124
96,16,112
58,71,129
76,36,112
78,46,124
22,41,63
69,12,81
58,56,114
49,82,131
8,78,86
65,17,82
74,53,127
78,9,87
73,13,86
30,30,60
62,45,107
10,100,110
65,62,127
22,24,46
47,48,95
12,68,80
56,49,105
56,43,99
98,100,198
65,84,149
57,71,128
28,64,92
56,82,138
57,21,78
29,86,115
99,46,145
10,13,23
83,45,128
55,32,87
48,68,116
36,24,60
75,38,113
83,97,180
76,74,150
68,74,142
31,8,39
47,65,112
66,38,104
82,37,119
14,71,85
83,54,137
46,10,56
25,48,73
55,73,128
27,46,73
10,54,64
88,46,134
32,14,46
44,38,82
41,47,88
21,41,62
68,48,116
96,23,119
89,26,115
63,87,150
7,77,84
62,85,147
10,17,27
16,53,69
24,78,102
35,29,64
28,19,47
16,91,107
9,99,108
42,61,103
69,80,149
38,66,104
47,50,97
51,52,103
47,70,117
15,94,109
50,79,129
64,45,109
41,56,97
45,10,55
58,89,147
84,81,165
66,71,137
99,7,106
39,79,118
100,80,180
92,33,125
87,90,177
73,89,162
86,7,93
25,8,33
11,62,73
78,94,172
50,97,147
34,72,106
15,96,111
45,82,127
60,71,131
75,93,168
59,37,96
67,8,75
28,92,120
85,19,104
74,90,164
70,7,77
58,56,114
71,28,99
9,93,102
24,82,106
32,47,79
86,24,110
35,87,122
52,89,141
16,70,86
46,27,73
42,75,117
71,7,78
47,53,100
83,60,143
63,11,74
32,28,60
91,64,155
58,65,123
20,40,60
12,47,59
49,20,69
22,60,82
65,78,143
94,77,171
72,43,115
41,84,125
17,75,92
31,12,43
31,90,121
33,70,103
41,42,83
19,57,76
94,33,127
19,45,64
100,30,130
44,39,83
60,89,149
100,27,127
60,52,112
10,71,81
12,30,42
47,74,121
46,96,142
21,13,34
70,48,118
34,69,103
7,100,107
34,11,45
36,79,115
87,63,150
55,87,142
58,15,73
48,100,148
89,25,114
93,61,154
56,60,116
34,23,57
51,59,110
49,83,132
24,43,67
62,79,141
86,27,113
67,97,164
87,91,178
60,77,137
100,78,178
23,97,120
18,55,73
41,75,116
57,90,147
56,51,107
85,49,134
9,93,102
56,19,75
55,31,86
61,52,113
99,74,173
11,82,93
56,92,148
89,7,96
97,56,153
56,62,118
76,42,118
25,39,64
63,33,96
51,41,92
23,73,96
48,31,79
43,21,64
93,55,148
48,72,120
81,25,106
26,19,45
40,59,99
63,37,100
15,21,36
33,18,51
91,27,118
95,95,190
8,55,63
78,44,122
41,66,107
93,49,142
17,86,103
81,74,155
50,35,85
62,76,138
24,71,95
14,64,78
10,15,25
52,47,99
21,34,55
96,58,154
16,60,76
20,18,38
34,86,120
30,18,48
14,29,43
57,80,137
37,83,120
11,58,69
46,59,105
93,27,120
61,62,123
81,25,106
31,34,65
70,28,98
87,18,105
38,12,50
96,26,122
71,57,128
40,27,67
44,84,128
60,68,128
35,29,64
22,94,116
24,74,98
22,73,95
9,62,71
55,97,152
50,88,138
76,61,137
99,93,192
16,34,50
35,93,128
100,68,168
30,61,91
52,45,97
82,83,165
63,41,104
51,68,119
81,17,98
98,99,197
36,37,73
66,68,134
27,79,106
78,54,132
84,30,114
90,35,125
22,87,109
18,99,117
84,62,146
15,9,24
8,79,87
88,42,130
36,61,97
18,61,79
12,11,23
36,19,55
52,56,108
66,46,112
46,51,97
99,52,151
99,87,186
10,91,101
42,53,95
12,80,92
32,13,45
52,65,117
77,35,112
46,50,96
97,68,165
77,66,143
65,35,100
42,36,78
56,94,150
18,19,37
32,31,63
14,48,62
40,67,107
35,35,70
98,63,161
72,45,117
65,70,135
91,37,128
86,27,113
25,28,53
20,89,109
60,66,126
22,18,40
54,23,77
90,92,182
22,94,116
88,100,188
10,55,65
52,96,148
50,14,64
89,25,114
19,19,38
85,90,175
21,43,64
40,93,133
59,84,143
65,48,113
43,39,82
47,16,63
10,33,43
12,20,32
16,10,26
85,26,111
58,8,66
100,64,164
14,15,29
22,87,109
60,17,77
93,52,145
76,77,153
26,89,115
25,93,118
98,80,178
22,30,52
96,79,175
18,51,69
29,45,74
36,45,81
45,89,134
11,54,65
30,85,115
45,58,103
98,16,114
77,44,121
16,91,107
8,18,26
72,85,157
38,99,137
46,46,92
48,10,58
28,53,81
34,14,48
96,94,190
68,92,160
87,63,150
73,45,118
40,76,116
40,61,101
92,47,139
9,64,73
98,49,147
82,98,180
29,96,125
49,87,136
11,33,44
75,97,172
36,86,122
90,10,100
89,99,188
39,97,136
10,54,64
47,21,68
91,96,187
12,90,102
24,99,123
63,59,122
54,93,147
71,63,134
41,79,120
25,22,47
98,41,139
80,85,165
72,93,165
34,26,60
48,72,120
15,84,99
61,31,92
57,64,121
11,49,60
44,55,99
9,38,47
37,13,50
58,57,115
21,91,112
18,84,102
36,56,92
67,78,145
32,31,63
82,45,127
72,78,150
31,83,114
87,25,112
23,39,62
46,37,83
68,98,166
75,68,143
17,32,49
51,29,80
93,65,158
46,92,138
97,57,154
96,43,139
45,31,76
94,7,101
28,62,90
49,17,66
84,19,103
60,96,156
24,20,44
69,74,143
15,47,62
76,63,139
78,85,163
99,28,127
79,9,88
46,9,55
68,20,88
46,80,126
28,66,94
22,66,88
71,98,169
73,20,93
20,49,69
67,75,142
84,45,129
76,17,93
35,70,105
79,60,139
80,38,118
55,13,68
40,58,98
16,54,70
40,74,114
39,39,78
43,81,124
28,85,113
52,33,85
9,25,34
74,72,146
55,67,122
62,10,72
79,16,95
27,22,49
71,86,157
26,89,115
89,11,100
96,88,184
80,47,127
85,46,131
51,28,79
27,37,64
76,90,166
25,48,73
66,51,117
11,46,57
95,48,143
72,57,129
33,35,68
77,15,92
83,18,101
38,20,58
50,77,127
15,87,102
72,52,124
64,80,144
87,25,112
43,43,86
82,94,176
20,43,63
80,36,116
19,25,44
84,24,108
73,64,137
74,11,85
33,72,105
90,90,180
33,92,125
52,41,93
98,66,164
19,26,45
72,71,143
68,8,76
37,36,73
17,94,111
65,23,88
95,72,167
10,13,23
68,22,90
61,73,134
43,20,63
15,21,36
7,14,21
10,65,75
11,62,73
33,69,102
39,24,63
99,51,150
82,96,178
27,99,126
72,54,126
21,92,113
26,75,101
10,75,85
43,32,75
38,25,63
61,60,121
67,92,159
62,16,78
41,46,87
71,89,160
21,76,97
23,62,85
84,99,183
99,82,181
96,64,160
29,51,80
49,93,142
44,13,57
70,76,146
79,99,178
22,67,89
69,55,124
19,57,76
76,12,88
88,76,164
63,97,160
42,50,92
11,8,19
37,78,115
51,19,70
70,9,79
46,45,91
15,72,87
91,52,143
75,81,156
89,60,149
32,91,123
55,20,75
74,76,150
99,56,155
33,79,112
70,59,129
54,75,129
48,64,112
27,43,70
42,51,93
61,100,161
97,29,126
35,32,67
53,26,79
93,9,102
34,75,109
80,44,124
16,50,66
29,98,127
42,97,139
70,13,83
9,92,101
96,61,157
85,54,139
97,9,106
69,17,86
54,13,67
10,7,17
67,39,106
99,36,135
97,85,182
14,51,65
75,12,87
31,62,93
91,37,128
79,44,123
20,66,86
61,62,123
96,11,107
50,31,81
47,83,130
26,28,54
39,100,139
41,55,96
48,12,60
69,20,89
9,66,75
42,50,92
66,35,101
95,80,175
85,98,183
67,56,123
78,28,106
31,56,87
64,80,144
24,35,59
77,37,114
62,89,151
60,78,138
64,69,133
28,61,89
47,12,59
10,15,25
56,80,136
84,21,105
84,50,134
52,84,136
39,37,76
85,61,146
97,46,143
33,56,89
15,76,91
50,75,125
100,20,120
64,99,163
30,83,113
38,53,91
17,26,43
48,39,87
16,63,79
85,56,141
82,14,96
79,49,128
98,90,188
33,46,79
22,53,75
89,74,163
10,73,83
47,96,143
35,65,100
28,91,119
38,90,128
35,28,63
35,18,53
15,63,78
64,79,143
25,73,98
92,25,117
52,70,122
99,94,193
84,44,128
28,23,51
91,68,159
34,12,46
24,69,93
91,93,184
69,74,143
17,8,25
60,9,69
93,17,110
32,38,70
70,50,120
81,12,93
92,38,130
67,64,131
59,61,120
13,18,31
89,13,102
89,20,109
94,88,182
24,47,71
42,32,74
21,34,55
82,29,111
71,7,78
89,88,177
92,67,159
30,17,47
65,98,163
83,86,169
54,84,138
67,65,132
19,51,70
22,70,92
81,96,177
85,71,156
31,51,82
96,64,160
31,19,50
7,40,47
19,15,34
30,34,64
96,80,176
79,15,94
15,75,90
49,52,101
23,94,117
99,36,135
22,72,94
53,30,83
62,58,120
73,73,146
65,81,146
12,25,37
57,31,88
91,25,116
24,44,68
44,34,78
7,23,30
28,91,119
13,56,69
58,82,140
26,98,124
7,42,49
56,71,127
12,40,52
81,53,134
94,29,123
12,27,39
40,98,138
25,70,95
23,56,79
11,40,51
100,61,161
85,90,175
87,16,103
44,24,68
72,69,141
52,60,112
8,14,22
57,69,126
81,44,125
96,92,188
41,54,95
92,28,120
44,50,94
75,51,126
59,60,119
73,83,156
48,55,103
69,69,138
68,95,163
30,44,74
7,74,81
33,37,70
11,8,19
65,52,117
32,39,71
40,76,116
72,43,115
78,84,162
36,28,64
67,34,101
25,38,63
41,99,140
15,16,31
26,26,52
79,50,129
44,96,140
18,54,72
27,93,120
10,80,90
78,35,113
47,67,114
63,30,93
28,20,48
36,68,104
58,48,106
18,67,85
23,96,119
96,24,120
18,87,105
97,91,188
7,31,38
96,75,171
63,56,119
10,21,31
16,25,41
42,44,86
52,43,95
63,83,146
59,49,108
29,62,91
14,43,57
57,19,76
79,51,130
73,54,127
28,17,45
84,86,170
65,83,148
86,99,185
61,61,122
81,31,112
97,46,143
7,80,87
21,66,87
28,41,69
12,50,62
74,84,158
91,66,157
61,24,85
77,66,143
96,51,147
68,39,107
53,48,101
74,90,164
94,52,146
67,52,119
9,53,62
33,78,111
83,60,143
53,72,125
36,26,62
36,33,69
44,55,99
52,23,75
80,60,140
99,61,160
88,77,165
67,58,125
96,67,163
80,28,108
45,93,138
48,71,119
83,68,151
40,68,108
94,31,125
12,99,111
85,40,125
66,92,158
61,16,77
32,11,43
15,14,29
75,41,116
58,47,105
57,86,143
27,67,94
14,89,103
70,45,115
82,30,112
85,13,98
68,14,82
95,40,135
94,13,107
54,83,137
26,28,54
81,46,127
57,65,122
29,10,39
16,64,80
56,50,106
35,41,76
32,60,92
20,91,111
35,71,106
83,65,148
36,94,130
30,41,71
21,45,66
92,12,104
84,19,103
37,43,80
32,10,42
100,48,148
40,59,99
89,73,162
18,48,66
78,76,154
80,91,171
88,86,174
71,68,139
49,36,85
36,12,48
39,73,112
83,17,100
34,32,66
66,70,136
7,75,82
63,72,135
93,69,162
53,57,110
80,72,152
36,28,64
84,46,130
86,13,99
18,64,82
36,74,110
32,70,102
36,96,132
53,18,71
77,10,87
38,63,101
93,43,136
45,39,84
26,81,107
7,57,64
51,72,123
9,61,70
31,46,77
41,80,121
27,54,81
33,76,109
13,26,39
36,9,45
65,99,164
93,29,122
96,84,180
41,43,84
24,23,47
41,94,135
41,91,132
21,92,113
73,44,117
10,16,26
47,58,105
76,66,142
40,79,119
13,100,113
20,46,66
96,70,166
94,23,117
30,27,57
17,19,36
89,61,150
85,19,104
8,26,34
49,47,96
27,45,72
77,76,153
8,56,64
34,52,86
65,35,100
47,71,118
38,11,49
65,57,122
68,96,164
7,50,57
56,81,137
17,56,73
73,10,83
56,33,89
24,49,73
78,18,96
73,50,123
27,22,49
71,60,131
13,25,38
75,47,122
38,68,106
88,71,159
20,24,44
26,69,95
21,8,29
8,92,100
91,78,169
48,68,116
8,97,105
95,77,172
37,95,132
92,15,107
14,17,31
61,67,128
55,54,109
47,93,140
47,56,103
52,43,95
11,87,98
78,70,148
73,69,142
52,26,78
85,65,150
59,71,130
64,74,138
35,52,87
91,20,111
26,52,78
19,34,53
53,36,89
92,9,101
72,77,149
57,18,75
90,23,113
49,34,83
30,61,91
31,8,39
91,18,109
48,29,77
68,99,167
59,47,106
90,27,117
19,17,36
23,79,102
99,16,115
12,91,103
88,42,130
54,85,139
90,80,170
90,99,189
85,47,132
96,7,103
54,31,85
12,18,30
97,76,173
9,91,100
82,76,158
48,74,122
70,40,110
47,56,103
15,76,91
74,84,158
66,61,127
75,44,119
24,58,82
82,92,174
78,56,134
22,20,42
11,18,29
65,18,83
78,27,105
31,55,86
11,72,83
65,18,83
65,40,105
27,20,47
19,50,69
19,11,30
60,71,131
52,24,76
84,41,125
93,31,124
64,85,149
9,23,32
63,27,90
58,74,132
38,68,106
88,28,116
46,54,100
58,43,101
68,77,145
28,38,66
45,80,125
83,83,166
20,95,115
41,8,49
29,17,46
69,70,139
75,24,99
100,92,192
80,29,109
47,70,117
98,90,188
94,87,181
72,46,118
45,47,92
18,25,43
24,79,103
80,34,114
29,77,106
54,85,139
29,31,60
79,83,162
76,96,172
29,9,38
61,25,86
24,78,102
14,72,86
74,14,88
51,34,85
94,10,104
71,14,85
58,70,128
91,32,123
24,25,49
36,85,121
94,50,144
74,93,167
68,61,129
47,31,78
69,65,134
43,78,121
45,53,98
60,78,138
18,56,74
53,63,116
67,28,95
81,89,170
82,54,136
9,85,94
21,8,29
31,92,123
53,60,113
45,56,101
57,58,115
8,77,85
50,28,78
32,76,108
21,50,71
51,98,149
30,29,59
82,61,143
50,81,131
51,97,148
71,64,135
71,92,163
38,32,70
27,83,110
47,10,57
37,71,108
55,86,141
64,83,147
72,78,150
22,67,89
89,96,185
66,12,78
54,84,138
15,86,101
70,100,170
91,70,161
76,77,153
18,51,69
55,80,135
70,23,93
43,96,139
10,65,75
51,72,123
42,98,140
74,88,162
85,54,139
32,22,54
10,100,110
13,54,67
9,41,50
78,67,145
40,44,84
52,98,150
12,37,49
98,47,145
50,67,117
92,88,180
96,30,126
77,50,127
91,99,190
78,21,99
27,31,58
72,77,149
11,55,66
53,69,122
70,26,96
66,49,115
48,26,74
49,26,75
8,67,75
31,29,60
58,12,70
85,23,108
8,78,86
7,55,62
83,86,169
68,66,134
69,94,163
86,22,108
93,43,136
91,47,138
92,28,120
64,48,112
24,83,107
30,41,71
53,23,76
28,60,88
98,19,117
76,14,90
64,62,126
8,46,54
48,93,141
37,84,121
68,65,133
41,97,138
42,14,56
66,94,160
53,28,81
88,89,177
99,17,116
50,86,136
70,54,124
88,39,127
29,90,119
44,71,115
64,62,126
77,13,90
36,54,90
51,15,66
29,82,111
49,55,104
44,59,103
33,64,97
59,54,113
76,87,163
83,38,121
56,35,91
17,43,60
84,50,134
93,71,164
59,95,154
69,53,122
33,47,80
88,19,107
23,34,57
25,78,103
47,66,113
79,44,123
94,100,194
30,46,76
11,13,24
49,50,99
19,73,92
66,42,108
78,98,176
21,52,73
92,42,134
99,47,146
14,74,88
72,53,125
90,15,105
39,34,73
49,100,149
99,14,113
87,90,177
96,81,177
51,81,132
61,20,81
10,9,19
25,36,61
88,16,104
77,36,113
55,20,75
95,23,118
89,34,123
75,85,160
83,23,106
76,55,131
72,97,169
9,68,77
40,63,103
53,68,121
37,78,115
33,99,132
9,22,31
11,18,29
27,26,53
75,19,94
12,87,99
74,40,114
93,74,167
25,92,117
23,9,32
19,91,110
90,31,121
69,24,93
56,92,148
27,63,90
100,97,197
41,19,60
62,99,161
61,38,99
17,90,107
17,54,71
93,81,174
72,88,160
11,66,77
76,47,123
64,81,145
87,36,123
67,62,129
24,38,62
85,9,94
98,37,135
55,20,75
88,71,159
99,37,136
30,25,55
9,95,104
44,26,70
13,28,41
69,61,130
7,95,102
27,100,127
48,67,115
63,16,79
58,26,84
71,72,143
41,64,105
82,66,148
59,100,159
93,38,131
54,55,109
99,82,181
63,18,81
91,13,104
92,21,113
56,42,98
49,27,76
74,44,118
20,30,50
69,93,162
21,92,113
55,60,115
8,16,24
55,84,139
85,33,118
79,88,167
45,33,78
31,48,79
63,100,163
7,46,53
78,83,161
63,30,93
34,52,86
23,59,82
65,86,151
56,66,122
45,8,53
50,55,105
38,58,96
78,92,170
80,16,96
45,45,90
35,49,84
72,39,111
82,54,136
71,70,141
23,57,80
56,66,122
19,97,116
40,76,116
72,33,105
74,38,112
98,69,167
14,55,69
91,53,144
52,64,116
75,43,118
96,33,129
23,99,122
77,74,151
23,57,80
52,96,148
80,21,101
24,71,95
87,86,173
12,40,52
97,8,105
100,95,195
88,59,147
37,84,121
54,40,94
47,11,58
41,8,49
28,60,88
15,32,47
83,89,172
58,7,65
85,49,134
100,88,188
27,20,47
90,49,139
22,69,91
32,76,108
18,28,46
89,22,111
32,10,42
64,55,119
55,60,115
92,95,187
14,43,57
12,33,45
42,86,128
33,35,68
91,79,170
91,55,146
54,96,150
57,27,84
75,76,151
57,8,65
88,69,157
23,45,68
31,70,101
68,26,94
93,60,153
12,12,24
83,74,157
100,63,163
67,90,157
61,42,103
92,26,118
75,48,123
18,65,83
49,87,136
66,93,159
24,61,85
29,87,116
50,32,82
71,13,84
41,10,51
52,30,82
78,48,126
99,20,119
64,98,162
70,7,77
74,54,128
34,58,92
68,76,144
83,35,118
53,41,94
82,84,166
99,74,173
32,93,125
24,7,31
15,13,28
64,81,145
8,60,68
99,33,132
7,55,62
59,81,140
91,85,176
91,52,143
55,52,107
76,54,130
69,58,127
64,19,83
36,19,55
34,88,122
52,30,82
78,75,153
64,10,74
14,99,113
93,44,137
64,91,155
41,19,60
34,26,60
64,7,71
99,38,137
14,95,109
63,88,151
91,47,138
13,48,61
8,21,29
42,45,87
93,15,108
11,18,29
39,65,104
96,86,182
78,61,139
13,91,104
24,7,31
65,58,123
62,90,152
100,38,138
13,47,60
48,22,70
48,76,124
83,24,107
90,40,130
57,83,140
20,12,32
21,19,40
41,78,119
7,32,39
45,76,121
100,45,145
36,38,74
100,9,109
29,31,60
65,65,130
45,20,65
66,37,103
58,14,72
10,78,88
72,15,87
93,46,139
30,41,71
16,46,62
32,19,51
27,93,120
77,73,150
99,65,164
27,99,126
33,81,114
88,91,179
31,63,94
18,61,79
88,18,106
96,9,105
22,32,54
31,81,112
59,99,158
7,96,103
18,10,28
90,94,184
91,48,139
48,80,128
96,67,163
45,74,119
85,24,109
71,73,144
90,65,155
88,40,128
79,40,119
27,27,54
33,15,48
67,52,119
69,22,91
98,68,166
70,22,92
31,26,57
89,31,120
85,30,115
12,47,59
11,68,79
78,89,167
37,59,96
89,100,189
97,76,173
16,96,112
74,38,112
29,42,71
98,85,183
95,83,178
66,70,136
42,75,117
62,13,75
53,87,140
77,12,89
90,60,150
20,31,51
52,54,106
19,95,114
8,42,50
89,49,138
73,89,162
32,96,128
17,22,39
9,89,98
9,8,17
67,72,139
44,54,98
13,23,36
86,87,173
9,28,37
69,9,78
88,34,122
31,47,78
9,25,34
12,40,52
24,80,104
15,55,70
73,46,119
13,52,65
44,89,133
77,89,166
43,26,69
18,53,71
63,18,81
57,53,110
45,29,74
66,17,83
17,83,100
69,32,101
73,16,89
22,82,104
98,78,176
59,68,127
40,56,96
33,22,55
17,78,95
26,98,124
17,40,57
19,39,58
28,66,94
26,70,96
7,30,37
37,96,133
65,43,108
26,90,116
8,11,19
71,58,129
60,8,68
37,90,127
73,73,146
20,12,32
93,25,118
67,9,76
85,63,148
64,94,158
28,7,35
17,56,73
54,54,108
69,23,92
28,85,113
88,93,181
91,17,108
81,44,125
95,7,102
48,99,147
14,83,97
25,30,55
70,33,103
45,81,126
8,13,21
72,64,136
20,9,29
74,43,117
68,51,119
87,37,124
53,22,75
16,65,81
67,86,153
38,83,121
60,70,130
75,79,154
23,47,70
85,70,155
90,47,137
85,44,129
89,56,145
10,19,29
66,25,91
51,64,115
28,74,102
21,98,119
54,38,92
36,66,102
76,95,171
69,73,142
72,85,157
27,74,101
37,94,131
87,41,128
26,94,120
77,70,147
94,46,140
60,50,110
54,43,97
50,24,74
82,16,98
28,27,55
29,85,114
47,55,102
73,55,128
43,30,73
41,29,70
29,14,43
7,9,16
55,42,97
16,8,24
54,96,150
45,41,86
19,55,74
45,28,73
73,84,157
75,93,168
12,72,84
69,69,138
12,44,56
77,23,100
81,84,165
53,30,83
17,26,43
33,49,82
30,92,122
86,35,121
46,16,62
12,26,38
34,62,96
23,42,65
69,31,100
61,33,94
74,17,91
66,79,145
57,54,111
26,83,109
60,29,89
33,68,101
23,73,96
27,88,115
19,97,116
66,78,144
52,76,128
16,60,76
9,72,81
68,80,148
26,36,62
89,74,163
93,78,171
98,61,159
7,26,33
61,25,86
47,74,121
73,14,87
73,96,169
51,12,63
10,99,109
40,15,55
39,74,113
43,100,143
17,66,83
16,66,82
45,90,135
91,39,130
48,49,97
42,26,68
37,90,127
58,55,113
62,92,154
86,80,166
54,71,125
7,71,78
65,81,146
17,32,49
16,78,94
86,72,158
66,40,106
97,24,121
62,85,147
11,14,25
77,54,131
44,15,59
21,43,64
48,26,74
18,39,57
42,42,84
91,77,168
68,83,151
84,100,184
91,72,163
67,36,103
66,87,153
97,60,157
25,89,114
85,55,140
8,8,16
31,47,78
40,41,81
48,12,60
55,7,62
84,71,155
43,51,94
74,94,168
83,21,104
48,61,109
63,33,96
51,69,120
17,98,115
18,14,32
68,68,136
72,61,133
84,46,130
76,25,101
92,66,158
90,9,99
61,37,98
8,87,95
45,70,115
44,34,78
93,38,131
80,68,148
36,86,122
93,15,108
41,12,53
57,55,112
57,14,71
70,67,137
82,45,127
43,41,84
51,94,145
60,73,133
92,30,122
46,64,110
30,23,53
35,67,102
29,71,100
29,80,109
55,42,97
91,58,149
39,78,117
79,22,101
56,77,133
45,91,136
19,85,104
64,7,71
29,20,49
50,83,133
31,90,121
70,53,123
48,17,65
66,56,122
34,17,51
100,63,163
30,43,73
94,39,133
86,85,171
8,54,62
98,95,193
97,28,125
23,36,59
11,66,77
48,67,115
41,10,51
27,33,60
7,42,49
22,26,48
91,8,99
40,89,129
66,8,74
47,33,80
69,75,144
23,68,91
100,75,175
77,97,174
31,48,79
75,92,167
100,86,186
99,69,168
99,97,196
37,45,82
60,22,82
55,86,141
23,25,48
75,66,141
99,71,170
72,26,98
47,51,98
92,44,136
49,43,92
12,47,59
77,72,149
32,57,89
93,46,139
49,32,81
42,82,124
27,39,66
27,13,40
29,91,120
93,99,192
96,73,169
38,35,73
19,54,73
72,54,126
64,43,107
37,18,55
9,15,24
8,54,62
79,14,93
65,92,157
70,98,168
26,43,69
54,73,127
50,69,119
42,42,84
88,45,133
54,49,103
36,62,98
52,25,77
63,13,76
8,92,100
44,52,96
8,79,87
19,56,75
58,22,80
79,73,152
73,63,136
97,30,127
31,67,98
93,45,138
91,75,166
34,54,88
10,100,110
80,88,168
96,78,174
86,45,131
41,97,138
11,59,70
79,26,105
27,23,50
34,18,52
36,73,109
8,79,87
74,11,85
69,24,93
93,37,130
45,30,75
92,12,104
80,79,159
22,48,70
48,95,143
63,83,146
80,68,148
32,34,66
26,80,106
77,27,104
8,79,87
71,98,169
46,99,145
75,81,156
85,90,175
24,43,67
95,84,179
21,49,70
65,78,143
81,27,108
33,41,74
26,38,64
65,66,131
80,35,115
44,27,71
39,14,53
10,40,50
10,37,47
67,58,125
66,94,160
24,57,81
75,89,164
71,97,168
93,30,123
95,10,105
100,53,153
88,68,156
79,20,99
60,8,68
56,56,112
48,32,80
72,52,124
65,52,117
71,81,152
75,58,133
77,96,173
19,99,118
47,62,109
32,67,99
72,72,144
60,79,139
87,64,151
8,28,36
12,39,51
92,88,180
37,95,132
57,28,85
49,79,128
65,69,134
61,73,134
38,98,136
54,26,80
39,16,55
92,54,146
61,7,68
10,7,17
60,30,90
42,66,108
43,58,101
32,88,120
26,50,76
69,9,78
27,29,56
65,21,86
95,51,146
39,64,103
99,44,143
56,20,76
32,87,119
58,24,82
51,28,79
98,50,148
49,19,68
63,90,153
26,32,58
85,13,98
50,42,92
89,34,123
79,11,90
77,29,106
86,34,120
67,53,120
48,30,78
86,42,128
100,9,109
15,65,80
37,41,78
69,45,114
78,67,145
56,77,133
85,47,132
32,44,76
62,14,76
50,66,116
82,52,134
28,13,41
72,35,107
99,17,116
59,73,132
82,63,145
45,23,68
86,76,162
7,74,81
90,81,171
56,94,150
22,86,108
98,93,191
16,82,98
86,9,95
41,32,73
70,22,92
91,14,105
35,10,45
7,44,51
55,10,65
55,29,84
44,90,134
36,50,86
47,100,147
27,16,43
10,39,49
54,32,86
87,37,124
78,69,147
57,80,137
88,33,121
59,22,81
59,72,131
85,42,127
47,85,132
90,56,146
40,83,123
45,37,82
53,72,125
44,100,144
7,84,91
38,82,120
90,12,102
7,44,51
46,38,84
34,78,112
59,13,72
72,22,94
67,83,150
71,17,88
77,68,145
56,14,70
27,77,104
54,89,143
97,80,177
86,51,137
9,47,56
96,78,174
59,99,158
25,39,64
21,39,60
49,35,84
96,37,133
89,63,152
15,96,111
56,51,107
53,42,95
19,39,58
42,11,53
78,80,158
72,69,141
8,19,27
44,31,75
50,51,101
22,31,53
63,57,120
31,14,45
30,25,55
93,47,140
78,79,157
9,61,70
77,71,148
12,17,29
38,99,137
71,48,119
34,50,84
23,74,97
77,20,97
73,47,120
56,90,146
77,62,139
95,96,191
72,48,120
48,62,110
13,81,94
46,61,107
85,66,151
69,21,90
98,76,174
26,22,48
18,13,31
16,40,56
96,12,108
65,9,74
60,79,139
24,54,78
38,56,94
88,55,143
50,55,105
51,48,99
71,15,86
43,73,116
24,61,85
46,15,61
42,22,64
96,30,126
60,24,84
88,60,148
9,15,24
81,12,93
27,70,97
37,98,135
29,88,117
63,51,114
89,84,173
96,46,142
61,49,110
28,65,93
93,86,179
15,8,23
64,37,101
36,85,121
95,49,144
40,57,97
54,26,80
49,82,131
82,61,143
13,30,43
25,37,62
83,89,172
14,35,49
45,78,123
98,40,138
54,59,113
58,34,92
69,39,108
59,41,100
58,36,94
42,39,81
18,33,51
12,74,86
68,38,106
27,98,125
94,59,153
33,27,60
44,55,99
57,100,157
31,63,94
90,16,106
56,52,108
40,76,116
92,10,102
89,80,169
24,14,38
51,54,105
80,98,178
85,56,141
11,64,75
31,83,114
90,43,133
14,96,110
19,75,94
7,30,37
49,29,78
16,68,84
86,37,123
32,40,72
32,31,63
87,87,174
31,30,61
76,20,96
50,45,95
81,91,172
54,20,74
24,12,36
33,32,65
23,72,95
42,11,53
80,79,159
27,86,113
86,99,185
35,46,81
69,62,131
82,79,161
75,48,123
86,64,150
41,20,61
81,66,147
61,49,110
22,37,59
15,74,89
10,78,88
69,29,98
41,82,123
63,80,143
16,83,99
22,38,60
43,84,127
67,91,158
86,67,153
32,41,73
57,66,123
52,62,114
26,56,82
88,71,159
94,95,189
49,65,114
20,47,67
91,16,107
35,96,131
82,25,107
86,97,183
33,59,92
12,100,112
10,73,83
17,23,40
57,29,86
93,58,151
23,45,68
82,83,165
97,48,145
33,64,97
46,74,120
50,39,89
33,99,132
31,38,69
43,22,65
7,46,53
47,43,90
54,25,79
88,14,102
42,23,65
20,17,37
71,13,84
51,23,74
99,82,181
7,92,99
45,75,120
25,32,57
16,21,37
24,31,55
48,21,69
36,20,56
59,68,127
71,66,137
80,42,122
40,63,103
59,44,103
61,8,69
43,74,117
53,57,110
12,8,20
39,42,81
51,59,110
67,63,130
66,83,149
14,72,86
89,40,129
62,51,113
14,93,107
87,77,164
70,44,114
34,55,89
53,64,117
25,40,65
87,56,143
84,18,102
60,84,144
30,20,50
29,60,89
91,46,137
74,14,88
20,12,32
99,60,159
27,75,102
20,91,111
97,9,106
52,16,68
23,71,94
45,23,68
10,21,31
95,99,194
33,20,53
7,17,24
87,60,147
77,62,139
73,71,144
74,51,125
83,74,157
82,56,138
86,40,126
49,82,131
68,67,135
57,81,138
93,26,119
53,24,77
34,74,108
41,77,118
99,98,197
81,65,146
74,44,118
7,75,82
69,79,148
92,44,136
13,76,89
16,68,84
70,60,130
99,46,145
54,78,132
97,94,191
13,30,43
43,41,84
54,92,146
36,26,62
79,65,144
41,23,64
11,25,36
28,97,125
57,68,125
95,30,125
18,28,46
84,82,166
89,51,140
87,82,169
99,80,179
58,85,143
40,60,100
100,61,161
100,31,131
99,98,197
39,28,67
62,28,90
84,56,140
71,41,112
76,15,91
30,34,64
15,22,37
31,63,94
36,33,69
33,51,84
19,31,50
61,81,142
36,19,55
32,42,74
17,22,39
90,30,120
55,22,77
42,35,77
82,37,119
40,24,64
14,62,76
53,19,72
83,69,152
50,73,123
34,33,67
35,60,95
12,94,106
39,26,65
87,33,120
88,15,103
22,69,91
8,22,30
66,38,104
100,50,150
76,27,103
44,42,86
96,43,139
60,11,71
12,95,107
95,7,102
18,76,94
35,95,130
76,17,93
94,17,111
27,86,113
26,14,40
23,25,48
100,47,147
80,20,100
12,36,48
72,10,82
54,51,105
40,38,78
27,37,64
37,78,115
54,92,146
83,53,136
10,17,27
95,96,191
36,64,100
25,9,34
66,30,96
50,52,102
34,77,111
34,92,126
78,61,139
63,56,119
75,94,169
65,88,153
89,10,99
9,8,17
75,72,147
100,85,185
54,29,83
57,68,125
79,19,98
11,55,66
22,35,57
91,39,130
53,94,147
58,66,124
9,87,96
76,57,133
67,12,79
83,63,146
41,97,138
10,25,35
19,31,50
68,24,92
84,97,181
54,71,125
92,7,99
45,60,105
91,31,122
32,80,112
53,36,89
37,99,136
59,30,89
36,58,94
66,25,91
35,37,72
44,60,104
10,73,83
19,84,103
31,51,82
52,34,86
19,84,103
88,91,179
58,86,144
39,55,94
53,44,97
57,85,142
47,33,80
76,100,176
16,64,80
79,89,168
67,45,112
11,40,51
24,93,117
38,94,132
56,11,67
46,94,140
21,59,80
52,49,101
15,37,52
68,57,125
44,16,60
8,87,95
76,25,101
13,9,22
96,25,121
67,7,74
49,68,117
98,44,142
30,87,117
73,45,118
99,95,194
97,80,177
91,92,183
89,72,161
78,64,142
12,14,26
85,60,145
57,89,146
27,80,107
44,53,97
12,47,59
52,37,89
76,31,107
40,29,69
52,46,98
16,48,64
21,13,34
27,89,116
91,100,191
42,12,54
14,81,95
93,50,143
61,55,116
97,53,150
84,21,105
40,79,119
25,98,123
35,55,90
44,91,135
64,95,159
13,9,22
16,97,113
98,58,156
87,93,180
28,9,37
34,56,90
36,46,82
77,14,91
62,83,145
17,61,78
92,68,160
64,66,130
83,31,114
41,81,122
90,13,103
20,74,94
10,81,91
99,61,160
97,91,188
44,83,127
31,65,96
99,71,170
28,73,101
52,40,92
26,73,99
11,26,37
92,56,148
98,29,127
9,64,73
96,51,147
57,65,122
95,42,137
61,44,105
57,31,88
71,29,100
88,30,118
93,38,131
27,80,107
72,59,131
39,56,95
45,87,132
64,90,154
60,91,151
86,82,168
16,79,95
57,78,135
51,81,132
13,19,32
64,97,161
98,14,112
78,25,103
57,72,129
75,40,115
18,73,91
92,60,152
9,93,102
39,25,64
13,48,61
52,47,99
85,20,105
92,83,175
80,65,145
88,88,176
76,21,97
41,80,121
16,51,67
74,47,121
91,89,180
82,89,171
67,22,89
90,50,140
93,40,133
25,56,81
69,59,128
47,45,92
67,72,139
65,75,140
57,31,88
97,89,186
16,15,31
57,78,135
45,77,122
45,61,106
90,57,147
18,9,27
73,66,139
67,56,123
82,81,163
91,80,171
13,95,108
62,67,129
44,86,130
40,10,50
8,80,88
44,91,135
76,82,158
43,61,104
94,74,168
33,40,73
42,30,72
58,68,126
9,45,54
83,97,180
15,24,39
65,72,137
77,16,93
23,56,79
65,74,139
53,13,66
97,21,118
9,49,58
25,33,58
63,54,117
60,58,118
86,76,162
26,49,75
67,65,132
69,86,155
15,100,115
38,44,82
87,23,110
71,15,86
26,93,119
9,56,65
83,81,164
61,86,147
60,36,96
30,95,125
80,81,161
54,93,147
42,55,97
89,100,189
93,69,162
66,17,83
72,38,110
85,10,95
83,82,165
99,74,173
11,63,74
81,20,101
30,59,89
58,100,158
98,72,170
66,28,94
64,41,105
45,81,126
55,27,82
29,54,83
88,18,106
41,93,134
22,15,37
81,9,90
58,43,101
70,97,167
57,60,117
73,97,170
92,44,136
73,12,85
18,32,50
39,68,107
41,97,138
41,54,95
89,23,112
10,21,31
50,50,100
48,14,62
92,38,130
82,77,159
12,83,95
82,58,140
52,31,83
25,69,94
21,48,69
52,74,126
68,20,88
74,54,128
49,72,121
72,72,144
52,70,122
68,84,152
53,7,60
69,73,142
87,63,150
35,29,64
27,97,124
21,17,38
36,53,89
96,23,119
34,17,51
73,38,111
24,68,92
82,98,180
98,21,119
46,47,93
52,50,102
39,31,70
14,61,75
25,9,34
48,24,72
32,61,93
70,99,169
65,8,73
98,98,196
36,20,56
71,30,101
72,76,148
29,34,63
100,98,198
49,62,111
20,79,99
19,7,26
18,86,104
65,47,112
72,98,170
21,23,44
43,78,121
14,19,33
44,83,127
50,13,63
93,55,148
74,77,151
87,49,136
61,89,150
49,20,69
60,91,151
82,91,173
15,15,30
100,9,109
81,19,100
100,52,152
42,94,136
85,21,106
7,99,106
7,24,31
35,32,67
57,33,90
60,35,95
39,9,48
29,63,92
65,54,119
33,66,99
16,67,83
16,34,50
79,52,131
10,64,74
72,69,141
12,25,37
11,14,25
60,16,76
46,86,132
91,33,124
48,60,108
41,45,86
7,10,17
25,50,75
64,68,132
74,91,165
87,65,152
48,48,96
40,67,107
43,27,70
92,98,190
88,77,165
52,98,150
85,84,169
28,41,69
9,35,44
30,55,85
7,21,28
85,44,129
71,31,102
96,58,154
9,64,73
11,64,75
13,16,29
75,48,123
14,53,67
100,41,141
94,38,132
27,43,70
90,28,118
77,84,161
83,18,101
55,86,141
84,47,131
92,97,189
25,76,101
24,39,63
66,25,91
42,69,111
92,23,115
15,89,104
85,76,161
13,49,62
48,49,97
9,86,95
57,24,81
55,51,106
23,46,69
28,53,81
93,45,138
50,22,72
95,68,163
59,45,104
75,67,142
68,52,120
46,64,110
76,88,164
44,13,57
63,9,72
8,8,16
42,9,51
37,82,119
34,56,90
91,12,103
92,38,130
23,37,60
39,21,60
70,47,117
29,99,128
8,29,37
93,33,126
62,46,108
73,32,105
89,35,124
32,43,75
27,23,50
42,12,54
96,72,168
62,63,125
85,14,99
81,15,96
93,33,126
73,49,122
61,37,98
74,86,160
80,44,124
17,17,34
49,78,127
24,70,94
88,94,182
87,14,101
10,80,90
83,68,151
15,91,106
84,95,179
64,17,81
29,71,100
17,96,113
84,71,155
66,16,82
53,16,69
49,17,66
33,25,58
93,17,110
66,72,138
22,51,73
13,68,81
91,21,112
21,74,95
22,33,55
67,97,164
42,62,104
43,69,112
33,57,90
85,55,140
15,38,53
65,38,103
10,59,69
57,87,144
30,35,65
58,12,70
30,90,120
63,43,106
47,29,76
15,56,71
49,17,66
59,94,153
49,41,90
27,98,125
39,78,117
90,48,138
84,100,184
88,99,187
71,54,125
32,30,62
42,41,83
89,62,151
60,70,130
11,26,37
75,31,106
51,66,117
37,20,57
94,96,190
50,89,139
22,13,35
62,10,72
87,39,126
21,55,76
79,23,102
87,26,113
63,90,153
39,60,99
66,41,107
62,37,99
22,85,107
48,55,103
88,72,160
80,99,179
64,70,134
67,49,116
61,99,160
84,92,176
32,12,44
59,16,75
96,75,171
74,50,124
51,47,98
71,62,133
91,56,147
14,52,66
10,40,50
13,51,64
56,40,96
33,90,123
94,69,163
26,20,46
53,55,108
69,44,113
79,97,176
13,17,30
100,91,191
97,19,116
25,100,125
53,59,112
93,50,143
80,55,135
96,59,155
29,95,124
63,13,76
33,25,58
18,45,63
43,18,61
16,81,97
59,7,66
84,27,111
66,55,121
29,88,117
94,70,164
58,98,156
25,91,116
94,71,165
91,10,101
51,22,73
51,61,112
88,21,109
96,65,161
15,15,30
8,37,45
86,79,165
81,97,178
50,25,75
69,34,103
67,16,83
66,7,73
24,48,72
21,47,68
66,92,158
17,47,64
74,59,133
96,22,118
53,94,147
30,97,127
9,85,94
56,13,69
74,19,93
55,49,104
47,74,121
33,58,91
8,35,43
87,60,147
47,83,130
66,31,97
91,35,126
68,89,157
20,48,68
18,68,86
42,53,95
65,85,150
84,55,139
94,23,117
31,52,83
21,30,51
30,79,109
20,40,60
78,48,126
18,82,100
88,94,182
49,60,109
17,49,66
67,33,100
100,72,172
41,66,107
38,57,95
23,23,46
35,44,79
27,18,45
19,85,104
92,43,135
21,47,68
73,76,149
82,96,178
84,55,139
26,83,109
8,11,19
20,51,71
97,28,125
21,56,77
33,89,122
17,25,42
75,84,159
54,57,111
82,10,92
30,40,70
51,92,143
16,12,28
86,71,157
23,82,105
11,53,64
63,59,122
83,84,167
66,91,157
16,52,68
11,88,99
55,72,127
80,65,145
67,73,140
33,69,102
56,78,134
28,64,92
28,86,114
64,11,75
90,74,164
94,59,153
74,97,171
71,94,165
36,70,106
41,14,55
29,22,51
92,22,114
53,28,81
78,45,123
26,28,54
57,40,97
58,51,109
71,93,164
21,14,35
48,78,126
35,86,121
57,36,93
85,84,169
23,8,31
61,27,88
42,87,129
87,75,162
68,30,98
9,60,69
79,76,155
15,89,104
34,70,104
21,45,66
92,12,104
48,95,143
85,26,111
94,86,180
63,14,77
71,55,126
34,10,44
81,51,132
20,76,96
82,22,104
49,54,103
61,92,153
58,88,146
34,46,80
79,40,119
68,48,116
88,22,110
73,91,164
54,56,110
70,12,82
8,18,26
14,75,89
71,27,98
13,49,62
72,60,132
87,45,132
55,87,142
55,30,85
27,32,59
14,95,109
26,28,54
95,36,131
47,100,147
61,46,107
89,42,131
70,22,92
9,82,91
26,40,66
24,29,53
34,30,64
49,18,67
15,98,113
61,16,77
97,54,151
28,48,76
91,28,119
88,49,137
46,26,72
66,11,77
20,100,120
33,29,62
37,8,45
9,80,89
68,88,156
77,96,173
25,59,84
62,22,84
13,9,22
65,45,110
51,77,128
10,48,58
54,16,70
91,49,140
59,74,133
36,74,110
78,60,138
18,61,79
95,38,133
78,54,132
43,90,133
29,26,55
18,18,36
27,31,58
7,88,95
64,63,127
65,35,100
42,32,74
31,78,109
83,56,139
29,67,96
85,23,108
35,71,106
72,42,114
32,98,130
64,8,72
22,54,76
50,99,149
77,76,153
20,100,120
74,9,83
87,13,100
7,66,73
15,78,93
13,24,37
40,14,54
67,12,79
42,86,128
15,96,111
35,34,69
90,22,112
50,69,119
19,57,76
63,83,146
61,61,122
75,92,167
37,65,102
39,46,85
10,8,18
11,89,100
61,73,134
87,9,96
10,65,75
29,53,82
40,29,69
10,84,94
21,32,53
9,37,46
59,31,90
76,95,171
89,67,156
80,18,98
45,12,57
86,41,127
43,64,107
96,55,151
10,27,37
82,42,124
97,25,122
73,70,143
32,20,52
32,30,62
77,20,97
25,68,93
81,61,142
73,89,162
42,40,82
22,20,42
67,36,103
62,56,118
32,24,56
63,23,86
20,32,52
45,31,76
48,29,77
13,79,92
62,79,141
18,85,103
56,70,126
64,83,147
98,52,150
95,91,186
33,40,73
76,81,157
20,15,35
92,26,118
80,10,90
74,53,127
52,88,140
10,41,51
31,63,94
41,64,105
39,44,83
88,78,166
90,95,185
81,49,130
37,65,102
48,70,118
39,15,54
12,67,79
40,29,69
66,95,161
56,79,135
22,52,74
48,79,127
80,26,106
67,71,138
15,92,107
79,75,154
7,91,98
49,42,91
65,99,164
51,28,79
28,64,92
50,76,126
59,75,134
86,87,173
23,13,36
50,93,143
100,63,163
58,55,113
18,34,52
87,15,102
83,99,182
65,96,161
31,74,105
100,40,140
47,96,143
8,62,70
32,66,98
30,7,37
57,46,103
94,12,106
78,41,119
65,86,151
95,73,168
94,90,184
78,45,123
89,68,157
19,33,52
13,52,65
94,26,120
7,86,93
87,62,149
67,79,146
14,94,108
89,70,159
48,36,84
57,50,107
61,90,151
65,55,120
99,10,109
42,80,122
43,56,99
74,28,102
17,80,97
54,85,139
79,69,148
81,93,174
79,28,107
61,97,158
37,63,100
94,41,135
47,34,81
74,48,122
70,9,79
50,78,128
22,45,67
26,54,80
46,62,108
50,66,116
48,28,76
90,91,181
75,19,94
100,54,154
53,74,127
54,35,89
46,75,121
52,83,135
92,18,110
73,63,136
60,82,142
51,17,68
80,94,174
76,90,166
11,70,81
56,34,90
73,65,138
68,57,125
25,28,53
84,12,96
25,60,85
27,70,97
36,37,73
37,11,48
38,78,116
82,7,89
38,74,112
14,71,85
20,88,108
27,16,43
54,98,152
9,76,85
53,46,99
31,45,76
39,40,79
15,39,54
10,50,60
26,29,55
23,97,120
49,79,128
56,75,131
66,68,134
73,71,144
61,34,95
90,80,170
13,14,27
36,38,74
82,34,116
31,60,91
34,44,78
51,42,93
84,49,133
55,46,101
20,62,82
33,21,54
62,87,149
88,70,158
59,57,116
82,41,123
89,99,188
39,67,106
99,86,185
29,16,45
98,80,178
31,29,60
59,50,109
99,84,183
22,25,47
16,16,32
43,43,86
82,83,165
83,15,98
92,42,134
68,25,93
67,72,139
48,44,92
41,77,118
99,31,130
29,62,91
65,12,77
97,20,117
57,81,138
41,43,84
38,46,84
45,52,97
47,63,110
55,22,77
18,11,29
29,30,59
89,50,139
60,71,131
57,99,156
65,82,147
53,37,90
66,35,101
50,92,142
95,7,102
10,90,100
30,23,53
11,90,101
84,34,118
75,91,166
20,44,64
59,47,106
50,7,57
58,90,148
27,45,72
74,66,140
46,88,134
7,24,31
27,66,93
60,45,105
79,25,104
60,78,138
56,55,111
79,58,137
73,8,81
98,59,157
17,74,91
21,48,69
59,100,159
48,53,101
51,48,99
22,76,98
38,45,83
54,13,67
83,28,111
65,66,131
55,85,140
19,7,26
54,18,72
22,34,56
91,22,113
8,89,97
42,61,103
55,57,112
60,62,122
9,9,18
44,76,120
34,33,67
24,74,98
13,97,110
49,16,65
65,26,91
96,84,180
58,53,111
100,22,122
18,8,26
19,97,116
69,78,147
78,89,167
80,81,161
86,23,109
92,79,171
79,66,145
14,8,22
47,21,68
91,34,125
22,70,92
81,40,121
100,40,140
49,93,142
24,99,123
76,62,138
50,51,101
91,87,178
16,60,76
79,66,145
84,43,127
72,53,125
65,29,94
96,96,192
53,88,141
54,7,61
70,90,160
38,80,118
28,49,77
24,69,93
12,42,54
62,85,147
12,95,107
73,22,95
35,98,133
72,18,90
67,56,123
93,75,168
14,42,56
17,90,107
21,64,85
29,88,117
76,38,114
68,100,168
25,65,90
35,57,92
93,43,136
19,90,109
39,65,104
84,63,147
41,94,135
49,78,127
42,100,142
45,83,128
78,38,116
17,94,111
19,69,88
18,99,117
30,80,110
85,12,97
70,58,128
66,50,116
28,81,109
15,66,81
95,67,162
50,28,78
67,43,110
45,60,105
87,28,115
78,79,157
78,48,126
81,88,169
21,28,49
37,75,112
75,56,131
88,76,164
73,9,82
8,52,60
32,96,128
67,26,93
49,37,86
53,55,108
49,8,57
94,71,165
47,69,116
33,41,74
46,42,88
81,69,150
65,14,79
28,44,72
26,11,37
70,13,83
85,55,140
87,9,96
46,15,61
92,15,107
87,53,140
60,83,143
94,23,117
18,15,33
37,9,46
33,77,110
36,7,43
96,72,168
44,46,90
43,54,97
81,27,108
65,25,90
32,8,40
82,59,141
53,74,127
72,10,82
77,33,110
35,8,43
95,18,113
7,78,85
39,23,62
66,17,83
97,37,134
36,12,48
16,40,56
10,76,86
84,20,104
52,15,67
39,49,88
70,91,161
18,29,47
46,38,84
92,98,190
20,77,97
28,60,88
40,39,79
23,25,48
14,41,55
63,93,156
13,56,69
36,88,124
52,16,68
20,18,38
57,24,81
47,70,117
63,100,163
8,7,15
54,33,87
50,87,137
42,31,73
29,23,52
78,45,123
29,56,85
42,11,53
38,23,61
9,79,88
86,82,168
8,17,25
94,16,110
16,22,38
64,45,109
42,83,125
91,49,140
60,75,135
29,65,94
69,37,106
57,29,86
89,76,165
29,92,121
90,67,157
43,48,91
71,14,85
21,94,115
82,41,123
74,79,153
41,38,79
60,76,136
91,42,133
63,21,84
98,18,116
67,60,127
20,88,108
8,19,27
78,18,96
17,27,44
61,78,139
15,98,113
46,32,78
30,12,42
23,40,63
37,26,63
19,51,70
39,92,131
66,78,144
74,24,98
95,74,169
58,42,100
99,82,181
45,74,119
97,69,166
81,59,140
88,41,129
52,36,88
41,12,53
18,55,73
53,61,114
18,13,31
35,84,119
22,59,81
9,10,19
31,80,111
85,30,115
99,76,175
74,46,120
52,51,103
89,45,134
78,18,96
25,100,125
14,79,93
31,69,100
86,48,134
66,92,158
13,23,36
8,91,99
74,59,133
18,26,44
79,37,116
13,22,35
17,46,63
8,37,45
99,46,145
94,73,167
83,64,147
59,13,72
21,67,88
24,65,89
62,28,90
71,42,113
82,9,91
63,67,130
75,58,133
38,74,112
71,7,78
89,57,146
88,85,173
69,64,133
76,95,171
23,15,38
37,44,81
25,49,74
77,41,118
26,53,79
66,69,135
23,94,117
98,48,146
59,71,130
77,45,122
23,20,43
49,92,141
39,22,61
12,65,77
33,80,113
96,83,179
88,37,125
35,44,79
8,67,75
38,10,48
98,29,127
78,27,105
89,52,141
11,54,65
15,33,48
20,22,42
84,47,131
35,60,95
94,100,194
85,45,130
20,32,52
92,30,122
72,92,164
83,91,174
7,32,39
77,95,172
68,30,98
99,41,140
41,65,106
72,86,158
13,80,93
62,81,143
79,22,101
21,59,80
61,72,133
85,98,183
54,35,89
25,78,103
22,66,88
55,61,116
54,26,80
24,73,97
15,14,29
55,36,91
87,79,166
75,24,99
78,16,94
76,60,136
18,47,65
53,24,77
86,51,137
27,8,35
55,27,82
49,32,81
37,75,112
87,19,106
23,29,52
44,74,118
35,69,104
95,64,159
16,98,114
44,82,126
77,52,129
52,70,122
69,86,155
18,7,25
97,88,185
48,35,83
15,88,103
88,87,175
39,51,90
60,16,76
83,57,140
86,59,145
96,39,135
28,18,46
67,63,130
77,60,137
9,39,48
38,85,123
35,34,69
70,79,149
73,75,148
94,40,134
92,75,167
94,7,101
90,70,160
57,69,126
64,81,145
85,11,96
84,82,166
91,74,165
45,48,93
60,15,75
83,84,167
87,37,124
51,97,148
75,77,152
75,15,90
67,48,115
13,95,108
94,87,181
15,22,37
58,42,100
82,51,133
55,97,152
12,34,46
51,29,80
84,19,103
10,20,30
82,22,104
73,42,115
52,97,149
82,86,168
28,63,91
30,28,58
75,21,96
39,22,61
56,42,98
84,55,139
72,11,83
96,53,149
58,11,69
53,23,76
67,77,144
68,85,153
26,30,56
93,19,112
99,25,124
84,46,130
19,32,51
79,29,108
65,84,149
29,50,79
24,76,100
40,80,120
26,94,120
40,20,60
31,64,95
66,62,128
15,54,69
49,37,86
63,34,97
99,14,113
90,79,169
95,96,191
56,35,91
54,57,111
14,9,23
85,30,115
30,41,71
81,55,136
59,82,141
23,59,82
95,85,180
63,95,158
25,56,81
66,21,87
87,56,143
35,30,65
46,33,79
98,93,191
94,32,126
70,57,127
19,51,70
13,40,53
94,19,113
89,9,98
73,62,135
86,94,180
64,88,152
41,50,91
68,71,139
78,13,91
32,85,117
22,22,44
81,14,95
97,17,114
23,28,51
26,42,68
77,49,126
67,8,75
51,87,138
26,11,37
88,84,172
11,82,93
65,71,136
18,42,60
10,94,104
47,18,65
21,48,69
88,11,99
36,29,65
63,24,87
52,63,115
78,19,97
97,81,178
70,20,90
78,15,93
75,76,151
77,71,148
72,26,98
16,59,75
92,51,143
73,30,103
58,73,131
78,36,114
66,31,97
36,65,101
61,96,157
37,19,56
44,93,137
7,71,78
38,84,122
18,85,103
43,33,76
29,99,128
23,66,89
87,15,102
70,30,100
35,11,46
71,7,78
86,22,108
50,8,58
56,81,137
79,94,173
8,84,92
71,19,90
42,63,105
95,32,127
87,80,167
32,69,101
47,43,90
47,60,107
64,98,162
28,60,88
53,69,122
26,66,92
24,17,41
21,91,112
100,39,139
59,56,115
88,71,159
55,32,87
94,72,166
72,43,115
61,41,102
88,75,163
50,40,90
23,99,122
47,15,62
53,86,139
24,35,59
11,45,56
42,41,83
87,19,106
91,62,153
36,99,135
39,90,129
76,39,115
46,22,68
83,54,137
63,21,84
91,59,150
35,17,52
98,39,137
99,41,140
21,56,77
43,11,54
85,87,172
40,66,106
27,99,126
35,92,127
29,35,64
12,30,42
36,47,83
61,90,151
43,52,95
21,32,53
94,73,167
77,21,98
83,86,169
72,7,79
22,67,89
65,48,113
41,11,52
93,52,145
56,100,156
71,86,157
76,54,130
28,42,70
47,31,78
35,52,87
38,78,116
43,36,79
24,56,80
23,37,60
69,51,120
57,38,95
37,68,105
26,94,120
83,50,133
40,36,76
83,61,144
10,38,48
70,64,134
32,21,53
56,23,79
42,12,54
67,95,162
52,12,64
63,35,98
68,56,124
90,8,98
62,69,131
38,57,95
14,86,100
92,92,184
65,96,161
50,13,63
24,30,54
72,66,138
22,91,113
10,99,109
46,15,61
12,16,28
92,95,187
7,46,53
46,57,103
98,17,115
46,60,106
11,19,30
31,21,52
36,27,63
27,53,80
73,7,80
18,78,96
45,67,112
99,68,167
86,22,108
44,80,124
52,78,130
83,50,133
89,51,140
44,59,103
58,7,65
73,100,173
50,44,94
87,26,113
98,92,190
81,28,109
51,38,89
14,48,62
7,87,94
51,93,144
67,13,80
42,89,131
21,33,54
72,35,107
98,66,164
55,98,153
77,26,103
91,35,126
34,69,103
23,14,37
53,47,100
82,61,143
67,60,127
65,90,155
80,59,139
90,24,114
90,80,170
93,70,163
45,96,141
52,23,75
50,16,66
25,75,100
51,47,98
66,75,141
23,98,121
60,70,130
9,84,93
45,26,71
12,48,60
83,15,98
63,24,87
45,27,72
35,85,120
37,25,62
41,86,127
90,73,163
20,10,30
51,57,108
59,92,151
44,45,89
22,61,83
19,50,69
79,21,100
15,20,35
59,71,130
55,81,136
27,55,82
29,61,90
48,99,147
51,28,79
15,87,102
31,87,118
96,57,153
95,7,102
21,92,113
72,77,149
27,10,37
54,80,134
8,90,98
83,37,120
91,31,122
7,89,96
64,62,126
23,24,47
44,45,89
36,40,76
66,37,103
67,77,144
14,73,87
50,35,85
90,67,157
13,19,32
90,17,107
31,59,90
60,70,130
13,54,67
78,89,167
7,10,17
60,10,70
29,49,78
13,35,48
29,38,67
85,100,185
49,75,124
78,43,121
52,51,103
96,79,175
73,81,154
83,38,121
58,64,122
79,91,170
12,48,60
72,19,91
39,57,96
43,78,121
100,60,160
31,65,96
63,86,149
13,25,38
89,33,122
19,46,65
38,51,89
98,44,142
38,81,119
8,32,40
10,7,17
36,34,70
90,81,171
90,8,98
46,92,138
35,81,116
37,64,101
86,25,111
45,73,118
15,49,64
17,19,36
21,14,35
25,15,40
75,37,112
66,15,81
24,41,65
47,76,123
36,53,89
10,77,87
15,62,77
51,65,116
77,55,132
98,41,139
99,38,137
24,62,86
63,24,87
58,7,65
77,84,161
49,57,106
62,48,110
66,29,95
63,91,154
58,62,120
12,9,21
91,28,119
28,34,62
71,12,83
25,12,37
43,93,136
84,77,161
55,30,85
96,20,116
50,74,124
43,77,120
84,13,97
45,62,107
17,35,52
45,96,141
25,91,116
53,62,115
33,30,63
58,17,75
13,91,104
94,61,155
10,51,61
71,39,110
38,67,105
86,44,130
64,54,118
23,100,123
28,23,51
58,74,132
43,80,123
9,66,75
67,54,121
31,87,118
81,86,167
12,95,107
79,95,174
53,19,72
13,46,59
69,65,134
54,50,104
85,93,178
13,47,60
22,77,99
77,62,139
22,73,95
44,89,133
81,90,171
27,18,45
18,89,107
49,95,144
17,17,34
82,32,114
61,32,93
11,86,97
32,83,115
71,25,96
18,26,44
68,24,92
89,70,159
8,89,97
61,92,153
15,78,93
84,26,110
96,96,192
29,94,123
20,29,49
38,50,88
54,72,126
82,15,97
46,40,86
38,54,92
88,84,172
30,14,44
16,64,80
83,26,109
68,60,128
44,10,54
61,47,108
90,33,123
18,89,107
11,66,77
7,39,46
11,97,108
74,33,107
57,49,106
79,97,176
71,83,154
59,80,139
87,69,156
24,66,90
39,77,116
54,89,143
56,57,113
26,9,35
19,73,92
42,15,57
22,88,110
67,37,104
32,24,56
61,63,124
9,29,38
67,57,124
72,58,130
47,47,94
14,45,59
42,25,67
71,20,91
34,53,87
9,26,35
13,97,110
12,34,46
66,24,90
23,30,53
41,99,140
59,40,99
86,70,156
68,14,82
98,16,114
96,64,160
62,25,87
37,24,61
48,91,139
75,15,90
82,100,182
44,82,126
22,97,119
42,98,140
62,97,159
46,71,117
25,78,103
99,86,185
72,11,83
80,64,144
60,79,139
23,16,39
18,13,31
35,66,101
41,97,138
86,44,130
45,53,98
40,35,75
18,57,75
44,48,92
56,63,119
100,26,126
24,30,54
73,28,101
99,38,137
23,99,122
8,67,75
25,42,67
9,28,37
94,81,175
83,65,148
41,38,79
9,12,21
41,28,69
82,94,176
87,17,104
25,41,66
49,52,101
78,35,113
28,26,54
43,61,104
25,82,107
91,95,186
43,98,141
50,62,112
10,71,81
93,51,144
75,34,109
81,75,156
94,75,169
33,93,126
31,27,58
82,51,133
13,80,93
22,51,73
41,18,59
76,35,111
32,88,120
40,32,72
77,19,96
24,78,102
8,43,51
39,75,114
15,44,59
86,12,98
45,15,60
12,48,60
78,37,115
9,31,40
38,9,47
14,93,107
98,67,165
69,28,97
79,90,169
37,81,118
26,22,48
97,45,142
44,24,68
40,91,131
39,56,95
12,8,20
78,41,119
60,43,103
37,14,51
86,18,104
32,66,98
83,9,92
52,10,62
58,64,122
63,89,152
37,61,98
26,41,67
74,34,108
53,100,153
8,55,63
28,88,116
39,100,139
19,64,83
92,77,169
98,76,174
80,15,95
26,51,77
30,58,88
48,60,108
23,24,47
69,28,97
80,14,94
100,8,108
11,75,86
18,66,84
58,89,147
88,7,95
95,23,118
88,100,188
47,32,79
60,23,83
76,12,88
16,100,116
50,36,86
98,95,193
100,47,147
58,7,65
28,37,65
61,85,146
49,20,69
41,77,118
76,16,92
89,93,182
33,43,76
81,44,125
45,56,101
16,36,52
89,63,152
32,80,112
93,19,112
62,41,103
70,95,165
74,68,142
21,22,43
96,39,135
14,35,49
24,93,117
94,7,101
12,76,88
21,54,75
29,89,118
28,80,108
63,98,161
88,72,160
22,7,29
36,41,77
57,52,109
84,56,140
65,29,94
96,30,126
59,86,145
98,77,175
42,42,84
37,33,70
42,83,125
98,81,179
40,70,110
90,60,150
21,27,48
11,95,106
61,14,75
50,53,103
69,30,99
98,71,169
91,58,149
80,88,168
29,59,88
86,62,148
70,38,108
25,40,65
85,32,117
46,25,71
50,57,107
73,11,84
72,32,104
57,37,94
7,95,102
60,87,147
82,73,155
66,25,91
31,60,91
62,13,75
95,61,156
67,16,83
84,28,112
80,75,155
67,38,105
22,79,101
84,97,181
49,66,115
75,48,123
48,53,101
73,86,159
81,88,169
42,61,103
42,93,135
53,63,116
17,88,105
62,23,85
37,9,46
92,31,123
56,24,80
98,85,183
64,36,100
31,71,102
58,66,124
23,92,115
91,36,127
30,46,76
11,77,88
77,8,85
39,90,129
31,69,100
7,91,98
17,45,62
8,25,33
86,27,113
94,86,180
30,52,82
42,56,98
96,73,169
85,67,152
75,47,122
68,64,132
80,48,128
79,95,174
87,78,165
85,67,152
13,72,85
70,90,160
53,100,153
82,67,149
50,91,141
48,69,117
14,27,41
74,31,105
59,25,84
22,92,114
74,71,145
15,93,108
40,32,72
31,60,91
65,44,109
73,59,132
71,52,123
58,13,71
96,57,153
13,38,51
40,38,78
100,77,177
19,98,117
76,82,158
8,72,80
57,49,106
76,97,173
77,88,165
52,75,127
57,69,126
84,62,146
50,63,113
87,46,133
17,8,25
28,28,56
34,63,97
74,22,96
66,56,122
80,83,163
88,8,96
30,52,82
62,69,131
50,94,144
11,100,111
96,58,154
96,32,128
97,76,173
66,51,117
44,89,133
93,31,124
61,31,92
31,71,102
52,61,113
84,100,184
65,98,163
91,61,152
88,97,185
72,66,138
22,67,89
66,83,149
7,78,85
7,87,94
50,35,85
23,43,66
57,79,136
7,62,69
8,62,70
73,47,120
80,61,141
9,77,86
41,77,118
83,69,152
97,99,196
34,11,45
100,20,120
77,20,97
74,18,92
36,15,51
94,24,118
67,82,149
73,76,149
22,7,29
83,77,160
96,39,135
91,72,163
42,25,67
89,45,134
79,94,173
71,20,91
99,58,157
78,89,167
85,44,129
55,50,105
33,59,92
60,7,67
14,38,52
86,75,161
24,12,36
70,46,116
52,62,114
63,61,124
58,42,100
76,27,103
73,90,163
27,42,69
8,12,20
53,76,129
81,38,119
70,100,170
10,96,106
18,52,70
23,35,58
80,12,92
55,88,143
66,64,130
84,54,138
52,59,111
7,47,54
97,16,113
23,97,120
100,66,166
39,11,50
16,46,62
43,45,88
45,59,104
90,25,115
14,84,98
63,28,91
89,21,110
64,55,119
34,68,102
22,79,101
87,68,155
61,79,140
11,22,33
29,52,81
8,99,107
32,78,110
68,50,118
58,39,97
38,20,58
76,32,108
38,90,128
21,87,108
17,83,100
13,54,67
53,67,120
18,100,118
44,66,110
17,64,81
18,70,88
70,47,117
48,26,74
27,41,68
28,13,41
22,32,54
22,96,118
70,30,100
90,31,121
33,97,130
92,20,112
27,7,34
45,43,88
69,15,84
84,94,178
65,60,125
27,51,78
82,59,141
91,37,128
14,21,35
61,59,120
72,15,87
53,83,136
49,85,134
50,58,108
31,18,49
56,78,134
19,92,111
30,79,109
85,37,122
60,60,120
58,23,81
20,85,105
79,65,144
51,39,90
82,39,121
88,44,132
76,7,83
44,54,98
84,77,161
61,20,81
50,69,119
26,83,109
18,48,66
48,92,140
92,76,168
15,48,63
80,94,174
99,31,130
76,58,134
88,47,135
78,98,176
52,13,65
40,79,119
98,69,167
41,87,128
31,20,51
39,92,131
64,35,99
69,23,92
59,100,159
89,11,100
16,42,58
20,52,72
93,51,144
94,58,152
46,68,114
67,57,124
96,54,150
49,32,81
99,25,124
62,87,149
44,46,90
83,90,173
64,98,162
63,55,118
63,51,114
59,20,79
98,68,166
68,46,114
7,59,66
17,10,27
39,8,47
41,67,108
69,80,149
67,62,129
27,9,36
77,60,137
63,95,158
48,52,100
88,80,168
11,28,39
76,37,113
36,48,84
36,83,119
42,83,125
59,34,93
81,37,118
89,10,99
49,87,136
74,82,156
58,96,154
48,48,96
52,85,137
93,69,162
24,49,73
12,8,20
52,71,123
59,26,85
36,78,114
24,63,87
79,14,93
77,95,172
70,27,97
98,62,160
26,53,79
84,19,103
66,51,117
27,59,86
71,74,145
66,11,77
18,52,70
32,25,57
7,58,65
36,26,62
83,23,106
83,54,137
36,96,132
27,84,111
40,18,58
45,86,131
66,84,150
45,95,140
85,93,178
94,84,178
80,24,104
60,25,85
29,8,37
11,41,52
58,92,150
94,82,176
97,52,149
22,17,39
63,40,103
44,56,100
7,14,21
26,80,106
48,20,68
21,56,77
91,97,188
24,68,92
85,22,107
96,64,160
94,92,186
100,82,182
47,22,69
83,20,103
89,78,167
79,82,161
87,47,134
66,7,73
85,55,140
71,46,117
61,93,154
59,60,119
46,63,109
88,48,136
7,64,71
74,12,86
28,87,115
38,45,83
55,79,134
88,55,143
93,44,137
19,31,50
34,86,120
97,21,118
92,39,131
87,44,131
68,36,104
19,93,112
7,78,85
44,20,64
19,45,64
84,12,96
81,63,144
26,34,60
81,94,175
46,71,117
80,76,156
10,40,50
65,57,122
21,44,65
60,47,107
61,57,118
68,13,81
49,99,148
15,44,59
69,75,144
38,30,68
73,82,155
20,10,30
46,42,88
42,16,58
38,94,132
55,56,111
100,90,190
20,40,60
71,51,122
35,82,117
67,62,129
65,83,148
97,82,179
78,89,167
71,81,152
94,34,128
78,16,94
67,24,91
8,8,16
12,8,20
35,32,67
66,49,115
38,37,75
81,87,168
95,40,135
54,18,72
39,15,54
38,98,136
31,7,38
99,84,183
99,21,120
48,11,59
92,59,151
26,97,123
28,51,79
37,77,114
7,10,17
31,69,100
31,18,49
14,22,36
20,48,68
67,90,157
20,14,34
67,31,98
18,36,54
83,72,155
42,35,77
57,57,114
39,84,123
60,47,107
16,39,55
16,73,89
89,66,155
38,24,62
33,75,108
42,97,139
27,94,121
22,14,36
21,42,63
90,29,119
61,43,104
95,48,143
76,43,119
12,96,108
39,71,110
40,43,83
30,11,41
86,92,178
29,23,52
46,62,108
92,79,171
39,17,56
27,60,87
79,26,105
64,98,162
85,34,119
52,8,60
79,71,150
90,9,99
10,70,80
23,49,72
9,12,21
20,55,75
53,77,130
31,16,47
51,89,140
68,61,129
43,73,116
95,94,189
29,68,97
98,17,115
47,23,70
96,34,130
86,41,127
48,83,131
77,22,99
74,18,92
91,38,129
66,95,161
99,36,135
18,13,31
80,100,180
80,70,150
52,41,93
19,76,95
32,26,58
61,84,145
33,30,63
51,41,92
86,15,101
63,19,82
70,41,111
40,23,63
52,17,69
76,96,172
45,54,99
12,70,82
78,45,123
52,83,135
94,32,126
9,11,20
30,31,61
80,28,108
7,95,102
15,40,55
65,35,100
11,74,85
40,51,91
96,38,134
8,35,43
71,97,168
14,48,62
33,77,110
16,52,68
75,99,174
54,34,88
65,21,86
48,8,56
94,13,107
54,45,99
8,46,54
46,49,95
16,93,109
84,67,151
76,73,149
35,92,127
79,27,106
17,27,44
62,23,85
88,34,122
63,57,120
22,50,72
23,49,72
14,49,63
26,68,94
46,75,121
40,63,103
31,25,56
24,29,53
97,88,185
64,93,157
15,56,71
60,35,95
89,67,156
100,73,173
47,67,114
28,8,36
12,60,72
57,63,120
33,18,51
82,20,102
34,44,78
45,10,55
16,14,30
21,71,92
84,82,166
56,18,74
20,66,86
50,25,75
34,76,110
71,37,108
14,21,35
44,13,57
93,50,143
33,11,44
57,47,104
94,23,117
54,71,125
9,64,73
40,84,124
48,82,130
85,100,185
32,88,120
39,57,96
83,80,163
87,18,105
87,66,153
80,92,172
34,81,115
99,97,196
41,97,138
76,15,91
64,64,128
88,64,152
94,17,111
13,85,98
99,62,161
61,61,122
20,38,58
59,9,68
71,22,93
56,90,146
40,43,83
77,72,149
52,88,140
66,44,110
39,63,102
80,93,173
64,31,95
99,33,132
56,66,122
33,40,73
46,85,131
16,40,56
79,16,95
24,56,80
16,20,36
12,41,53
39,95,134
16,37,53
56,40,96
83,66,149
76,68,144
28,85,113
55,82,137
86,28,114
49,90,139
12,99,111
45,71,116
12,19,31
69,27,96
91,97,188
77,51,128
35,86,121
35,14,49
49,23,72
54,26,80
21,83,104
41,95,136
33,79,112
86,65,151
55,17,72
52,20,72
10,68,78
10,30,40
18,52,70
85,85,170
8,37,45
97,88,185
72,10,82
72,28,100
18,10,28
21,70,91
87,78,165
28,51,79
9,61,70
36,56,92
13,24,37
98,32,130
8,21,29
43,17,60
12,86,98
82,88,170
41,89,130
25,64,89
19,72,91
67,16,83
82,23,105
23,86,109
28,47,75
15,39,54
70,45,115
98,78,176
57,77,134
17,27,44
47,88,135
21,29,50
38,73,111
93,21,114
93,21,114
71,78,149
83,92,175
75,28,103
8,22,30
61,69,130
90,66,156
13,98,111
78,13,91
8,71,79
21,14,35
74,67,141
78,62,140
74,89,163
27,26,53
58,79,137
46,55,101
67,87,154
94,27,121
10,96,106
90,29,119
26,58,84
68,80,148
36,93,129
13,55,68
25,86,111
61,55,116
89,32,121
22,83,105
91,48,139
97,62,159
40,27,67
88,72,160
54,54,108
39,16,55
89,99,188
95,53,148
19,80,99
55,72,127
95,47,142
44,39,83
38,30,68
100,90,190
10,44,54
27,13,40
8,22,30
95,18,113
80,47,127
84,53,137
77,15,92
90,82,172
78,55,133
53,31,84
84,69,153
39,89,128
81,23,104
53,100,153
8,54,62
22,52,74
68,28,96
69,89,158
54,73,127
10,42,52
54,44,98
20,11,31
10,51,61
90,84,174
47,39,86
50,12,62
74,40,114
28,11,39
34,71,105
65,62,127
54,92,146
90,51,141
8,41,49
76,29,105
15,63,78
59,16,75
72,89,161
50,95,145
60,33,93
8,45,53
73,12,85
49,8,57
15,59,74
11,14,25
40,36,76
26,31,57
81,95,176
93,66,159
97,41,138
69,74,143
97,67,164
11,26,37
55,18,73
18,16,34
86,95,181
36,36,72
29,63,92
51,26,77
54,62,116
37,31,68
68,31,99
99,72,171
33,46,79
70,46,116
19,70,89
19,61,80
98,95,193
29,16,45
91,11,102
34,62,96
41,68,109
66,19,85
52,31,83
74,57,131
100,96,196
98,74,172
78,22,100
91,75,166
75,42,117
24,54,78
66,70,136
12,71,83
19,57,76
68,75,143
60,32,92
32,46,78
99,89,188
16,100,116
57,77,134
66,42,108
89,99,188
9,10,19
40,55,95
29,88,117
97,63,160
55,23,78
77,100,177
52,55,107
55,100,155
36,50,86
11,26,37
80,75,155
85,90,175
91,19,110
12,45,57
62,64,126
57,85,142
96,15,111
71,42,113
94,25,119
87,99,186
20,75,95
37,18,55
66,71,137
87,41,128
47,76,123
67,69,136
7,38,45
7,31,38
14,77,91
99,36,135
53,20,73
93,60,153
43,12,55
53,69,122
93,29,122
47,62,109
63,99,162
87,51,138
55,37,92
8,61,69
63,27,90
40,53,93
79,50,129
83,90,173
44,37,81
7,72,79
92,56,148
88,75,163
69,9,78
23,70,93
91,41,132
85,64,149
93,84,177
16,35,51
25,13,38
53,72,125
37,23,60
49,12,61
40,72,112
40,77,117
94,68,162
29,50,79
51,50,101
36,70,106
41,68,109
47,52,99
59,55,114
53,37,90
96,83,179
28,84,112
56,12,68
47,42,89
78,27,105
58,64,122
53,85,138
59,65,124
50,68,118
8,24,32
86,75,161
87,98,185
60,92,152
95,25,120
94,64,158
47,34,81
90,46,136
80,58,138
73,72,145
19,68,87
19,48,67
31,66,97
87,67,154
92,26,118
24,28,52
37,74,111
7,87,94
38,10,48
82,14,96
56,19,75
81,71,152
68,87,155
13,81,94
8,93,101
14,54,68
56,50,106
86,24,110
60,57,117
95,59,154
31,98,129
57,87,144
24,89,113
41,92,133
97,71,168
56,90,146
57,99,156
7,62,69
7,86,93
99,30,129
85,92,177
51,29,80
43,94,137
19,47,66
84,39,123
63,40,103
39,40,79
79,91,170
75,82,157
60,66,126
19,34,53
59,65,124
32,14,46
50,88,138
31,83,114
45,75,120
51,89,140
36,55,91
36,8,44
52,24,76
25,7,32
95,19,114
21,86,107
96,20,116
40,42,82
28,99,127
79,13,92
30,61,91
84,8,92
43,50,93
98,64,162
34,25,59
15,11,26
57,99,156
23,49,72
44,52,96
50,85,135
40,84,124
61,63,124
39,66,105
47,91,138
51,45,96
53,74,127
73,9,82
61,94,155
40,65,105
9,95,104
91,27,118
83,45,128
16,64,80
69,58,127
14,88,102
36,84,120
88,57,145
80,24,104
25,77,102
42,9,51
30,42,72
75,35,110
13,44,57
84,22,106
40,56,96
45,44,89
17,52,69
8,45,53
47,39,86
57,54,111
67,41,108
95,28,123
62,37,99
42,16,58
74,65,139
98,80,178
25,75,100
33,24,57
75,87,162
86,35,121
28,99,127
90,90,180
31,41,72
80,91,171
7,84,91
71,83,154
23,40,63
88,36,124
19,34,53
12,97,109
100,34,134
13,75,88
90,77,167
41,33,74
89,94,183
75,81,156
22,92,114
24,23,47
29,41,70
36,89,125
45,39,84
41,49,90
29,93,122
32,71,103
94,38,132
81,72,153
98,74,172
43,20,63
24,95,119
97,14,111
27,88,115
52,41,93
48,14,62
28,97,125
68,48,116
72,10,82
11,65,76
38,39,77
50,25,75
36,14,50
93,13,106
86,36,122
52,58,110
85,89,174
96,92,188
69,70,139
83,51,134
11,60,71
8,33,41
83,66,149
18,47,65
44,46,90
21,25,46
69,99,168
13,95,108
18,35,53
99,27,126
74,57,131
66,29,95
10,23,33
100,30,130
63,67,130
16,48,64
18,9,27
73,61,134
29,73,102
50,46,96
23,74,97
34,32,66
14,75,89
30,85,115
76,52,128
95,50,145
98,11,109
40,94,134
52,69,121
99,19,118
58,93,151
71,55,126
31,81,112
92,32,124
78,49,127
49,15,64
87,11,98
14,20,34
23,53,76
8,78,86
12,91,103
54,36,90
96,51,147
20,9,29
85,47,132
94,32,126
16,64,80
39,96,135
84,100,184
67,18,85
15,91,106
33,45,78
16,15,31
58,12,70
69,27,96
11,17,28
37,8,45
55,10,65
69,57,126
30,89,119
55,99,154
14,44,58
7,35,42
69,17,86
24,94,118
89,67,156
93,95,188
38,86,124
22,27,49
67,74,141
63,95,158
94,17,111
44,43,87
61,67,128
29,47,76
24,59,83
34,14,48
9,10,19
55,16,71
48,80,128
73,46,119
65,95,160
12,25,37
72,54,126
15,66,81
80,31,111
75,55,130
13,63,76
61,93,154
78,28,106
87,40,127
44,45,89
49,90,139
55,39,94
27,13,40
80,87,167
35,37,72
32,66,98
51,62,113
55,36,91
15,64,79
29,47,76
77,83,160
22,49,71
100,23,123
23,30,53
34,43,77
87,15,102
48,47,95
23,59,82
99,95,194
55,46,101
75,58,133
29,81,110
12,39,51
87,79,166
35,23,58
93,66,159
82,44,126
14,78,92
82,66,148
47,79,126
55,57,112
92,58,150
71,48,119
31,71,102
61,27,88
77,40,117
90,19,109
66,80,146
13,44,57
84,55,139
86,32,118
29,43,72
32,45,77
54,96,150
51,83,134
31,84,115
89,27,116
43,29,72
42,44,86
86,59,145
61,56,117
93,26,119
94,92,186
99,60,159
34,42,76
89,81,170
31,74,105
56,78,134
39,65,104
64,79,143
19,51,70
65,78,143
30,79,109
35,94,129
100,9,109
96,31,127
80,19,99
16,100,116
66,96,162
33,13,46
96,27,123
52,26,78
70,50,120
68,67,135
9,97,106
37,71,108
57,22,79
43,43,86
73,27,100
98,79,177
70,47,117
93,17,110
71,75,146
52,15,67
57,33,90
42,93,135
30,79,109
87,27,114
98,77,175
10,53,63
18,81,99
96,14,110
87,59,146
11,74,85
48,37,85
74,87,161
99,53,152
10,77,87
24,96,120
12,63,75
37,67,104
97,83,180
75,64,139
52,29,81
55,28,83
91,15,106
69,68,137
73,48,121
76,78,154
66,80,146
85,90,175
85,7,92
73,61,134
67,18,85
97,23,120
16,88,104
74,99,173
32,14,46
36,78,114
40,79,119
71,83,154
44,44,88
67,83,150
66,60,126
67,28,95
57,79,136
14,25,39
30,66,96
46,13,59
64,41,105
89,7,96
11,69,80
86,20,106
37,90,127
90,56,146
71,10,81
69,25,94
23,8,31
91,58,149
73,61,134
75,23,98
80,77,157
47,80,127
48,75,123
17,13,30
47,54,101
48,21,69
78,85,163
12,78,90
20,95,115
9,58,67
81,48,129
57,60,117
93,79,172
46,62,108
31,70,101
95,80,175
89,48,137
20,48,68
48,68,116
66,86,152
72,61,133
98,68,166
23,48,71
31,69,100
16,7,23
35,96,131
30,85,115
99,34,133
71,84,155
84,95,179
94,91,185
36,47,83
60,37,97
96,70,166
66,28,94
44,59,103
82,55,137
71,88,159
11,52,63
89,76,165
14,33,47
41,50,91
86,84,170
40,32,72
14,82,96
76,65,141
86,53,139
85,63,148
69,7,76
98,18,116
93,77,170
48,50,98
28,26,54
34,23,57
94,67,161
92,12,104
23,67,90
40,19,59
61,42,103
73,51,124
77,21,98
43,18,61
20,49,69
50,25,75
30,98,128
19,68,87
59,22,81
9,21,30
74,81,155
59,39,98
80,79,159
59,27,86
86,92,178
45,96,141
88,13,101
86,52,138
59,76,135
42,92,134
69,58,127
92,99,191
84,35,119
99,56,155
12,74,86
42,80,122
87,42,129
35,17,52
13,70,83
76,44,120
37,60,97
42,15,57
62,95,157
11,20,31
73,7,80
87,35,122
41,43,84
91,99,190
88,56,144
91,93,184
47,64,111
41,83,124
71,10,81
25,99,124
59,58,117
72,54,126
50,55,105
29,41,70
66,78,144
58,43,101
60,10,70
69,93,162
84,20,104
80,85,165
72,54,126
95,33,128
87,9,96
35,47,82
30,29,59
73,26,99
27,19,46
46,14,60
18,56,74
13,28,41
52,35,87
91,13,104
83,96,179
74,87,161
89,91,180
93,7,100
38,84,122
55,19,74
37,18,55
15,38,53
81,94,175
93,72,165
90,59,149
33,76,109
75,37,112
50,13,63
42,78,120
64,17,81
34,49,83
57,9,66
99,94,193
92,74,166
88,89,177
24,88,112
44,98,142
53,34,87
90,18,108
55,93,148
99,46,145
47,77,124
100,92,192
100,96,196
86,79,165
47,71,118
70,89,159
43,73,116
80,39,119
62,14,76
51,74,125
53,41,94
13,34,47
25,21,46
10,91,101
34,46,80
79,44,123
92,38,130
42,32,74
68,60,128
67,87,154
60,39,99
81,34,115
41,97,138
38,80,118
89,38,127
61,88,149
75,9,84
16,98,114
50,26,76
54,15,69
10,45,55
79,78,157
71,17,88
78,43,121
11,14,25
24,51,75
25,72,97
73,36,109
94,98,192
36,100,136
67,10,77
77,15,92
22,31,53
68,20,88
16,40,56
51,68,119
69,66,135
100,13,113
42,72,114
24,21,45
47,32,79
9,81,90
46,70,116
66,86,152
60,79,139
45,50,95
27,56,83
77,80,157
26,55,81
22,11,33
26,14,40
62,94,156
27,41,68
34,48,82
38,59,97
100,82,182
7,60,67
29,66,95
50,59,109
40,18,58
100,74,174
21,18,39
93,95,188
38,75,113
17,55,72
30,58,88
90,12,102
66,59,125
45,68,113
67,7,74
54,57,111
92,43,135
55,100,155
25,67,92
59,81,140
29,44,73
36,44,80
63,80,143
9,69,78
55,68,123
32,83,115
87,70,157
95,84,179
20,17,37
25,34,59
67,33,100
86,94,180
54,72,126
46,27,73
44,59,103
12,77,89
42,14,56
70,48,118
89,56,145
90,15,105
100,41,141
72,64,136
71,51,122
15,92,107
39,83,122
27,32,59
85,27,112
18,98,116
54,24,78
81,68,149
86,53,139
53,61,114
88,92,180
24,29,53
73,42,115
86,98,184
56,70,126
90,57,147
26,26,52
47,80,127
70,79,149
84,51,135
8,54,62
70,36,106
84,37,121
41,35,76
56,63,119
80,83,163
53,61,114
25,55,80
86,65,151
83,30,113
45,24,69
87,43,130
30,92,122
43,12,55
24,68,92
70,84,154
67,16,83
28,18,46
84,12,96
29,52,81
80,25,105
65,41,106
67,81,148
37,52,89
91,92,183
27,64,91
60,8,68
62,31,93
53,26,79
26,34,60
37,45,82
65,22,87
9,20,29
7,66,73
61,23,84
11,25,36
31,46,77
59,81,140
9,58,67
92,59,151
22,21,43
33,92,125
20,60,80
12,55,67
96,17,113
69,9,78
67,37,104
9,43,52
60,39,99
64,94,158
65,79,144
18,67,85
26,10,36
7,51,58
66,21,87
29,52,81
34,86,120
51,88,139
33,36,69
78,14,92
20,39,59
42,21,63
77,61,138
41,58,99
63,56,119
82,22,104
75,53,128
29,22,51
61,17,78
54,34,88
71,75,146
28,40,68
51,17,68
33,17,50
68,85,153
71,55,126
15,25,40
98,61,159
13,12,25
58,100,158
30,17,47
67,58,125
59,61,120
31,48,79
18,51,69
42,24,66
45,57,102
68,23,91
86,52,138
90,60,150
55,83,138
42,88,130
16,10,26
15,38,53
27,94,121
48,90,138
91,60,151
64,38,102
35,36,71
98,74,172
82,57,139
7,58,65
17,14,31
81,27,108
62,88,150
29,65,94
77,94,171
91,64,155
7,59,66
32,65,97
75,61,136
56,39,95
98,39,137
59,48,107
80,18,98
35,49,84
89,9,98
61,25,86
31,81,112
88,30,118
86,32,118
26,40,66
57,16,73
14,93,107
47,30,77
60,48,108
72,78,150
27,83,110
29,96,125
43,28,71
67,31,98
18,15,33
19,94,113
48,18,66
7,48,55
45,25,70
59,24,83
58,47,105
71,13,84
26,46,72
87,28,115
46,40,86
52,100,152
93,76,169
51,45,96
77,97,174
50,80,130
50,32,82
19,14,33
36,96,132
51,61,112
39,100,139
40,43,83
50,85,135
11,60,71
76,85,161
99,57,156
21,44,65
65,97,162
17,49,66
16,91,107
49,45,94
69,70,139
22,90,112
95,35,130
43,81,124
12,43,55
76,24,100
68,39,107
24,14,38
24,92,116
10,59,69
60,95,155
11,79,90
9,17,26
60,45,105
86,68,154
71,65,136
70,70,140
46,87,133
33,72,105
83,42,125
37,15,52
19,35,54
68,15,83
39,45,84
67,80,147
21,38,59
45,47,92
48,49,97
38,28,66
40,53,93
64,8,72
54,60,114
31,75,106
94,54,148
22,36,58
56,99,155
60,86,146
70,37,107
14,30,44
29,43,72
39,75,114
75,99,174
90,61,151
22,54,76
57,99,156
28,36,64
93,85,178
93,87,180
26,33,59
11,51,62
67,46,113
59,77,136
42,9,51
81,58,139
19,94,113
7,36,43
40,10,50
27,22,49
55,48,103
28,80,108
83,37,120
35,66,101
61,78,139
77,35,112
26,69,95
93,82,175
24,54,78
20,75,95
73,7,80
76,96,172
38,9,47
31,78,109
43,51,94
9,51,60
11,35,46
51,25,76
90,9,99
97,47,144
52,58,110
92,70,162
100,81,181
99,20,119
62,89,151
79,81,160
56,85,141
55,99,154
91,7,98
41,33,74
93,42,135
58,78,136
37,15,52
13,10,23
15,59,74
92,39,131
59,89,148
33,59,92
44,38,82
99,35,134
34,74,108
55,77,132
63,74,137
62,33,95
82,63,145
65,37,102
76,15,91
52,15,67
61,46,107
8,67,75
52,34,86
82,53,135
39,8,47
61,57,118
49,13,62
48,94,142
65,40,105
86,21,107
12,68,80
27,30,57
12,23,35
93,64,157
76,94,170
34,10,44
59,16,75
22,74,96
33,37,70
100,46,146
61,94,155
74,94,168
77,77,154
42,61,103
88,100,188
94,38,132
51,61,112
60,61,121
71,73,144
37,38,75
47,63,110
54,72,126
58,89,147
99,87,186
49,96,145
71,70,141
100,93,193
7,59,66
23,62,85
48,96,144
42,73,115
36,81,117
99,18,117
37,42,79
78,92,170
56,71,127
10,47,57
60,38,98
34,31,65
42,85,127
49,94,143
74,32,106
26,32,58
63,89,152
12,75,87
24,61,85
77,59,136
68,76,144
88,36,124
81,23,104
7,82,89
65,12,77
70,91,161
100,97,197
24,95,119
21,70,91
68,94,162
42,28,70
53,98,151
99,55,154
34,30,64
40,97,137
37,26,63
60,18,78
63,21,84
52,48,100
56,98,154
23,93,116
36,20,56
31,66,97
76,91,167
88,27,115
8,12,20
66,87,153
9,8,17
94,22,116
83,29,112
37,59,96
18,93,111
65,30,95
78,95,173
71,81,152
100,93,193
13,7,20
39,74,113
100,37,137
92,96,188
26,70,96
98,67,165
27,42,69
82,88,170
14,40,54
89,78,167
25,29,54
12,31,43
69,81,150
54,94,148
91,41,132
96,58,154
78,16,94
70,15,85
25,48,73
92,54,146
10,34,44
7,21,28
13,59,72
59,60,119
85,66,151
94,24,118
100,77,177
89,32,121
53,31,84
26,13,39
8,10,18
19,55,74
100,45,145
12,15,27
42,98,140
15,7,22
84,21,105
69,23,92
73,10,83
76,15,91
44,9,53
34,72,106
15,16,31
64,74,138
99,27,126
12,90,102
49,28,77
38,16,54
95,71,166
65,90,155
87,53,140
31,7,38
67,8,75
58,95,153
7,49,56
14,69,83
34,16,50
55,67,122
47,84,131
49,19,68
19,63,82
27,64,91
93,61,154
9,23,32
20,56,76
63,71,134
36,52,88
48,96,144
24,42,66
54,58,112
45,56,101
13,100,113
81,16,97
16,90,106
100,67,167
37,47,84
62,85,147
77,20,97
91,32,123
96,87,183
83,73,156
78,85,163
57,17,74
17,94,111
70,56,126
46,89,135
76,44,120
50,62,112
81,15,96
88,14,102
86,74,160
91,74,165
41,80,121
56,23,79
72,94,166
8,11,19
17,52,69
40,52,92
30,84,114
11,55,66
13,70,83
33,88,121
47,18,65
70,12,82
30,21,51
18,60,78
40,95,135
23,44,67
63,48,111
28,12,40
76,84,160
66,69,135
29,66,95
53,90,143
34,49,83
28,24,52
62,31,93
56,31,87
11,33,44
9,94,103
70,40,110
55,82,137
73,50,123
54,99,153
20,51,71
87,18,105
42,56,98
51,90,141
93,40,133
17,44,61
56,66,122
40,41,81
35,8,43
38,73,111
55,32,87
84,14,98
50,98,148
35,88,123
67,68,135
74,59,133
82,94,176
79,60,139
90,61,151
44,59,103
69,33,102
96,39,135
99,57,156
33,12,45
9,67,76
40,47,87
53,44,97
44,18,62
21,33,54
59,34,93
17,38,55
41,56,97
46,39,85
71,23,94
87,47,134
91,59,150
26,93,119
9,14,23
69,87,156
97,10,107
68,26,94
13,68,81
70,71,141
67,26,93
69,70,139
24,69,93
8,86,94
99,28,127
76,23,99
85,85,170
90,79,169
96,10,106
83,21,104
89,28,117
99,84,183
29,60,89
33,84,117
93,87,180
100,39,139
90,30,120
69,56,125
72,19,91
10,80,90
44,57,101
66,51,117
94,42,136
34,56,90
95,27,122
73,71,144
19,9,28
94,15,109
69,26,95
71,39,110
82,98,180
83,22,105
63,50,113
86,35,121
54,98,152
82,25,107
21,50,71
15,71,86
11,91,102
48,35,83
53,44,97
18,41,59
92,57,149
77,81,158
49,33,82
48,84,132
8,47,55
47,37,84
43,93,136
70,68,138
81,34,115
14,43,57
58,79,137
74,72,146
38,16,54
15,66,81
50,11,61
55,44,99
39,44,83
69,47,116
11,32,43
50,18,68
65,53,118
76,65,141
81,70,151
45,68,113
87,47,134
87,100,187
94,44,138
11,43,54
46,93,139
18,22,40
41,10,51
70,80,150
42,58,100
14,67,81
8,89,97
8,40,48
14,23,37
51,80,131
83,23,106
85,56,141
80,56,136
21,18,39
99,99,198
74,66,140
45,52,97
9,98,107
18,47,65
62,98,160
76,97,173
12,88,100
28,97,125
68,17,85
81,11,92
59,95,154
88,68,156
23,46,69
81,49,130
22,29,51
91,49,140
67,55,122
78,23,101
71,88,159
83,11,94
16,49,65
90,34,124
12,35,47
23,8,31
78,22,100
95,79,174
64,63,127
18,75,93
84,98,182
27,33,60
66,61,127
86,75,161
100,59,159
62,47,109
8,34,42
20,16,36
24,30,54
56,65,121
21,79,100
31,77,108
23,19,42
90,85,175
12,81,93
93,67,160
68,44,112
96,17,113
24,67,91
52,9,61
18,85,103
18,63,81
42,29,71
45,12,57
21,59,80
18,85,103
74,64,138
56,27,83
44,91,135
43,73,116
51,100,151
95,50,145
86,50,136
59,59,118
55,8,63
49,87,136
60,8,68
32,96,128
92,26,118
46,11,57
39,26,65
12,22,34
43,87,130
96,92,188
37,55,92
9,64,73
21,70,91
21,53,74
87,42,129
82,8,90
21,58,79
62,90,152
99,67,166
69,10,79
77,97,174
56,60,116
94,59,153
67,71,138
34,14,48
83,93,176
66,35,101
18,56,74
95,87,182
22,19,41
27,70,97
93,40,133
61,88,149
71,100,171
15,16,31
51,45,96
24,28,52
39,36,75
25,14,39
69,65,134
71,22,93
47,87,134
68,81,149
23,39,62
66,68,134
96,90,186
26,63,89
26,54,80
61,73,134
93,95,188
89,81,170
17,52,69
85,45,130
16,11,27
46,99,145
80,17,97
41,21,62
26,18,44
18,81,99
53,85,138
73,60,133
88,25,113
7,59,66
36,23,59
24,81,105
24,9,33
62,84,146
37,19,56
12,58,70
58,68,126
95,25,120
61,11,72
56,69,125
11,67,78
68,66,134
27,40,67
81,80,161
97,48,145
26,70,96
66,84,150
78,49,127
9,18,27
33,33,66
63,51,114
83,69,152
20,97,117
14,86,100
19,35,54
23,65,88
90,81,171
87,90,177
38,100,138
49,24,73
65,19,84
26,33,59
7,31,38
54,10,64
62,19,81
75,81,156
45,36,81
55,93,148
98,28,126
43,44,87
79,8,87
15,18,33
48,58,106
57,64,121
22,87,109
22,11,33
48,8,56
64,61,125
97,43,140
60,26,86
29,42,71
74,73,147
46,11,57
68,61,129
81,12,93
67,40,107
92,71,163
54,79,133
68,78,146
60,11,71
64,63,127
47,33,80
16,47,63
53,80,133
69,91,160
65,58,123
90,96,186
88,14,102
54,67,121
56,34,90
91,69,160
27,10,37
46,74,120
71,35,106
71,32,103
64,15,79
8,21,29
67,51,118
75,88,163
22,18,40
78,9,87
80,72,152
35,85,120
8,83,91
86,95,181
42,10,52
51,57,108
46,78,124
98,26,124
25,59,84
14,41,55
87,94,181
28,93,121
49,81,130
61,39,100
46,84,130
58,29,87
15,73,88
60,10,70
99,100,199
89,55,144
59,34,93
77,61,138
21,78,99
83,38,121
76,91,167
46,24,70
64,62,126
64,65,129
75,7,82
10,52,62
55,34,89
91,52,143
14,11,25
45,78,123
35,55,90
30,60,90
84,62,146
59,99,158
32,70,102
62,97,159
21,45,66
10,94,104
66,24,90
44,65,109
90,33,123
13,76,89
97,57,154
55,41,96
59,100,159
95,56,151
30,53,83
98,88,186
54,29,83
56,100,156
57,48,105
58,21,79
30,87,117
42,20,62
75,70,145
86,84,170
25,70,95
77,36,113
44,21,65
33,11,44
59,38,97
30,39,69
37,29,66
84,48,132
41,23,64
21,49,70
84,15,99
27,75,102
62,99,161
87,33,120
92,41,133
28,39,67
87,83,170
8,77,85
79,93,172
26,39,65
63,19,82
10,28,38
71,43,114
73,13,86
41,89,130
11,93,104
52,76,128
85,29,114
59,42,101
98,14,112
27,87,114
13,72,85
20,55,75
72,72,144
30,43,73
17,94,111
87,7,94
71,60,131
20,57,77
31,76,107
47,78,125
61,78,139
97,51,148
14,11,25
65,12,77
36,34,70
10,38,48
44,99,143
22,38,60
87,86,173
85,19,104
69,31,100
10,59,69
61,19,80
97,57,154
87,90,177
14,40,54
77,40,117
39,40,79
92,33,125
46,37,83
21,83,104
55,84,139
98,59,157
43,11,54
41,82,123
21,38,59
19,71,90
95,77,172
83,39,122
87,96,183
29,69,98
41,88,129
100,82,182
25,74,99
74,68,142
8,33,41
44,20,64
60,87,147
92,62,154
17,73,90
28,28,56
23,93,116
11,94,105
46,46,92
42,75,117
12,93,105
78,27,105
32,83,115
90,9,99
76,11,87
55,39,94
71,59,130
79,60,139
83,22,105
39,68,107
45,24,69
41,11,52
23,13,36
26,45,71
51,92,143
23,45,68
57,84,141
92,71,163
67,80,147
41,100,141
82,24,106
16,74,90
57,60,117
89,46,135
69,42,111
86,18,104
34,41,75
31,40,71
85,94,179
10,28,38
68,60,128
24,85,109
14,94,108
89,96,185
23,88,111
37,50,87
39,82,121
36,10,46
87,12,99
37,25,62
70,32,102
57,26,83
25,54,79
70,75,145
73,100,173
67,11,78
95,55,150
96,22,118
50,53,103
44,16,60
40,68,108
90,33,123
78,27,105
69,18,87
83,45,128
34,100,134
8,45,53
32,12,44
65,57,122
57,43,100
43,96,139
85,61,146
23,29,52
86,49,135
57,27,84
38,33,71
28,28,56
36,72,108
64,91,155
86,55,141
93,97,190
33,29,62
75,20,95
19,49,68
86,19,105
66,25,91
37,96,133
31,94,125
25,72,97
51,78,129
33,94,127
67,77,144
23,91,114
50,12,62
76,14,90
76,80,156
29,69,98
9,17,26
39,73,112
37,77,114
70,85,155
15,65,80
44,49,93
56,7,63
40,38,78
40,47,87
81,53,134
24,85,109
88,52,140
18,57,75
24,42,66
70,61,131
26,65,91
63,95,158
7,97,104
8,51,59
75,65,140
89,29,118
71,60,131
42,16,58
41,62,103
10,92,102
36,86,122
23,9,32
19,23,42
52,39,91
69,84,153
33,14,47
92,91,183
21,31,52
37,9,46
75,12,87
39,57,96
35,12,47
53,94,147
17,74,91
31,12,43
51,40,91
65,57,122
59,35,94
20,35,55
80,56,136
52,24,76
91,77,168
12,63,75
11,9,20
71,52,123
44,85,129
18,69,87
30,16,46
31,35,66
26,57,83
14,42,56
67,81,148
52,18,70
66,69,135
94,66,160
41,98,139
16,62,78
53,85,138
49,39,88
71,64,135
99,91,190
15,100,115
48,92,140
65,38,103
25,42,67
82,11,93
40,81,121
52,49,101
41,59,100
29,51,80
67,72,139
16,27,43
34,89,123
97,80,177
82,53,135
46,83,129
15,85,100
9,48,57
45,38,83
73,83,156
39,78,117
33,64,97
84,69,153
36,74,110
20,76,96
41,35,76
65,35,100
14,22,36
48,30,78
30,46,76
13,45,58
21,19,40
92,21,113
51,48,99
47,35,82
30,55,85
80,20,100
87,14,101
68,27,95
45,69,114
85,76,161
60,22,82
47,25,72
89,13,102
63,86,149
50,56,106
9,83,92
25,97,122
87,68,155
94,47,141
60,61,121
50,81,131
65,91,156
78,7,85
62,62,124
100,49,149
56,62,118
30,57,87
72,47,119
72,57,129
92,57,149
11,47,58
33,81,114
86,73,159
51,82,133
35,76,111
79,31,110
96,96,192
79,11,90
95,30,125
92,23,115
92,38,130
20,35,55
25,48,73
66,66,132
78,86,164
91,89,180
18,17,35
34,27,61
41,60,101
79,16,95
47,47,94
82,37,119
82,18,100
10,60,70
25,8,33
71,45,116
43,29,72
84,17,101
74,14,88
69,90,159
67,16,83
76,26,102
68,53,121
91,22,113
66,74,140
14,13,27
57,89,146
57,80,137
96,68,164
68,13,81
66,46,112
24,41,65
79,58,137
19,44,63
54,96,150
73,55,128
92,96,188
67,78,145
56,46,102
16,85,101
28,52,80
45,74,119
54,31,85
53,89,142
9,41,50
49,59,108
82,9,91
85,84,169
63,86,149
78,37,115
74,57,131
90,87,177
61,25,86
70,31,101
40,86,126
92,33,125
73,60,133
24,99,123
18,66,84
66,68,134
76,81,157
32,34,66
12,73,85
25,45,70
63,84,147
17,63,80
40,8,48
12,48,60
94,47,141
93,34,127
9,47,56
10,64,74
43,40,83
79,32,111
43,36,79
7,15,22
57,13,70
16,68,84
15,11,26
39,19,58
67,37,104
87,96,183
74,49,123
53,84,137
54,90,144
42,84,126
79,80,159
18,56,74
12,15,27
44,70,114
27,98,125
36,11,47
15,59,74
91,62,153
48,39,87
26,54,80
92,78,170
42,12,54
68,21,89
7,16,23
62,79,141
49,34,83
36,12,48
11,51,62
82,14,96
18,77,95
20,100,120
26,8,34
55,92,147
59,42,101
23,17,40
39,87,126
96,93,189
30,10,40
16,71,87
19,58,77
55,92,147
99,15,114
84,50,134
34,25,59
15,74,89
52,51,103
94,30,124
27,81,108
66,12,78
12,23,35
97,55,152
50,54,104
54,21,75
100,37,137
39,15,54
8,62,70
49,8,57
73,91,164
98,31,129
73,79,152
86,26,112
14,92,106
14,78,92
81,68,149
85,76,161
96,44,140
34,59,93
66,95,161
83,11,94
18,65,83
60,80,140
43,45,88
31,33,64
74,79,153
59,26,85
19,24,43
21,50,71
87,53,140
72,26,98
45,40,85
73,75,148
65,81,146
34,33,67
7,96,103
91,50,141
31,79,110
11,95,106
84,59,143
22,60,82
32,93,125
26,65,91
46,28,74
61,63,124
56,75,131
57,13,70
92,50,142
44,20,64
66,89,155
83,39,122
71,98,169
19,13,32
56,15,71
46,58,104
31,29,60
28,10,38
66,18,84
28,12,40
51,32,83
69,57,126
46,91,137
94,34,128
10,86,96
53,19,72
9,36,45
59,20,79
20,7,27
91,37,128
95,64,159
72,69,141
36,31,67
100,72,172
66,44,110
40,99,139
56,11,67
20,22,42
60,76,136
75,44,119
65,48,113
49,49,98
26,39,65
57,43,100
31,22,53
90,61,151
53,48,101
94,76,170
72,58,130
34,69,103
27,49,76
67,85,152
50,30,80
85,84,169
27,17,44
65,52,117
23,87,110
35,92,127
80,100,180
28,71,99
11,22,33
76,60,136
49,60,109
78,38,116
36,63,99
54,83,137
49,98,147
35,40,75
42,62,104
99,45,144
9,19,28
22,91,113
13,19,32
84,16,100
30,34,64
22,7,29
44,86,130
87,64,151
66,29,95
85,68,153
79,89,168
88,28,116
91,48,139
92,49,141
55,26,81
79,77,156
65,72,137
23,78,101
29,94,123
54,59,113
83,36,119
19,53,72
57,50,107
76,53,129
89,96,185
69,79,148
92,54,146
44,82,126
19,75,94
65,72,137
58,38,96
41,72,113
56,80,136
85,33,118
68,58,126
64,71,135
71,21,92
22,38,60
93,71,164
80,79,159
40,39,79
81,87,168
57,31,88
56,68,124
38,54,92
39,55,94
48,70,118
11,99,110
82,24,106
41,8,49
83,79,162
19,78,97
88,28,116
83,60,143
31,69,100
9,31,40
18,17,35
64,62,126
11,28,39
31,39,70
59,36,95
34,94,128
88,11,99
68,96,164
75,72,147
70,49,119
14,18,32
52,25,77
24,72,96
36,48,84
82,11,93
73,73,146
42,37,79
34,7,41
78,8,86
65,87,152
43,79,122
69,59,128
43,40,83
10,74,84
46,29,75
36,9,45
85,70,155
84,24,108
78,10,88
72,21,93
88,29,117
64,13,77
29,81,110
24,58,82
97,34,131
19,90,109
11,92,103
97,31,128
63,57,120
96,29,125
66,71,137
79,15,94
93,73,166
20,69,89
100,86,186
17,44,61
54,19,73
36,26,62
73,98,171
82,33,115
52,32,84
83,61,144
81,85,166
19,60,79
67,10,77
12,63,75
24,77,101
64,11,75
36,34,70
40,69,109
98,47,145
25,15,40
55,85,140
13,15,28
92,8,100
49,78,127
37,86,123
47,32,79
39,74,113
83,15,98
91,94,185
58,41,99
91,47,138
56,87,143
100,7,107
94,97,191
40,21,61
95,24,119
81,20,101
8,57,65
63,93,156
14,93,107
93,84,177
87,27,114
85,88,173
93,10,103
97,69,166
44,54,98
41,15,56
69,75,144
80,65,145
83,75,158
27,65,92
97,44,141
48,48,96
93,13,106
100,87,187
91,96,187
15,23,38
77,89,166
55,30,85
92,31,123
57,100,157
21,77,98
8,23,31
17,34,51
73,88,161
9,42,51
48,12,60
34,15,49
43,56,99
52,48,100
99,11,110
47,45,92
21,97,118
96,39,135
34,70,104
40,40,80
29,38,67
83,51,134
23,22,45
88,82,170
28,38,66
49,51,100
58,56,114
29,24,53
8,7,15
73,33,106
96,55,151
16,85,101
34,37,71
77,92,169
49,16,65
91,77,168
48,9,57
9,81,90
76,57,133
98,38,136
36,14,50
90,15,105
34,19,53
10,31,41
54,42,96
29,39,68
68,47,115
38,7,45
31,58,89
84,66,150
57,45,102
91,86,177
65,88,153
54,33,87
89,84,173
64,28,92
99,61,160
57,93,150
51,100,151
59,51,110
24,64,88
61,36,97
93,36,129
94,31,125
76,70,146
96,18,114
91,55,146
36,95,131
92,57,149
31,22,53
84,26,110
82,20,102
48,76,124
41,100,141
46,54,100
40,48,88
35,17,52
20,29,49
66,66,132
34,33,67
24,38,62
85,17,102
59,9,68
20,56,76
78,46,124
64,28,92
89,38,127
66,51,117
92,16,108
78,62,140
97,29,126
73,67,140
16,31,47
25,72,97
39,95,134
15,77,92
69,15,84
86,78,164
100,94,194
71,61,132
76,8,84
37,81,118
23,48,71
82,77,159
60,78,138
16,8,24
17,93,110
58,25,83
86,20,106
16,64,80
17,27,44
73,32,105
22,38,60
69,94,163
72,13,85
66,28,94
72,35,107
15,65,80
78,60,138
66,81,147
72,56,128
59,93,152
37,89,126
55,81,136
38,31,69
77,23,100
76,21,97
47,72,119
41,87,128
74,35,109
74,65,139
32,23,55
46,73,119
88,53,141
65,30,95
35,27,62
96,17,113
89,88,177
98,27,125
60,51,111
35,75,110
67,33,100
52,54,106
31,9,40
59,42,101
21,100,121
17,31,48
17,65,82
93,25,118
64,41,105
57,59,116
39,63,102
60,38,98
67,11,78
7,20,27
62,46,108
68,86,154
78,16,94
88,44,132
85,78,163
92,98,190
40,33,73
50,49,99
76,46,122
55,100,155
42,57,99
34,63,97
19,48,67
9,15,24
7,90,97
70,84,154
45,23,68
37,29,66
92,77,169
18,92,110
39,85,124
42,76,118
84,22,106
44,71,115
53,56,109
47,66,113
25,85,110
86,48,134
48,34,82
79,70,149
30,37,67
53,88,141
68,40,108
94,61,155
58,63,121
43,15,58
64,96,160
83,24,107
9,99,108
91,61,152
64,58,122
70,66,136
42,71,113
52,70,122
49,54,103
31,77,108
48,38,86
38,71,109
67,98,165
82,88,170
93,52,145
29,36,65
79,62,141
83,48,131
60,68,128
28,74,102
72,70,142
39,78,117
74,79,153
73,93,166
33,26,59
28,44,72
26,43,69
79,83,162
84,39,123
61,74,135
45,94,139
21,12,33
45,33,78
54,61,115
12,35,47
83,89,172
58,53,111
52,44,96
8,34,42
42,33,75
28,52,80
77,54,131
11,9,20
18,56,74
92,22,114
42,26,68
51,92,143
65,77,142
15,34,49
93,98,191
53,11,64
69,82,151
80,86,166
60,44,104
40,51,91
18,80,98
42,71,113
41,81,122
57,63,120
73,80,153
14,98,112
59,95,154
95,39,134
77,14,91
14,38,52
66,50,116
11,98,109
7,26,33
87,76,163
7,59,66
71,63,134
65,84,149
50,77,127
83,14,97
97,40,137
95,91,186
80,90,170
34,51,85
69,59,128
23,86,109
68,29,97
14,43,57
23,99,122
46,52,98
23,37,60
73,59,132
93,33,126
42,50,92
24,63,87
46,55,101
90,73,163
100,64,164
85,50,135
87,19,106
63,65,128
95,53,148
82,33,115
84,19,103
85,64,149
63,48,111
99,85,184
66,34,100
22,96,118
50,69,119
66,64,130
50,77,127
19,88,107
79,78,157
97,48,145
66,35,101
65,93,158
71,93,164
74,45,119
9,43,52
22,84,106
57,22,79
98,62,160
38,58,96
9,7,16
67,27,94
44,43,87
17,69,86
35,74,109
13,65,78
83,66,149
54,59,113
62,97,159
29,59,88
60,31,91
97,53,150
94,26,120
75,42,117
66,14,80
72,31,103
26,63,89
57,82,139
92,98,190
35,51,86
91,22,113
80,11,91
46,99,145
52,51,103
93,38,131
99,22,121
76,95,171
80,78,158
21,73,94
58,61,119
20,9,29
41,32,73
75,72,147
40,40,80
12,74,86
77,11,88
10,75,85
14,92,106
42,54,96
56,9,65
86,50,136
37,41,78
48,48,96
21,53,74
86,93,179
40,59,99
52,17,69
7,28,35
60,24,84
100,13,113
69,25,94
67,72,139
31,70,101
71,100,171
93,19,112
10,93,103
81,99,180
32,15,47
50,13,63
22,84,106
92,36,128
88,46,134
85,50,135
83,9,92
67,64,131
64,98,162
97,76,173
51,51,102
7,88,95
20,36,56
29,95,124
97,48,145
22,18,40
57,25,82
15,49,64
15,65,80
83,12,95
91,65,156
24,86,110
56,46,102
48,20,68
15,64,79
21,88,109
36,69,105
11,82,93
58,90,148
94,94,188
75,78,153
12,32,44
97,56,153
75,30,105
11,83,94
70,12,82
33,85,118
74,63,137
74,24,98
12,56,68
93,26,119
22,52,74
90,83,173
91,59,150
66,92,158
15,58,73
52,64,116
51,60,111
67,9,76
90,46,136
44,82,126
90,93,183
11,66,77
93,87,180
50,76,126
69,51,120
39,16,55
18,14,32
98,80,178
100,75,175
98,18,116
24,84,108
64,27,91
8,70,78
33,48,81
55,67,122
40,46,86
29,86,115
82,39,121
96,40,136
27,22,49
86,28,114
90,70,160
56,97,153
51,20,71
21,59,80
93,38,131
90,53,143
16,73,89
35,79,114
63,16,79
39,20,59
96,66,162
52,59,111
76,50,126
31,23,54
21,50,71
77,89,166
62,41,103
51,35,86
70,56,126
60,94,154
94,24,118
37,17,54
34,99,133
17,31,48
35,12,47
74,22,96
81,64,145
80,86,166
98,90,188
85,11,96
69,95,164
35,55,90
25,8,33
52,10,62
50,34,84
34,29,63
59,94,153
82,10,92
65,74,139
26,88,114
70,52,122
10,79,89
23,26,49
82,26,108
30,98,128
98,91,189
64,60,124
18,70,88
13,48,61
48,80,128
29,9,38
77,8,85
99,76,175
14,89,103
94,28,122
71,47,118
35,30,65
46,88,134
8,52,60
66,65,131
42,53,95
58,82,140
50,31,81
91,55,146
12,52,64
62,31,93
73,74,147
87,37,124
35,7,42
68,88,156
66,63,129
88,67,155
15,57,72
68,78,146
99,65,164
77,88,165
24,8,32
65,68,133
7,33,40
86,74,160
52,54,106
59,11,70
14,21,35
51,67,118
54,56,110
83,98,181
64,7,71
54,65,119
98,42,140
56,31,87
97,89,186
74,83,157
55,75,130
8,11,19
49,36,85
33,68,101
65,55,120
56,51,107
86,34,120
49,90,139
64,20,84
74,90,164
47,57,104
65,100,165
54,25,79
10,35,45
27,36,63
73,43,116
39,29,68
57,63,120
70,60,130
100,56,156
83,55,138
37,59,96
38,11,49
74,16,90
95,86,181
49,23,72
62,86,148
61,80,141
16,89,105
64,54,118
75,34,109
25,44,69
68,99,167
66,48,114
38,90,128
22,36,58
41,71,112
69,60,129
56,78,134
65,15,80
24,89,113
53,45,98
97,55,152
8,59,67
66,25,91
24,80,104
46,35,81
67,7,74
24,95,119
50,53,103
55,99,154
79,43,122
68,15,83
30,48,78
38,85,123
99,42,141
80,71,151
47,47,94
81,75,156
28,45,73
35,28,63
17,18,35
83,77,160
26,51,77
59,56,115
63,40,103
58,47,105
73,18,91
11,89,100
51,73,124
58,45,103
70,13,83
25,62,87
38,97,135
63,21,84
49,35,84
29,26,55
77,49,126
39,93,132
28,13,41
94,18,112
89,84,173
63,12,75
82,15,97
56,44,100
67,17,84
7,65,72
98,57,155
46,63,109
15,12,27
71,40,111
56,15,71
23,39,62
55,65,120
67,72,139
11,100,111
14,86,100
84,96,180
46,52,98
67,23,90
89,52,141
27,75,102
64,88,152
36,29,65
44,16,60
29,93,122
59,90,149
22,67,89
15,14,29
52,67,119
75,88,163
26,33,59
50,67,117
81,82,163
61,61,122
83,26,109
50,63,113
65,93,158
87,39,126
53,63,116
13,22,35
100,39,139
38,21,59
40,34,74
98,75,173
76,7,83
16,65,81
88,79,167
88,18,106
34,95,129
84,8,92
26,36,62
63,37,100
90,78,168
91,30,121
34,23,57
40,12,52
73,76,149
70,61,131
12,26,38
63,34,97
63,75,138
69,49,118
67,87,154
28,87,115
90,49,139
11,15,26
83,55,138
65,26,91
81,40,121
89,77,166
17,20,37
54,78,132
68,96,164
58,66,124
94,71,165
68,83,151
72,86,158
67,21,88
63,51,114
94,96,190
71,46,117
14,51,65
30,35,65
35,46,81
63,11,74
44,44,88
31,69,100
14,9,23
89,62,151
32,100,132
61,100,161
23,95,118
29,17,46
86,92,178
97,66,163
76,39,115
98,60,158
22,26,48
64,66,130
38,36,74
24,12,36
97,87,184
12,48,60
50,22,72
78,99,177
98,71,169
99,79,178
60,78,138
63,39,102
40,43,83
58,92,150
72,93,165
63,84,147
33,90,123
86,50,136
36,32,68
82,50,132
82,49,131
97,54,151
15,29,44
81,19,100
82,88,170
95,14,109
89,96,185
18,82,100
71,20,91
37,21,58
82,95,177
92,75,167
18,54,72
39,91,130
37,25,62
59,43,102
29,43,72
20,17,37
61,60,121
59,68,127
35,18,53
76,55,131
53,33,86
73,22,95
92,29,121
45,72,117
21,22,43
55,19,74
13,29,42
79,47,126
11,93,104
99,88,187
21,99,120
70,87,157
34,70,104
84,76,160
35,88,123
61,66,127
26,52,78
55,47,102
41,73,114
95,77,172
8,64,72
26,36,62
81,15,96
68,43,111
45,55,100
91,39,130
11,85,96
59,28,87
97,8,105
89,7,96
100,92,192
43,74,117
25,74,99
13,90,103
48,72,120
73,26,99
60,48,108
76,98,174
45,33,78
93,14,107
34,97,131
85,92,177
74,78,152
93,40,133
77,98,175
24,72,96
93,64,157
9,15,24
37,32,69
76,10,86
66,17,83
66,27,93
18,84,102
21,80,101
62,98,160
98,51,149
63,88,151
18,86,104
79,95,174
90,74,164
68,10,78
45,68,113
35,58,93
52,14,66
11,83,94
25,54,79
37,71,108
16,18,34
7,52,59
86,62,148
85,10,95
77,67,144
85,29,114
74,81,155
66,48,114
62,12,74
52,72,124
68,65,133
42,79,121
57,47,104
33,42,75
24,73,97
66,64,130
16,74,90
79,28,107
47,23,70
40,95,135
68,86,154
41,44,85
57,71,128
36,88,124
22,38,60
88,12,100
67,30,97
54,79,133
61,73,134
65,56,121
69,48,117
65,76,141
58,69,127
51,89,140
63,68,131
52,13,65
61,86,147
96,32,128
57,20,77
51,69,120
25,68,93
72,91,163
39,84,123
89,29,118
25,55,80
7,19,26
15,31,46
24,60,84
93,57,150
86,32,118
34,20,54
55,95,150
39,22,61
19,50,69
66,65,131
89,45,134
26,58,84
34,64,98
21,92,113
16,72,88
77,21,98
35,80,115
10,90,100
36,76,112
25,17,42
63,35,98
35,70,105
25,44,69
65,75,140
14,71,85
20,71,91
73,12,85
32,12,44
11,87,98
78,61,139
34,16,50
20,84,104
63,54,117
71,34,105
16,89,105
49,87,136
36,84,120
35,47,82
45,34,79
14,13,27
80,62,142
83,28,111
41,43,84
9,82,91
97,54,151
93,28,121
67,90,157
75,44,119
42,82,124
31,73,104
44,82,126
31,76,107
65,95,160
93,84,177
47,12,59
83,62,145
79,99,178
53,68,121
32,53,85
49,9,58
48,55,103
10,83,93
75,86,161
85,99,184
98,49,147
51,50,101
70,84,154
31,18,49
7,23,30
11,29,40
65,27,92
41,24,65
27,41,68
82,59,141
11,34,45
43,62,105
25,97,122
15,64,79
11,15,26
75,24,99
74,68,142
57,30,87
14,43,57
75,24,99
13,67,80
60,50,110
45,75,120
85,92,177
77,7,84
8,93,101
32,18,50
74,99,173
92,99,191
86,19,105
26,49,75
67,20,87
38,55,93
62,33,95
28,53,81
65,98,163
57,32,89
75,26,101
86,94,180
22,56,78
18,91,109
24,34,58
7,7,14
39,34,73
20,27,47
24,18,42
63,54,117
40,25,65
29,89,118
37,64,101
63,7,70
26,29,55
82,60,142
35,68,103
63,86,149
73,33,106
73,64,137
44,99,143
20,70,90
95,29,124
66,19,85
16,41,57
88,66,154
65,41,106
42,84,126
95,79,174
23,100,123
60,52,112
86,83,169
65,84,149
15,85,100
79,49,128
60,27,87
74,66,140
66,37,103
36,16,52
11,44,55
70,65,135
60,9,69
20,83,103
100,45,145
99,94,193
64,82,146
37,22,59
82,26,108
87,91,178
22,56,78
35,56,91
7,65,72
89,69,158
14,13,27
29,90,119
19,72,91
41,28,69
69,100,169
72,19,91
34,43,77
29,10,39
18,98,116
49,41,90
87,23,110
44,82,126
49,88,137
46,25,71
67,19,86
22,33,55
60,14,74
37,40,77
87,71,158
92,46,138
26,71,97
13,90,103
86,65,151
71,59,130
71,72,143
71,70,141
93,75,168
25,83,108
77,99,176
70,33,103
90,34,124
29,12,41
46,41,87
85,15,100
84,58,142
65,65,130
29,19,48
98,34,132
31,90,121
70,44,114
82,75,157
79,60,139
55,41,96
63,83,146
89,74,163
60,70,130
20,52,72
9,90,99
29,48,77
83,66,149
78,95,173
23,83,106
15,38,53
89,80,169
26,18,44
43,92,135
90,47,137
39,37,76
70,9,79
17,69,86
60,87,147
37,21,58
68,37,105
19,61,80
14,17,31
100,43,143
23,71,94
82,61,143
79,66,145
74,38,112
94,59,153
65,47,112
50,89,139
61,64,125
89,16,105
78,81,159
16,94,110
14,49,63
30,84,114
14,22,36
60,50,110
16,98,114
82,55,137
55,61,116
99,77,176
100,47,147
86,67,153
13,56,69
13,51,64
53,78,131
25,23,48
69,23,92
43,43,86
11,96,107
82,37,119
55,91,146
35,50,85
87,83,170
88,42,130
41,83,124
80,33,113
47,63,110
94,69,163
50,22,72
85,35,120
26,90,116
13,47,60
12,29,41
39,55,94
68,69,137
26,86,112
31,55,86
32,73,105
17,91,108
20,9,29
24,55,79
23,8,31
83,70,153
18,85,103
64,67,131
63,96,159
57,44,101
94,42,136
66,88,154
89,88,177
75,35,110
9,41,50
61,19,80
82,51,133
49,79,128
34,51,85
16,98,114
97,7,104
36,76,112
8,89,97
63,64,127
96,99,195
78,98,176
21,62,83
21,20,41
7,15,22
89,77,166
61,15,76
46,37,83
41,10,51
53,30,83
98,89,187
12,79,91
37,12,49
50,25,75
65,99,164
57,61,118
76,38,114
53,89,142
46,46,92
79,52,131
50,55,105
21,54,75
78,74,152
64,58,122
39,99,138
36,17,53
10,41,51
67,99,166
28,59,87
29,68,97
49,81,130
48,31,79
14,93,107
96,12,108
64,24,88
42,23,65
8,32,40
87,74,161
62,41,103
96,61,157
35,26,61
49,7,56
63,54,117
74,94,168
9,46,55
85,19,104
18,80,98
54,81,135
46,76,122
94,75,169
16,38,54
32,15,47
57,46,103
21,49,70
77,58,135
11,10,21
25,74,99
81,71,152
97,15,112
67,23,90
98,24,122
41,82,123
47,31,78
88,90,178
31,73,104
12,93,105
74,88,162
51,34,85
68,89,157
16,67,83
62,70,132
76,60,136
26,83,109
53,39,92
50,74,124
36,65,101
88,49,137
57,81,138
19,86,105
79,73,152
92,37,129
70,41,111
15,15,30
30,73,103
26,16,42
21,36,57
72,53,125
50,61,111
81,51,132
36,15,51
52,16,68
67,23,90
9,65,74
29,49,78
99,20,119
48,26,74
35,69,104
27,80,107
63,44,107
27,79,106
88,75,163
20,94,114
34,94,128
43,24,67
74,18,92
57,66,123
39,12,51
47,37,84
21,58,79
43,33,76
13,44,57
22,72,94
18,35,53
8,11,19
42,96,138
48,89,137
14,46,60
100,71,171
61,81,142
88,100,188
61,99,160
26,80,106
37,36,73
9,85,94
55,70,125
11,20,31
89,98,187
69,63,132
10,16,26
64,83,147
73,48,121
78,97,175
66,79,145
32,94,126
92,34,126
35,15,50
48,48,96
14,48,62
9,61,70
63,53,116
90,12,102
39,70,109
90,60,150
88,14,102
41,63,104
8,12,20
96,61,157
87,42,129
77,59,136
33,48,81
57,67,124
86,37,123
91,35,126
58,41,99
79,81,160
33,62,95
16,21,37
91,51,142
24,72,96
48,47,95
15,78,93
30,62,92
42,52,94
81,39,120
72,62,134
20,47,67
52,24,76
95,89,184
60,64,124
61,55,116
37,38,75
17,14,31
96,12,108
24,66,90
56,36,92
89,24,113
76,82,158
100,67,167
43,66,109
98,15,113
47,37,84
16,19,35
46,59,105
79,73,152
18,45,63
98,47,145
96,93,189
95,38,133
25,70,95
89,60,149
18,79,97
55,11,66
96,50,146
11,74,85
60,63,123
89,95,184
8,77,85
66,62,128
43,12,55
46,64,110
76,19,95
44,30,74
70,98,168
48,86,134
45,10,55
80,73,153
56,41,97
30,33,63
99,82,181
49,85,134
37,66,103
97,89,186
59,70,129
85,71,156
65,11,76
41,75,116
31,23,54
84,57,141
81,16,97
29,56,85
56,54,110
41,14,55
50,11,61
15,81,96
63,10,73
38,66,104
29,84,113
34,60,94
62,85,147
40,58,98
62,59,121
11,29,40
33,18,51
77,96,173
74,94,168
85,59,144
25,63,88
41,73,114
92,91,183
40,38,78
70,69,139
12,90,102
40,28,68
85,60,145
54,25,79
64,71,135
80,27,107
28,90,118
72,85,157
23,86,109
74,8,82
26,24,50
63,49,112
62,9,71
34,33,67
56,42,98
22,87,109
18,26,44
91,68,159
33,88,121
90,55,145
63,72,135
12,18,30
17,69,86
39,56,95
47,94,141
94,54,148
33,74,107
94,79,173
29,24,53
63,98,161
11,43,54
42,50,92
98,55,153
89,60,149
87,98,185
35,40,75
10,23,33
82,51,133
51,55,106
67,33,100
60,18,78
34,70,104
86,96,182
41,57,98
49,47,96
12,66,78
77,81,158
16,69,85
72,92,164
8,75,83
9,100,109
78,36,114
39,25,64
42,91,133
65,46,111
26,19,45
18,43,61
18,57,75
31,23,54
23,55,78
30,35,65
11,65,76
24,71,95
59,49,108
28,57,85
24,9,33
74,53,127
57,27,84
58,70,128
23,89,112
52,80,132
89,49,138
89,84,173
75,31,106
29,54,83
59,62,121
39,35,74
74,15,89
98,48,146
75,26,101
47,36,83
91,64,155
28,45,73
52,53,105
96,33,129
66,63,129
64,13,77
36,61,97
64,75,139
48,73,121
32,46,78
88,96,184
32,54,86
53,92,145
21,57,78
74,37,111
71,87,158
13,10,23
57,28,85
68,80,148
31,99,130
11,68,79
35,82,117
7,36,43
83,72,155
88,61,149
54,7,61
29,12,41
64,58,122
42,35,77
35,57,92
55,94,149
100,25,125
93,35,128
10,16,26
88,88,176
20,79,99
34,43,77
26,14,40
80,79,159
7,100,107
9,99,108
40,65,105
82,87,169
55,39,94
49,51,100
9,31,40
53,63,116
18,95,113
69,65,134
65,44,109
58,15,73
96,94,190
40,35,75
59,15,74
19,40,59
17,36,53
79,80,159
15,95,110
18,55,73
89,24,113
78,7,85
94,67,161
49,87,136
38,98,136
69,23,92
72,83,155
84,90,174
45,66,111
20,19,39
36,69,105
18,11,29
91,21,112
59,84,143
69,23,92
85,49,134
36,12,48
61,25,86
13,94,107
58,93,151
86,79,165
78,81,159
56,62,118
35,50,85
14,61,75
41,54,95
48,43,91
65,75,140
96,97,193
69,78,147
62,47,109
15,73,88
38,80,118
75,81,156
15,61,76
72,57,129
39,10,49
10,87,97
74,63,137
76,51,127
99,46,145
73,26,99
62,57,119
71,18,89
83,12,95
98,22,120
38,36,74
42,97,139
52,71,123
100,87,187
60,99,159
72,50,122
73,23,96
46,49,95
36,60,96
49,86,135
46,10,56
88,86,174
36,36,72
99,36,135
78,18,96
54,39,93
70,33,103
11,24,35
14,99,113
31,61,92
79,49,128
23,50,73
8,10,18
25,94,119
78,83,161
96,71,167
83,32,115
86,13,99
23,36,59
54,79,133
89,84,173
28,14,42
27,54,81
8,72,80
70,74,144
46,80,126
80,58,138
34,79,113
36,72,108
64,71,135
15,14,29
51,55,106
21,49,70
82,27,109
45,68,113
59,75,134
12,33,45
93,36,129
72,18,90
92,23,115
21,23,44
27,63,90
42,77,119
53,30,83
26,67,93
97,87,184
36,45,81
99,21,120
100,27,127
30,82,112
56,73,129
66,75,141
71,53,124
62,55,117
30,77,107
69,75,144
36,51,87
80,92,172
61,32,93
20,28,48
36,89,125
41,83,124
11,23,34
36,49,85
49,84,133
7,80,87
77,62,139
95,77,172
57,34,91
21,15,36
81,95,176
70,22,92
87,82,169
43,60,103
48,25,73
97,71,168
27,23,50
20,40,60
48,92,140
91,93,184
70,19,89
10,30,40
41,71,112
34,14,48
41,85,126
45,86,131
93,26,119
22,56,78
33,20,53
18,16,34
47,30,77
64,38,102
77,21,98
100,34,134
36,22,58
77,11,88
47,41,88
37,49,86
16,62,78
96,97,193
60,22,82
94,94,188
44,39,83
97,40,137
86,8,94
100,94,194
78,23,101
41,27,68
64,46,110
38,68,106
95,24,119
14,68,82
44,37,81
11,62,73
8,91,99
13,31,44
28,48,76
50,55,105
57,14,71
22,66,88
21,75,96
25,70,95
53,55,108
78,48,126
20,40,60
45,57,102
93,25,118
100,80,180
7,63,70
68,24,92
100,40,140
99,47,146
21,87,108
46,61,107
96,64,160
15,7,22
25,63,88
49,62,111
81,7,88
20,45,65
51,11,62
63,62,125
17,17,34
24,20,44
66,55,121
32,68,100
30,64,94
65,55,120
24,62,86
59,23,82
48,9,57
41,28,69
86,34,120
25,67,92
31,80,111
83,86,169
90,29,119
87,82,169
65,12,77
11,67,78
40,95,135
50,41,91
29,62,91
13,75,88
40,49,89
80,98,178
100,37,137
13,81,94
46,23,69
43,79,122
92,97,189
51,71,122
80,100,180
53,50,103
64,62,126
61,95,156
22,13,35
22,11,33
85,80,165
94,40,134
84,35,119
45,28,73
67,12,79
97,64,161
49,40,89
17,51,68
20,86,106
54,83,137
44,38,82
24,38,62
76,72,148
75,67,142
90,53,143
39,21,60
31,52,83
96,18,114
7,80,87
7,96,103
34,76,110
98,73,171
23,18,41
29,37,66
24,21,45
20,93,113
34,70,104
76,60,136
54,11,65
23,99,122
41,56,97
80,14,94
54,36,90
97,70,167
31,30,61
86,49,135
18,65,83
20,19,39
92,85,177
9,35,44
31,52,83
22,19,41
89,71,160
88,96,184
38,23,61
43,12,55
86,48,134
10,86,96
94,21,115
14,87,101
68,86,154
29,36,65
45,88,133
7,11,18
57,54,111
54,83,137
76,12,88
35,34,69
53,62,115
40,79,119
18,7,25
97,97,194
44,93,137
99,12,111
44,27,71
21,26,47
12,45,57
75,78,153
57,62,119
72,55,127
9,9,18
85,95,180
57,73,130
38,11,49
35,42,77
15,87,102
81,40,121
72,23,95
30,46,76
88,58,146
39,83,122
73,77,150
74,11,85
92,85,177
48,61,109
28,39,67
88,85,173
88,60,148
22,64,86
41,74,115
31,52,83
100,32,132
64,61,125
55,85,140
61,19,80
64,11,75
23,8,31
52,60,112
8,96,104
46,32,78
13,52,65
14,22,36
25,95,120
35,84,119
23,8,31
98,52,150
57,9,66
77,14,91
14,56,70
80,62,142
54,73,127
77,43,120
86,81,167
22,40,62
75,37,112
70,22,92
35,36,71
60,15,75
52,34,86
59,79,138
55,71,126
95,26,121
60,38,98
83,97,180
54,97,151
14,23,37
14,59,73
57,30,87
87,9,96
32,96,128
15,45,60
82,19,101
60,38,98
77,39,116
100,89,189
39,21,60
57,16,73
51,61,112
9,59,68
59,68,127
39,19,58
69,24,93
17,100,117
43,43,86
47,25,72
72,59,131
94,80,174
62,67,129
35,27,62
22,98,120
42,19,61
69,7,76
99,63,162
40,17,57
14,83,97
99,21,120
41,59,100
90,54,144
38,21,59
20,35,55
86,85,171
10,100,110
59,96,155
79,18,97
25,24,49
50,9,59
91,67,158
39,81,120
96,49,145
92,58,150
55,73,128
77,98,175
14,83,97
33,63,96
25,21,46
66,17,83
7,41,48
41,95,136
26,68,94
51,59,110
54,97,151
7,23,30
18,91,109
59,70,129
73,10,83
36,69,105
32,56,88
25,26,51
19,33,52
36,81,117
80,87,167
45,18,63
59,44,103
78,94,172
7,97,104
80,23,103
78,82,160
58,58,116
95,44,139
55,57,112
60,8,68
7,71,78
70,15,85
15,57,72
59,71,130
31,39,70
40,89,129
88,24,112
64,37,101
83,69,152
100,90,190
86,64,150
49,82,131
77,73,150
53,29,82
97,78,175
30,43,73
54,43,97
21,83,104
10,23,33
67,24,91
49,40,89
100,32,132
20,70,90
23,23,46
75,96,171
18,14,32
75,35,110
28,93,121
49,35,84
24,33,57
85,38,123
13,94,107
78,63,141
9,89,98
58,27,85
7,59,66
98,58,156
55,8,63
60,35,95
24,45,69
84,64,148
32,68,100
93,41,134
80,56,136
76,86,162
66,66,132
50,88,138
71,87,158
11,18,29
23,15,38
29,44,73
31,82,113
15,84,99
77,74,151
38,90,128
28,42,70
24,93,117
99,28,127
57,95,152
8,34,42
13,36,49
66,40,106
24,39,63
81,74,155
98,63,161
61,47,108
61,59,120
74,100,174
16,58,74
38,74,112
43,44,87
84,71,155
25,25,50
22,15,37
95,76,171
93,68,161
46,46,92
72,63,135
50,85,135
28,90,118
54,24,78
48,91,139
15,78,93
85,25,110
15,24,39
23,42,65
54,67,121
59,99,158
10,51,61
62,74,136
47,29,76
98,10,108
61,33,94
57,57,114
62,100,162
14,57,71
45,26,71
58,15,73
29,57,86
65,38,103
47,37,84
91,68,159
82,81,163
14,69,83
57,47,104
44,17,61
20,14,34
22,33,55
27,39,66
74,54,128
71,36,107
81,59,140
18,77,95
62,7,69
40,86,126
26,13,39
28,77,105
100,80,180
89,84,173
67,50,117
23,17,40
27,57,84
23,76,99
51,36,87
77,70,147
63,24,87
17,24,41
97,54,151
16,64,80
84,84,168
45,60,105
23,55,78
40,86,126
81,33,114
42,20,62
32,35,67
32,38,70
73,63,136
85,80,165
89,10,99
72,88,160
74,95,169
60,21,81
63,64,127
28,34,62
90,18,108
24,65,89
31,19,50
72,22,94
72,59,131
75,72,147
78,57,135
28,97,125
46,53,99
46,56,102
82,49,131
58,33,91
10,59,69
82,88,170
64,58,122
14,13,27
22,99,121
61,9,70
67,22,89
72,46,118
33,13,46
91,46,137
39,94,133
61,37,98
11,31,42
96,15,111
91,8,99
89,8,97
87,99,186
57,60,117
23,14,37
49,27,76
58,32,90
44,72,116
100,55,155
81,88,169
47,100,147
13,54,67
66,73,139
91,89,180
88,88,176
69,65,134
14,23,37
56,23,79
94,62,156
39,15,54
71,66,137
62,39,101
99,70,169
7,66,73
70,83,153
43,44,87
68,29,97
28,94,122
18,100,118
87,12,99
41,87,128
64,16,80
32,72,104
48,84,132
50,49,99
52,48,100
34,79,113
9,29,38
24,88,112
43,75,118
37,47,84
42,7,49
88,78,166
88,32,120
79,80,159
21,45,66
83,55,138
11,93,104
60,71,131
29,81,110
84,23,107
37,32,69
86,74,160
59,54,113
77,40,117
29,31,60
66,66,132
37,71,108
25,89,114
80,50,130
91,92,183
98,80,178
92,12,104
83,19,102
82,46,128
9,37,46
31,63,94
19,81,100
54,35,89
93,14,107
45,49,94
13,39,52
91,67,158
97,41,138
11,27,38
84,80,164
14,17,31
27,41,68
72,15,87
58,33,91
63,42,105
79,19,98
16,93,109
74,65,139
23,99,122
100,25,125
60,53,113
99,78,177
34,54,88
50,84,134
18,29,47
63,78,141
16,47,63
100,82,182
7,75,82
66,80,146
48,20,68
52,28,80
26,85,111
37,43,80
13,83,96
82,35,117
7,60,67
65,80,145
9,100,109
28,56,84
48,46,94
41,74,115
53,11,64
25,86,111
7,96,103
43,10,53
100,16,116
21,81,102
100,47,147
44,13,57
8,82,90
94,58,152
54,58,112
47,15,62
77,97,174
65,43,108
10,70,80
67,33,100
96,11,107
64,29,93
38,82,120
42,83,125
78,14,92
74,97,171
18,70,88
24,91,115
85,72,157
91,100,191
70,35,105
26,21,47
63,98,161
78,51,129
71,54,125
55,46,101
20,87,107
57,46,103
19,16,35
64,44,108
97,57,154
80,59,139
40,72,112
48,96,144
33,68,101
85,16,101
8,74,82
97,25,122
30,57,87
16,13,29
99,65,164
85,41,126
57,92,149
98,13,111
60,83,143
95,100,195
37,31,68
14,32,46
99,93,192
62,58,120
80,77,157
57,36,93
58,49,107
33,47,80
28,73,101
21,74,95
97,20,117
61,25,86
14,19,33
80,31,111
95,71,166
60,91,151
18,94,112
92,78,170
88,33,121
58,85,143
89,32,121
54,73,127
32,51,83
58,34,92
31,33,64
80,33,113
9,50,59
100,31,131
97,91,188
76,34,110
14,39,53
77,63,140
55,14,69
58,52,110
21,83,104
99,73,172
39,53,92
38,54,92
85,27,112
88,81,169
97,99,196
94,79,173
82,58,140
74,46,120
66,96,162
26,88,114
17,74,91
87,13,100
54,9,63
41,69,110
82,82,164
63,32,95
39,90,129
55,25,80
24,38,62
96,74,170
80,29,109
73,75,148
100,52,152
100,55,155
69,26,95
68,22,90
14,63,77
22,39,61
36,47,83
26,65,91
76,73,149
50,10,60
25,8,33
92,25,117
41,33,74
46,37,83
54,65,119
55,71,126
58,19,77
88,90,178
91,81,172
60,50,110
86,15,101
93,71,164
31,32,63
41,87,128
56,98,154
10,43,53
95,27,122
40,52,92
65,39,104
74,23,97
49,47,96
64,58,122
40,57,97
17,88,105
76,14,90
39,100,139
12,7,19
79,87,166
42,40,82
12,12,24
18,91,109
20,46,66
51,35,86
44,15,59
31,44,75
38,61,99
94,55,149
30,57,87
90,47,137
66,39,105
81,61,142
38,61,99
85,44,129
61,66,127
55,90,145
25,17,42
73,94,167
72,32,104
94,42,136
57,76,133
52,48,100
43,30,73
47,96,143
56,34,90
94,9,103
67,7,74
33,56,89
91,45,136
57,27,84
17,35,52
10,39,49
66,67,133
67,41,108
30,92,122
87,46,133
83,8,91
27,89,116
28,8,36
43,58,101
84,73,157
55,32,87
61,30,91
63,64,127
19,77,96
62,89,151
58,44,102
67,52,119
75,7,82
81,75,156
93,12,105
96,62,158
54,71,125
60,83,143
45,8,53
62,74,136
74,74,148
50,51,101
54,18,72
27,81,108
74,79,153
90,65,155
63,33,96
13,43,56
97,19,116
33,59,92
24,41,65
7,25,32
24,36,60
26,22,48
36,25,61
64,89,153
68,67,135
81,65,146
53,63,116
71,36,107
51,100,151
63,19,82
37,89,126
25,55,80
41,88,129
100,79,179
29,19,48
55,13,68
62,97,159
97,39,136
33,79,112
15,48,63
84,66,150
21,95,116
56,99,155
61,54,115
92,37,129
64,100,164
83,79,162
58,77,135
64,12,76
42,84,126
80,100,180
79,62,141
73,34,107
87,40,127
53,92,145
13,69,82
99,31,130
74,58,132
22,27,49
45,62,107
87,34,121
32,74,106
37,94,131
97,59,156
95,94,189
72,8,80
32,76,108
91,79,170
9,23,32
66,89,155
7,44,51
35,34,69
28,89,117
9,96,105
28,55,83
83,79,162
59,80,139
40,39,79
16,25,41
28,38,66
55,100,155
29,76,105
86,11,97
15,88,103
39,51,90
59,77,136
89,33,122
100,22,122
80,12,92
97,60,157
20,15,35
87,66,153
16,74,90
94,43,137
42,96,138
84,93,177
39,63,102
95,63,158
63,76,139
45,57,102
84,22,106
12,68,80
97,68,165
54,40,94
12,37,49
85,34,119
30,66,96
37,55,92
83,96,179
63,56,119
86,21,107
89,11,100
40,9,49
83,20,103
72,23,95
71,31,102
46,26,72
24,35,59
34,45,79
90,60,150
30,42,72
60,93,153
48,27,75
12,81,93
13,28,41
14,80,94
20,22,42
78,99,177
30,63,93
65,59,124
51,58,109
27,88,115
32,46,78
77,100,177
9,73,82
13,62,75
55,16,71
75,15,90
96,99,195
51,37,88
93,43,136
50,32,82
8,70,78
28,45,73
15,99,114
82,75,157
73,42,115
78,98,176
66,35,101
54,60,114
83,83,166
20,95,115
34,77,111
90,50,140
27,87,114
18,88,106
25,80,105
25,18,43
15,79,94
59,98,157
61,82,143
26,63,89
79,79,158
26,75,101
61,28,89
88,34,122
98,65,163
77,32,109
82,68,150
33,7,40
78,70,148
21,43,64
85,32,117
51,42,93
55,46,101
17,44,61
74,61,135
91,26,117
41,69,110
75,52,127
66,79,145
40,48,88
70,45,115
75,19,94
49,58,107
52,59,111
44,82,126
25,17,42
63,79,142
7,13,20
80,17,97
64,93,157
73,8,81
98,35,133
75,49,124
54,13,67
53,39,92
20,70,90
28,89,117
22,9,31
76,77,153
35,12,47
21,83,104
44,15,59
57,53,110
95,14,109
42,16,58
38,32,70
63,83,146
21,9,30
29,85,114
86,87,173
86,94,180
29,92,121
31,92,123
92,55,147
82,20,102
26,42,68
70,85,155
76,54,130
93,67,160
60,41,101
68,82,150
98,42,140
56,33,89
70,77,147
53,24,77
92,63,155
72,10,82
42,76,118
87,92,179
78,35,113
89,70,159
82,40,122
42,28,70
74,78,152
13,66,79
32,88,120
76,85,161
47,81,128
64,53,117
70,88,158
69,63,132
57,36,93
99,52,151
65,9,74
87,52,139
11,27,38
77,32,109
94,34,128
12,22,34
98,17,115
72,25,97
51,99,150
80,71,151
34,90,124
38,24,62
93,59,152
59,35,94
94,93,187
11,31,42
66,93,159
50,16,66
85,22,107
98,34,132
73,94,167
7,47,54
61,10,71
15,44,59
56,16,72
50,43,93
43,76,119
96,68,164
13,78,91
85,65,150
12,18,30
83,82,165
19,66,85
92,82,174
47,69,116
22,29,51
89,28,117
50,28,78
9,83,92
47,32,79
67,95,162
14,77,91
49,20,69
87,95,182
62,94,156
77,9,86
25,40,65
28,70,98
57,19,76
76,71,147
16,33,49
10,9,19
61,18,79
20,28,48
84,30,114
15,29,44
45,17,62
95,84,179
94,11,105
41,42,83
16,18,34
42,21,63
16,66,82
65,67,132
43,13,56
41,23,64
45,68,113
69,44,113
26,19,45
57,45,102
17,90,107
26,100,126
91,84,175
45,91,136
97,82,179
13,34,47
8,83,91
51,61,112
88,42,130
30,44,74
9,16,25
63,59,122
92,31,123
36,90,126
45,56,101
97,79,176
20,99,119
59,91,150
24,59,83
65,51,116
85,91,176
76,55,131
26,83,109
55,73,128
95,96,191
50,77,127
68,72,140
79,52,131
64,97,161
31,24,55
82,78,160
17,89,106
45,91,136
41,13,54
23,85,108
13,34,47
77,61,138
35,56,91
62,97,159
100,86,186
8,20,28
24,57,81
10,88,98
14,66,80
33,83,116
29,91,120
64,76,140
8,49,57
17,37,54
53,95,148
28,17,45
50,52,102
58,85,143
57,97,154
33,34,67
26,37,63
77,44,121
18,64,82
52,84,136
10,26,36
77,15,92
65,81,146
25,48,73
60,23,83
55,40,95
28,33,61
28,78,106
63,10,73
70,18,88
34,46,80
90,70,160
8,96,104
46,32,78
84,83,167
28,59,87
54,15,69
55,82,137
83,56,139
14,13,27
98,41,139
100,88,188
52,38,90
40,18,58
16,76,92
91,86,177
22,13,35
7,87,94
63,14,77
79,43,122
83,71,154
62,96,158
27,75,102
85,92,177
69,11,80
44,48,92
65,75,140
37,98,135
57,62,119
13,12,25
20,84,104
37,41,78
80,66,146
50,28,78
31,50,81
8,98,106
92,96,188
74,34,108
48,63,111
55,76,131
23,43,66
60,61,121
22,66,88
77,82,159
68,74,142
49,50,99
93,63,156
92,62,154
12,98,110
10,89,99
99,21,120
54,62,116
73,19,92
22,29,51
84,36,120
18,42,60
9,62,71
30,7,37
10,16,26
97,81,178
24,49,73
46,37,83
100,91,191
47,85,132
66,12,78
73,26,99
7,31,38
21,59,80
53,25,78
40,92,132
34,66,100
89,20,109
87,96,183
62,29,91
18,56,74
64,98,162
78,46,124
99,51,150
84,96,180
17,32,49
52,62,114
80,90,170
10,48,58
94,8,102
62,72,134
59,17,76
14,95,109
57,76,133
81,78,159
81,41,122
35,99,134
28,18,46
25,59,84
76,42,118
37,20,57
26,35,61
80,16,96
95,56,151
71,77,148
62,74,136
28,88,116
86,99,185
11,10,21
27,37,64
28,37,65
92,14,106
67,27,94
52,46,98
88,14,102
33,100,133
13,86,99
41,42,83
60,24,84
37,57,94
67,32,99
41,56,97
8,61,69
72,26,98
91,21,112
22,31,53
30,16,46
33,66,99
18,53,71
17,89,106
82,50,132
91,86,177
28,71,99
76,48,124
50,37,87
23,39,62
72,37,109
32,89,121
96,55,151
70,9,79
39,39,78
72,55,127
93,100,193
94,19,113
39,28,67
62,21,83
64,52,116
53,34,87
28,99,127
8,59,67
67,52,119
19,55,74
20,88,108
40,78,118
24,8,32
78,41,119
74,24,98
55,99,154
59,84,143
83,99,182
88,53,141
34,26,60
54,94,148
51,11,62
67,56,123
12,76,88
61,30,91
94,17,111
57,39,96
40,13,53
43,63,106
80,15,95
72,12,84
77,58,135
25,56,81
8,51,59
91,34,125
52,57,109
79,52,131
37,96,133
36,35,71
47,61,108
66,39,105
40,8,48
48,55,103
63,35,98
7,79,86
11,11,22
80,59,139
22,54,76
74,89,163
49,56,105
15,18,33
73,19,92
83,95,178
66,79,145
18,96,114
72,91,163
55,82,137
67,22,89
74,91,165
83,93,176
72,52,124
47,60,107
67,40,107
85,7,92
27,59,86
85,99,184
32,62,94
65,88,153
60,13,73
21,21,42
25,95,120
60,7,67
45,19,64
45,13,58
51,33,84
13,15,28
91,67,158
64,17,81
80,87,167
55,13,68
82,14,96
54,7,61
78,56,134
86,73,159
51,28,79
90,31,121
78,14,92
91,18,109
98,55,153
22,86,108
54,25,79
29,41,70
52,98,150
64,80,144
39,50,89
28,38,66
38,86,124
88,26,114
10,45,55
8,43,51
19,77,96
33,21,54
45,54,99
80,10,90
21,16,37
56,10,66
78,33,111
74,47,121
50,68,118
97,64,161
99,47,146
85,43,128
31,58,89
67,58,125
57,38,95
34,80,114
86,69,155
95,95,190
7,25,32
35,65,100
36,40,76
72,77,149
66,40,106
97,18,115
42,67,109
10,97,107
89,16,105
92,79,171
27,78,105
99,92,191
20,11,31
29,93,122
63,80,143
36,24,60
8,67,75
34,62,96
44,66,110
41,67,108
54,21,75
78,50,128
33,50,83
87,41,128
31,77,108
78,31,109
44,88,132
16,34,50
54,26,80
12,68,80
67,88,155
13,61,74
44,20,64
100,34,134
72,94,166
41,75,116
11,74,85
27,68,95
35,79,114
92,89,181
45,91,136
22,39,61
75,13,88
71,10,81
71,76,147
50,30,80
70,41,111
66,33,99
30,66,96
88,55,143
55,62,117
75,52,127
30,57,87
15,67,82
51,30,81
52,33,85
77,90,167
64,21,85
61,72,133
22,26,48
53,41,94
65,17,82
90,17,107
91,55,146
42,70,112
90,40,130
73,36,109
24,68,92
49,9,58
81,84,165
92,51,143
95,60,155
48,29,77
79,91,170
100,19,119
98,43,141
60,88,148
30,25,55
30,97,127
87,72,159
36,55,91
26,64,90
20,66,86
93,80,173
70,14,84
70,77,147
61,19,80
51,10,61
50,14,64
81,8,89
96,67,163
80,25,105
45,22,67
56,17,73
22,42,64
64,16,80
21,99,120
96,35,131
70,91,161
40,30,70
15,100,115
85,91,176
92,66,158
79,27,106
63,75,138
63,32,95
48,36,84
39,28,67
75,70,145
77,96,173
53,17,70
23,67,90
30,40,70
25,13,38
35,31,66
59,78,137
44,66,110
62,60,122
81,65,146
91,29,120
90,11,101
26,13,39
65,72,137
29,59,88
71,43,114
9,87,96
10,81,91
83,43,126
11,23,34
11,82,93
34,65,99
52,81,133
32,76,108
22,14,36
12,34,46
74,99,173
63,49,112
35,98,133
81,21,102
96,82,178
35,80,115
20,49,69
30,75,105
93,72,165
89,71,160
88,21,109
61,69,130
58,17,75
60,33,93
57,94,151
77,81,158
28,64,92
27,37,64
65,33,98
89,42,131
74,100,174
49,74,123
100,46,146
81,89,170
64,80,144
46,89,135
23,71,94
22,70,92
53,91,144
30,20,50
19,38,57
88,99,187
71,34,105
52,34,86
38,32,70
22,26,48
19,61,80
91,56,147
87,8,95
46,19,65
85,92,177
7,88,95
34,50,84
25,34,59
93,26,119
90,63,153
88,34,122
23,58,81
37,32,69
97,94,191
97,23,120
51,77,128
18,32,50
63,59,122
84,90,174
55,95,150
30,79,109
83,31,114
90,60,150
84,17,101
52,53,105
42,68,110
35,72,107
58,82,140
44,19,63
13,66,79
18,50,68
8,68,76
65,20,85
53,10,63
26,91,117
11,70,81
16,37,53
27,93,120
62,33,95
70,39,109
7,16,23
48,47,95
85,50,135
44,31,75
74,17,91
80,92,172
83,92,175
32,81,113
23,76,99
17,48,65
41,61,102
24,100,124
83,20,103
81,44,125
55,25,80
57,16,73
36,46,82
94,54,148
86,44,130
41,51,92
18,20,38
98,52,150
25,24,49
23,61,84
98,40,138
76,73,149
73,19,92
98,79,177
96,65,161
88,81,169
49,8,57
44,14,58
67,59,126
55,85,140
80,22,102
97,77,174
26,46,72
91,64,155
13,70,83
44,48,92
85,79,164
9,64,73
20,98,118
48,28,76
67,69,136
29,56,85
50,86,136
34,95,129
30,84,114
65,13,78
96,87,183
48,46,94
35,55,90
75,49,124
41,94,135
33,49,82
9,47,56
52,91,143
76,18,94
67,91,158
27,43,70
72,92,164
37,66,103
49,23,72
80,68,148
23,36,59
51,8,59
41,10,51
9,38,47
68,46,114
57,49,106
84,93,177
88,27,115
61,47,108
55,25,80
27,24,51
19,45,64
58,54,112
88,39,127
88,31,119
77,16,93
32,97,129
10,20,30
43,58,101
62,26,88
86,41,127
59,54,113
45,98,143
20,17,37
33,17,50
83,54,137
14,7,21
21,50,71
28,10,38
49,92,141
65,35,100
85,12,97
8,98,106
77,11,88
74,67,141
35,89,124
66,24,90
13,24,37
9,60,69
51,50,101
26,71,97
20,52,72
9,92,101
78,18,96
56,45,101
53,99,152
25,12,37
9,76,85
75,85,160
45,69,114
88,60,148
89,11,100
26,39,65
39,7,46
60,26,86
72,28,100
42,67,109
39,93,132
13,59,72
7,79,86
81,16,97
93,57,150
34,34,68
43,32,75
44,58,102
100,45,145
26,35,61
92,97,189
53,63,116
19,97,116
82,26,108
92,95,187
82,63,145
74,23,97
70,22,92
83,78,161
35,71,106
34,20,54
26,99,125
24,89,113
45,33,78
51,47,98
94,71,165
27,44,71
39,81,120
47,90,137
7,9,16
47,92,139
35,69,104
92,55,147
97,94,191
82,9,91
94,91,185
41,27,68
36,82,118
65,42,107
57,9,66
38,62,100
33,67,100
83,71,154
72,93,165
60,16,76
35,31,66
82,46,128
66,8,74
68,86,154
48,54,102
65,73,138
13,24,37
56,21,77
40,35,75
36,100,136
35,16,51
32,27,59
80,53,133
86,62,148
95,90,185
30,58,88
47,95,142
23,98,121
64,42,106
35,48,83
77,24,101
80,63,143
9,21,30
11,57,68
13,70,83
71,30,101
88,48,136
81,30,111
61,26,87
22,43,65
64,65,129
91,52,143
52,52,104
12,39,51
12,68,80
20,12,32
37,33,70
93,11,104
34,60,94
86,26,112
59,74,133
97,62,159
74,11,85
7,98,105
97,73,170
12,20,32
17,65,82
62,98,160
59,80,139
94,59,153
53,36,89
62,22,84
7,82,89
87,77,164
10,43,53
15,29,44
52,13,65
54,33,87
10,73,83
65,41,106
78,74,152
81,45,126
84,36,120
24,91,115
73,89,162
34,20,54
95,78,173
71,19,90
43,31,74
17,27,44
30,60,90
46,85,131
45,12,57
49,59,108
69,52,121
24,58,82
70,90,160
61,96,157
79,36,115
15,70,85
18,79,97
85,87,172
44,49,93
71,52,123
54,74,128
35,58,93
15,26,41
27,9,36
13,19,32
54,44,98
60,21,81
85,85,170
52,17,69
18,68,86
27,13,40
71,77,148
24,47,71
24,43,67
15,29,44
54,51,105
14,32,46
96,97,193
95,62,157
46,80,126
37,58,95
64,86,150
67,14,81
72,74,146
50,66,116
64,82,146
82,37,119
53,47,100
86,90,176
15,74,89
29,85,114
34,23,57
19,71,90
35,22,57
13,10,23
84,37,121
56,37,93
22,14,36
64,99,163
36,23,59
65,42,107
44,88,132
42,44,86
61,67,128
16,30,46
25,19,44
79,84,163
14,92,106
48,57,105
71,74,145
79,11,90
43,98,141
64,89,153
73,93,166
7,68,75
57,70,127
16,86,102
72,53,125
32,33,65
67,66,133
32,26,58
47,37,84
65,49,114
58,46,104
53,9,62
75,8,83
80,14,94
61,93,154
49,39,88
51,83,134
57,64,121
86,34,120
81,26,107
90,57,147
59,57,116
62,31,93
53,46,99
39,21,60
77,42,119
60,11,71
36,58,94
87,45,132
19,94,113
97,68,165
62,21,83
89,18,107
51,80,131
45,80,125
24,31,55
25,88,113
70,24,94
91,46,137
26,87,113
41,87,128
36,50,86
83,72,155
60,18,78
78,86,164
72,48,120
44,59,103
20,25,45
21,43,64
46,72,118
30,79,109
100,58,158
62,44,106
42,35,77
17,77,94
33,96,129
99,88,187
57,7,64
34,8,42
81,32,113
29,91,120
55,77,132
96,28,124
78,18,96
10,41,51
97,49,146
37,35,72
21,81,102
92,57,149
57,53,110
47,68,115
77,53,130
96,49,145
68,15,83
50,82,132
93,99,192
15,71,86
60,69,129
83,54,137
55,45,100
57,73,130
18,74,92
67,8,75
93,57,150
43,60,103
19,59,78
61,98,159
84,55,139
47,71,118
89,90,179
100,26,126
70,24,94
38,31,69
98,66,164
72,52,124
63,90,153
94,95,189
79,59,138
39,69,108
58,33,91
61,8,69
47,7,54
20,62,82
29,74,103
47,88,135
53,84,137
19,85,104
100,33,133
78,71,149
96,76,172
79,31,110
34,29,63
90,68,158
86,35,121
32,94,126
18,29,47
94,72,166
67,88,155
65,39,104
78,16,94
13,42,55
63,48,111
61,8,69
41,20,61
20,63,83
49,83,132
29,74,103
32,64,96
59,29,88
14,73,87
92,11,103
64,46,110
43,70,113
49,76,125
32,23,55
36,27,63
88,69,157
71,53,124
31,74,105
54,29,83
26,79,105
17,50,67
29,94,123
13,22,35
10,31,41
51,81,132
77,70,147
57,77,134
51,95,146
26,86,112
95,44,139
32,64,96
98,35,133
76,89,165
84,77,161
15,36,51
92,78,170
19,25,44
40,99,139
78,63,141
21,62,83
7,81,88
36,43,79
90,41,131
65,79,144
83,74,157
33,56,89
13,57,70
81,94,175
42,40,82
94,84,178
100,39,139
20,86,106
100,25,125
24,48,72
23,63,86
73,19,92
95,91,186
12,56,68
92,72,164
32,64,96
41,79,120
21,91,112
23,65,88
31,11,42
50,31,81
78,75,153
19,13,32
38,87,125
49,57,106
89,71,160
86,17,103
15,12,27
48,53,101
32,73,105
85,34,119
74,51,125
12,70,82
8,57,65
84,51,135
34,66,100
16,8,24
39,73,112
28,49,77
93,70,163
29,91,120
58,8,66
17,16,33
35,57,92
58,47,105
30,46,76
84,10,94
35,18,53
45,43,88
66,56,122
76,44,120
86,25,111
59,35,94
72,65,137
41,67,108
65,84,149
99,25,124
74,59,133
22,28,50
84,12,96
89,53,142
47,24,71
27,31,58
43,53,96
61,55,116
98,46,144
96,87,183
36,34,70
66,92,158
96,61,157
98,87,185
56,95,151
81,63,144
66,54,120
66,24,90
81,65,146
86,36,122
65,75,140
16,18,34
52,14,66
99,21,120
93,35,128
16,69,85
98,38,136
50,47,97
54,32,86
81,25,106
98,88,186
90,75,165
12,39,51
82,12,94
38,25,63
90,82,172
7,29,36
70,18,88
98,87,185
86,54,140
54,14,68
41,48,89
17,91,108
12,47,59
17,79,96
54,73,127
50,13,63
70,24,94
86,83,169
13,28,41
40,92,132
46,22,68
36,8,44
59,74,133
72,79,151
87,78,165
71,83,154
46,43,89
85,68,153
7,62,69
17,54,71
52,48,100
9,35,44
21,28,49
32,24,56
18,62,80
34,68,102
43,14,57
51,62,113
18,92,110
67,55,122
77,64,141
66,80,146
59,19,78
99,57,156
86,14,100
44,29,73
95,44,139
40,13,53
70,24,94
60,33,93
44,37,81
53,22,75
25,71,96
16,42,58
8,36,44
66,55,121
98,62,160
80,79,159
56,59,115
94,79,173
54,20,74
83,19,102
80,44,124
30,91,121
100,86,186
67,71,138
29,16,45
17,64,81
24,65,89
94,37,131
57,62,119
10,73,83
22,76,98
68,83,151
39,82,121
16,87,103
67,92,159
86,99,185
29,78,107
23,20,43
79,12,91
18,69,87
63,41,104
99,44,143
78,65,143
8,98,106
25,29,54
7,66,73
54,17,71
53,47,100
43,94,137
72,59,131
25,97,122
18,83,101
65,93,158
31,69,100
48,16,64
83,38,121
58,28,86
42,72,114
48,30,78
63,98,161
40,96,136
80,39,119
16,44,60
58,51,109
59,20,79
26,27,53
81,81,162
76,87,163
67,13,80
95,65,160
32,69,101
49,13,62
94,34,128
70,98,168
29,58,87
88,12,100
41,44,85
18,84,102
59,55,114
95,56,151
93,59,152
59,88,147
97,20,117
13,50,63
66,92,158
57,74,131
14,73,87
49,96,145
93,9,102
71,39,110
11,69,80
86,92,178
49,8,57
92,83,175
17,38,55
64,60,124
10,45,55
48,77,125
97,21,118
20,56,76
82,93,175
40,29,69
20,12,32
37,95,132
73,52,125
59,46,105
87,8,95
33,49,82
49,33,82
81,19,100
25,52,77
52,42,94
52,70,122
55,43,98
97,31,128
77,41,118
85,32,117
88,46,134
44,69,113
82,57,139
26,69,95
89,74,163
7,80,87
11,40,51
89,36,125
90,58,148
71,24,95
88,10,98
32,88,120
13,43,56
78,7,85
60,49,109
75,52,127
56,25,81
100,85,185
81,55,136
66,69,135
19,61,80
43,37,80
67,27,94
60,92,152
46,79,125
88,29,117
17,20,37
15,9,24
47,35,82
97,69,166
60,85,145
33,15,48
40,91,131
96,48,144
22,12,34
80,8,88
16,95,111
33,39,72
29,63,92
77,31,108
18,82,100
60,58,118
64,40,104
64,71,135
25,85,110
78,9,87
82,82,164
53,41,94
97,44,141
93,70,163
28,33,61
60,11,71
57,72,129
28,96,124
40,57,97
68,98,166
93,54,147
30,30,60
9,59,68
84,87,171
20,71,91
76,79,155
30,63,93
85,75,160
66,69,135
58,99,157
64,79,143
29,38,67
51,40,91
41,47,88
12,89,101
37,27,64
74,100,174
17,82,99
59,86,145
26,78,104
78,20,98
29,69,98
91,57,148
73,13,86
66,66,132
85,32,117
39,61,100
11,12,23
12,74,86
18,45,63
86,21,107
72,15,87
26,38,64
31,61,92
91,63,154
96,60,156
8,7,15
25,29,54
22,86,108
100,93,193
29,65,94
60,63,123
34,54,88
85,37,122
84,83,167
33,49,82
73,66,139
57,58,115
40,77,117
90,44,134
12,74,86
23,66,89
8,96,104
18,41,59
93,30,123
85,57,142
22,94,116
22,71,93
51,32,83
88,39,127
69,65,134
66,69,135
13,21,34
65,29,94
26,76,102
43,51,94
28,48,76
48,10,58
81,91,172
51,45,96
59,95,154
44,25,69
92,69,161
89,78,167
32,58,90
52,71,123
66,94,160
86,16,102
25,84,109
85,21,106
90,38,128
78,63,141
43,44,87
53,51,104
76,68,144
86,30,116
99,12,111
99,13,112
89,97,186
75,49,124
9,70,79
33,68,101
97,7,104
19,7,26
65,42,107
90,21,111
65,39,104
83,27,110
66,17,83
70,13,83
80,8,88
34,29,63
57,40,97
72,15,87
79,63,142
24,63,87
30,62,92
19,12,31
98,79,177
22,99,121
68,61,129
77,33,110
90,78,168
32,38,70
51,56,107
25,30,55
37,20,57
80,57,137
17,39,56
93,31,124
90,67,157
19,95,114
48,100,148
63,90,153
24,47,71
71,56,127
51,95,146
29,83,112
99,94,193
95,55,150
82,74,156
41,60,101
8,66,74
60,83,143
54,65,119
23,53,76
67,11,78
14,96,110
19,42,61
72,25,97
18,99,117
67,56,123
25,50,75
78,89,167
90,7,97
84,62,146
81,13,94
41,72,113
100,70,170
64,100,164
28,35,63
52,51,103
52,34,86
46,20,66
73,53,126
87,22,109
16,93,109
7,96,103
48,36,84
24,47,71
15,71,86
23,9,32
98,85,183
66,20,86
17,21,38
67,10,77
32,35,67
43,26,69
96,45,141
54,31,85
95,43,138
81,12,93
64,24,88
17,87,104
11,59,70
72,64,136
30,12,42
9,85,94
64,12,76
10,100,110
8,11,19
59,60,119
35,7,42
92,90,182
29,16,45
20,16,36
63,40,103
18,93,111
44,82,126
12,50,62
83,77,160
46,18,64
16,51,67
48,41,89
10,19,29
8,99,107
27,33,60
74,13,87
84,23,107
40,41,81
87,47,134
44,70,114
17,70,87
70,82,152
79,8,87
38,62,100
7,84,91
63,9,72
76,49,125
72,97,169
85,48,133
94,7,101
50,28,78
26,43,69
66,98,164
64,50,114
68,46,114
96,91,187
63,37,100
8,66,74
38,76,114
90,16,106
16,95,111
56,59,115
15,69,84
62,10,72
21,93,114
94,54,148
40,20,60
85,59,144
87,68,155
64,66,130
28,8,36
53,83,136
37,48,85
96,75,171
74,24,98
45,82,127
67,79,146
96,85,181
38,94,132
94,98,192
71,100,171
47,17,64
65,88,153
51,60,111
95,78,173
19,15,34
59,75,134
43,72,115
54,79,133
39,22,61
52,62,114
15,73,88
76,100,176
36,27,63
7,40,47
17,48,65
13,36,49
15,49,64
61,25,86
77,22,99
43,25,68
20,16,36
34,64,98
11,64,75
35,50,85
85,68,153
25,22,47
34,41,75
34,63,97
46,87,133
59,80,139
57,85,142
48,50,98
92,62,154
40,66,106
18,78,96
67,87,154
55,62,117
54,82,136
18,37,55
55,39,94
8,29,37
32,87,119
43,21,64
8,56,64
83,11,94
26,11,37
26,63,89
14,41,55
59,56,115
71,34,105
23,25,48
11,84,95
78,89,167
39,75,114
53,92,145
83,69,152
86,15,101
25,33,58
34,36,70
31,76,107
68,90,158
66,91,157
39,39,78
41,90,131
13,38,51
71,45,116
53,40,93
52,79,131
98,97,195
33,27,60
96,92,188
72,47,119
85,33,118
35,35,70
69,10,79
84,48,132
59,57,116
21,66,87
49,83,132
95,75,170
79,100,179
57,91,148
88,90,178
82,89,171
56,68,124
18,45,63
41,20,61
29,55,84
13,70,83
28,89,117
97,91,188
42,85,127
95,65,160
43,67,110
23,70,93
31,58,89
81,76,157
13,14,27
36,24,60
44,67,111
83,39,122
65,22,87
68,29,97
100,31,131
7,35,42
94,60,154
11,82,93
36,73,109
81,79,160
10,79,89
12,61,73
77,94,171
54,15,69
32,83,115
60,15,75
81,18,99
9,13,22
26,85,111
13,33,46
82,83,165
50,72,122
92,30,122
82,73,155
52,24,76
18,38,56
19,11,30
84,91,175
11,60,71
31,15,46
17,46,63
46,82,128
39,51,90
59,91,150
72,88,160
97,55,152
65,98,163
17,44,61
72,45,117
94,69,163
12,21,33
63,18,81
63,58,121
27,82,109
12,95,107
97,18,115
42,53,95
66,26,92
22,7,29
15,100,115
16,80,96
20,42,62
7,43,50
54,28,82
89,79,168
77,56,133
47,20,67
43,64,107
31,91,122
85,83,168
27,12,39
84,92,176
58,41,99
44,37,81
12,11,23
73,52,125
96,83,179
66,16,82
87,61,148
48,65,113
88,17,105
100,44,144
20,50,70
67,66,133
64,43,107
46,15,61
93,50,143
14,13,27
26,57,83
68,26,94
63,22,85
45,14,59
50,11,61
20,33,53
56,57,113
92,87,179
90,97,187
89,38,127
30,38,68
53,38,91
71,84,155
68,60,128
12,87,99
86,55,141
65,16,81
84,67,151
91,74,165
17,23,40
61,92,153
84,74,158
11,52,63
99,77,176
61,97,158
95,30,125
68,45,113
71,16,87
37,33,70
86,50,136
76,57,133
47,88,135
51,73,124
12,81,93
58,42,100
54,44,98
72,46,118
21,63,84
86,100,186
13,53,66
98,13,111
98,67,165
92,93,185
74,28,102
84,89,173
38,72,110
31,73,104
57,36,93
31,28,59
78,7,85
56,84,140
52,68,120
76,25,101
89,28,117
28,16,44
55,53,108
82,69,151
86,49,135
32,88,120
99,75,174
11,68,79
17,37,54
12,66,78
84,77,161
55,79,134
64,67,131
30,51,81
27,51,78
15,75,90
22,29,51
25,16,41
79,35,114
34,40,74
10,16,26
100,17,117
90,90,180
68,67,135
19,35,54
65,39,104
61,39,100
48,41,89
27,53,80
7,21,28
87,81,168
98,57,155
36,27,63
51,13,64
92,63,155
51,54,105
80,51,131
92,49,141
87,87,174
46,14,60
65,92,157
78,73,151
71,27,98
93,44,137
15,33,48
89,47,136
30,25,55
16,59,75
93,7,100
54,61,115
59,60,119
29,56,85
83,84,167
48,60,108
8,94,102
77,71,148
64,62,126
91,91,182
41,26,67
24,44,68
37,20,57
32,34,66
89,35,124
20,68,88
58,53,111
25,54,79
48,84,132
66,85,151
57,20,77
69,23,92
63,79,142
88,47,135
92,19,111
13,91,104
75,26,101
55,71,126
34,34,68
65,99,164
51,18,69
8,38,46
77,35,112
91,82,173
11,11,22
15,44,59
89,51,140
66,85,151
57,15,72
69,83,152
75,46,121
81,71,152
69,76,145
86,9,95
91,31,122
33,99,132
76,99,175
34,37,71
20,71,91
17,24,41
79,94,173
92,94,186
18,33,51
14,55,69
97,24,121
62,9,71
92,89,181
75,67,142
81,14,95
21,83,104
18,73,91
16,18,34
91,78,169
41,90,131
59,98,157
52,31,83
96,63,159
67,50,117
22,39,61
66,33,99
31,25,56
81,50,131
10,68,78
12,28,40
33,95,128
59,62,121
74,82,156
88,34,122
25,50,75
12,24,36
15,35,50
45,73,118
45,56,101
20,40,60
45,70,115
93,97,190
21,58,79
29,43,72
74,72,146
21,20,41
85,78,163
85,58,143
36,99,135
47,62,109
52,96,148
60,29,89
50,14,64
33,71,104
25,62,87
49,69,118
60,31,91
86,14,100
76,17,93
24,93,117
43,53,96
25,72,97
62,49,111
70,98,168
28,46,74
19,96,115
33,40,73
69,86,155
21,56,77
49,74,123
51,63,114
91,37,128
68,79,147
12,9,21
41,12,53
77,37,114
99,41,140
69,31,100
24,8,32
10,80,90
52,94,146
19,81,100
96,16,112
9,79,88
75,20,95
17,94,111
40,92,132
90,69,159
56,56,112
71,36,107
30,91,121
73,95,168
90,23,113
50,45,95
61,7,68
77,87,164
16,80,96
47,99,146
44,61,105
39,78,117
84,12,96
43,82,125
19,14,33
76,20,96
19,25,44
81,93,174
83,24,107
67,50,117
82,9,91
47,30,77
55,52,107
25,59,84
37,52,89
14,81,95
90,56,146
94,15,109
65,86,151
100,35,135
89,97,186
69,95,164
97,86,183
99,30,129
53,91,144
72,34,106
78,10,88
77,23,100
13,14,27
68,41,109
61,74,135
100,61,161
10,10,20
82,50,132
28,77,105
49,94,143
93,28,121
89,54,143
61,84,145
28,89,117
79,67,146
36,75,111
85,16,101
82,18,100
51,19,70
44,46,90
17,41,58
34,81,115
28,88,116
70,10,80
64,15,79
53,84,137
76,44,120
14,63,77
39,67,106
61,8,69
20,46,66
53,9,62
18,28,46
30,34,64
43,13,56
55,12,67
35,32,67
14,27,41
50,49,99
44,77,121
31,59,90
92,28,120
51,20,71
73,19,92
84,44,128
76,44,120
41,46,87
83,72,155
63,52,115
33,33,66
34,37,71
8,58,66
62,79,141
47,13,60
58,79,137
81,93,174
22,50,72
68,97,165
31,53,84
92,40,132
35,54,89
11,88,99
55,80,135
55,41,96
64,93,157
79,92,171
36,97,133
73,31,104
93,52,145
29,71,100
46,8,54
35,44,79
83,73,156
76,52,128
11,33,44
14,15,29
24,59,83
21,98,119
90,93,183
47,14,61
84,13,97
63,90,153
22,97,119
80,72,152
54,60,114
12,96,108
79,73,152
7,52,59
87,82,169
42,29,71
93,93,186
17,33,50
87,34,121
42,75,117
19,44,63
35,57,92
55,42,97
34,62,96
56,42,98
51,26,77
41,100,141
52,54,106
20,72,92
57,93,150
100,80,180
95,68,163
63,91,154
35,95,130
45,25,70
21,41,62
92,55,147
53,68,121
68,29,97
86,87,173
83,8,91
72,65,137
67,74,141
26,73,99
45,26,71
75,67,142
50,92,142
83,26,109
57,39,96
82,45,127
98,69,167
56,83,139
56,68,124
50,24,74
51,8,59
39,74,113
63,52,115
53,34,87
66,38,104
61,53,114
70,18,88
34,68,102
90,82,172
17,7,24
96,36,132
13,38,51
54,33,87
38,75,113
34,56,90
20,53,73
20,88,108
40,85,125
97,46,143
64,54,118
88,13,101
18,63,81
46,19,65
46,62,108
57,74,131
92,31,123
77,82,159
18,66,84
87,46,133
53,64,117
18,31,49
35,45,80
63,78,141
83,72,155
77,27,104
11,47,58
44,8,52
78,36,114
60,21,81
100,82,182
64,31,95
75,7,82
78,100,178
57,72,129
51,32,83
24,30,54
83,60,143
44,75,119
53,79,132
74,23,97
100,80,180
43,39,82
47,100,147
89,60,149
47,96,143
64,33,97
65,58,123
49,100,149
99,34,133
25,74,99
97,51,148
43,94,137
91,11,102
12,56,68
76,99,175
50,44,94
19,14,33
27,73,100
47,84,131
19,92,111
40,58,98
36,96,132
92,24,116
69,58,127
80,82,162
64,76,140
54,64,118
68,20,88
14,59,73
77,98,175
79,91,170
83,14,97
71,20,91
91,87,178
50,36,86
13,100,113
38,27,65
88,43,131
9,45,54
39,55,94
22,98,120
28,72,100
45,8,53
32,16,48
97,61,158
91,25,116
91,9,100
49,97,146
24,62,86
91,80,171
62,35,97
27,36,63
30,42,72
19,53,72
90,17,107
74,49,123
68,49,117
75,33,108
19,65,84
66,39,105
38,21,59
32,21,53
45,86,131
35,19,54
78,24,102
74,65,139
13,33,46
45,23,68
45,78,123
51,23,74
25,68,93
47,98,145
85,95,180
99,11,110
22,95,117
25,98,123
45,15,60
22,45,67
97,20,117
62,71,133
67,37,104
81,61,142
14,81,95
43,65,108
54,67,121
9,37,46
24,64,88
43,77,120
17,87,104
31,57,88
61,87,148
90,16,106
57,93,150
38,60,98
13,39,52
79,17,96
76,8,84
49,24,73
36,9,45
92,88,180
69,32,101
58,26,84
51,83,134
73,45,118
22,15,37
66,79,145
79,77,156
11,35,46
47,96,143
16,57,73
92,43,135
59,68,127
66,54,120
62,73,135
64,24,88
12,42,54
55,76,131
25,45,70
52,51,103
38,43,81
45,43,88
19,47,66
22,78,100
80,10,90
91,73,164
59,33,92
27,29,56
42,76,118
82,67,149
62,95,157
47,91,138
43,29,72
92,75,167
35,8,43
63,60,123
76,23,99
11,64,75
43,11,54
40,86,126
62,95,157
51,49,100
47,67,114
47,33,80
63,65,128
19,62,81
72,63,135
79,60,139
68,27,95
10,50,60
35,93,128
85,51,136
17,48,65
40,9,49
43,22,65
57,84,141
49,89,138
70,17,87
53,16,69
33,36,69
93,66,159
13,25,38
29,83,112
39,18,57
37,99,136
15,15,30
61,24,85
65,71,136
91,89,180
87,35,122
70,97,167
11,39,50
19,67,86
49,23,72
53,42,95
83,91,174
74,78,152
73,40,113
27,37,64
52,73,125
37,37,74
95,89,184
90,77,167
38,9,47
93,67,160
20,51,71
96,9,105
49,51,100
13,47,60
89,39,128
18,60,78
74,96,170
70,83,153
25,15,40
56,36,92
46,50,96
22,90,112
66,13,79
76,95,171
15,67,82
55,69,124
61,32,93
33,98,131
75,85,160
12,72,84
66,57,123
97,98,195
77,46,123
43,87,130
65,69,134
92,39,131
89,93,182
18,40,58
83,84,167
90,76,166
76,50,126
21,76,97
89,16,105
58,12,70
53,21,74
80,96,176
35,12,47
79,55,134
50,92,142
14,61,75
68,64,132
16,64,80
59,95,154
53,94,147
65,45,110
24,30,54
40,87,127
10,70,80
51,41,92
60,74,134
47,11,58
8,94,102
82,7,89
66,17,83
99,99,198
50,32,82
42,37,79
40,42,82
82,100,182
90,37,127
38,85,123
18,25,43
52,100,152
22,29,51
71,80,151
47,59,106
45,70,115
75,32,107
77,40,117
85,88,173
54,70,124
18,30,48
65,7,72
33,83,116
96,19,115
63,52,115
62,47,109
73,88,161
90,36,126
68,48,116
30,24,54
57,73,130
71,82,153
48,53,101
50,97,147
34,71,105
94,47,141
70,94,164
41,95,136
48,10,58
77,40,117
93,27,120
45,79,124
92,70,162
62,29,91
34,72,106
17,9,26
40,43,83
80,83,163
46,79,125
65,57,122
33,13,46
96,61,157
90,74,164
84,18,102
99,71,170
64,20,84
10,53,63
91,97,188
85,34,119
85,37,122
41,53,94
40,88,128
85,49,134
20,92,112
96,73,169
71,17,88
56,51,107
69,52,121
83,73,156
19,97,116
80,57,137
55,65,120
49,65,114
40,47,87
82,52,134
47,77,124
31,42,73
61,76,137
70,55,125
24,32,56
56,85,141
40,31,71
11,15,26
21,64,85
81,86,167
78,99,177
9,82,91
36,90,126
65,18,83
25,47,72
32,7,39
63,38,101
7,89,96
78,19,97
74,92,166
78,53,131
21,26,47
22,69,91
50,77,127
87,76,163
30,33,63
15,37,52
55,36,91
98,43,141
73,32,105
78,11,89
47,51,98
46,73,119
57,15,72
66,53,119
31,95,126
94,77,171
15,31,46
53,71,124
24,11,35
58,48,106
91,18,109
48,54,102
86,57,143
56,59,115
10,7,17
93,64,157
91,37,128
80,91,171
53,38,91
39,66,105
59,60,119
61,55,116
78,84,162
39,27,66
84,98,182
8,32,40
28,36,64
80,62,142
78,70,148
38,41,79
43,20,63
70,10,80
21,76,97
31,67,98
66,97,163
38,79,117
17,26,43
17,27,44
22,62,84
68,71,139
32,13,45
64,10,74
58,19,77
40,99,139
60,16,76
74,47,121
71,16,87
97,55,152
64,29,93
100,19,119
92,85,177
60,72,132
42,74,116
100,86,186
70,78,148
13,46,59
63,45,108
45,34,79
38,41,79
13,83,96
97,16,113
17,40,57
19,30,49
64,38,102
88,50,138
29,39,68
86,63,149
37,77,114
89,92,181
85,77,162
28,96,124
13,15,28
10,52,62
10,29,39
53,90,143
59,20,79
53,73,126
53,94,147
66,90,156
93,80,173
67,56,123
23,90,113
68,93,161
77,84,161
90,81,171
44,82,126
31,79,110
88,29,117
81,98,179
71,83,154
98,93,191
28,66,94
97,41,138
9,17,26
27,96,123
54,56,110
62,64,126
62,93,155
82,58,140
80,37,117
18,77,95
27,48,75
77,7,84
73,82,155
56,71,127
60,7,67
92,70,162
48,71,119
27,85,112
60,59,119
48,67,115
83,11,94
60,68,128
80,100,180
88,85,173
85,95,180
58,55,113
10,88,98
24,12,36
8,28,36
100,86,186
42,9,51
21,55,76
40,41,81
39,97,136
53,46,99
35,25,60
53,30,83
28,35,63
80,15,95
94,31,125
23,63,86
74,11,85
18,95,113
48,48,96
83,80,163
71,53,124
52,61,113
61,7,68
40,73,113
80,37,117
97,22,119
64,31,95
53,51,104
25,38,63
19,33,52
79,66,145
47,72,119
34,7,41
63,17,80
86,9,95
40,15,55
100,8,108
70,91,161
14,46,60
18,19,37
97,64,161
92,72,164
24,40,64
62,38,100
34,38,72
35,54,89
30,11,41
33,91,124
41,83,124
16,72,88
95,33,128
87,21,108
71,24,95
19,46,65
86,96,182
15,70,85
30,31,61
79,16,95
53,74,127
12,72,84
92,61,153
51,23,74
23,92,115
45,90,135
7,92,99
92,54,146
75,98,173
60,97,157
78,23,101
14,44,58
85,68,153
83,71,154
97,64,161
9,39,48
24,71,95
92,65,157
38,36,74
74,65,139
91,50,141
11,7,18
34,38,72
71,67,138
56,8,64
99,50,149
99,92,191
19,73,92
32,38,70
49,24,73
89,94,183
68,32,100
49,8,57
16,96,112
71,82,153
95,18,113
56,90,146
39,94,133
89,75,164
69,55,124
98,77,175
84,75,159
33,90,123
60,39,99
50,40,90
89,57,146
13,19,32
66,13,79
13,83,96
13,45,58
46,75,121
77,83,160
38,28,66
41,67,108
41,44,85
99,69,168
43,7,50
94,64,158
24,29,53
19,23,42
14,32,46
90,83,173
68,85,153
48,87,135
86,74,160
33,48,81
14,20,34
72,57,129
98,59,157
78,50,128
100,56,156
25,73,98
84,32,116
81,82,163
9,62,71
93,51,144
91,58,149
63,89,152
55,75,130
47,88,135
14,35,49
72,35,107
21,34,55
81,85,166
67,79,146
64,19,83
14,75,89
75,84,159
45,57,102
31,95,126
48,33,81
85,52,137
48,36,84
46,58,104
57,65,122
37,30,67
15,76,91
74,30,104
39,34,73
69,72,141
33,97,130
10,57,67
27,38,65
51,81,132
40,99,139
36,51,87
46,93,139
10,61,71
93,17,110
74,17,91
45,60,105
47,17,64
38,10,48
22,59,81
84,38,122
100,67,167
50,12,62
44,45,89
68,44,112
79,95,174
13,84,97
23,37,60
55,41,96
94,20,114
78,90,168
68,82,150
41,27,68
85,90,175
11,62,73
54,37,91
52,85,137
51,81,132
69,66,135
32,22,54
67,48,115
78,68,146
30,85,115
38,23,61
31,52,83
49,99,148
97,13,110
44,70,114
55,69,124
23,10,33
64,35,99
50,49,99
22,85,107
60,13,73
26,8,34
76,51,127
25,70,95
82,24,106
12,79,91
49,54,103
62,90,152
58,32,90
43,23,66
21,70,91
65,58,123
36,86,122
7,55,62
85,16,101
45,38,83
78,51,129
11,25,36
42,47,89
50,31,81
63,26,89
53,44,97
87,39,126
75,15,90
8,40,48
26,50,76
53,10,63
84,87,171
24,41,65
60,14,74
19,91,110
87,72,159
47,69,116
50,19,69
58,22,80
47,76,123
81,20,101
44,62,106
79,73,152
12,12,24
76,70,146
19,22,41
62,99,161
52,92,144
57,16,73
26,62,88
10,26,36
16,31,47
97,82,179
95,85,180
38,68,106
83,85,168
13,10,23
98,57,155
71,69,140
67,28,95
32,86,118
91,29,120
79,58,137
39,28,67
84,52,136
67,14,81
78,100,178
24,72,96
86,87,173
15,46,61
98,79,177
13,49,62
59,39,98
68,51,119
55,7,62
91,92,183
95,49,144
75,87,162
90,96,186
28,99,127
86,98,184
17,90,107
35,19,54
31,67,98
38,29,67
15,48,63
94,26,120
10,9,19
96,93,189
64,20,84
35,13,48
32,40,72
48,87,135
72,87,159
52,62,114
54,13,67
46,57,103
89,43,132
9,48,57
7,73,80
76,12,88
17,43,60
92,34,126
88,51,139
24,94,118
76,63,139
41,34,75
18,78,96
62,81,143
14,32,46
7,77,84
63,72,135
97,73,170
42,74,116
63,100,163
12,48,60
71,20,91
58,44,102
57,65,122
40,27,67
59,25,84
9,62,71
67,86,153
26,51,77
25,11,36
13,90,103
35,84,119
82,19,101
59,53,112
45,66,111
16,45,61
71,17,88
34,21,55
34,89,123
11,9,20
41,56,97
78,33,111
44,87,131
44,67,111
76,76,152
91,12,103
63,15,78
81,79,160
88,22,110
40,93,133
58,88,146
46,15,61
38,38,76
60,12,72
47,58,105
26,69,95
78,31,109
90,80,170
51,80,131
67,35,102
12,97,109
84,8,92
57,76,133
16,98,114
58,46,104
80,8,88
88,91,179
97,28,125
47,63,110
29,24,53
98,74,172
48,46,94
99,10,109
91,86,177
14,98,112
96,54,150
92,11,103
29,58,87
16,95,111
13,90,103
12,7,19
69,83,152
61,14,75
11,37,48
28,83,111
93,95,188
10,97,107
8,43,51
81,17,98
89,80,169
82,32,114
7,93,100
88,81,169
68,19,87
10,15,25
54,58,112
61,95,156
84,26,110
41,89,130
8,30,38
11,84,95
23,27,50
11,17,28
71,53,124
19,37,56
19,99,118
48,43,91
83,51,134
41,69,110
72,32,104
34,46,80
45,59,104
74,92,166
49,40,89
78,64,142
47,77,124
46,83,129
57,39,96
54,96,150
43,83,126
21,81,102
80,35,115
38,26,64
55,45,100
16,77,93
62,25,87
13,92,105
20,30,50
7,61,68
76,62,138
98,49,147
18,19,37
63,31,94
100,9,109
11,16,27
78,21,99
19,94,113
53,27,80
34,34,68
80,60,140
24,18,42
39,38,77
67,47,114
31,36,67
16,41,57
58,97,155
23,70,93
28,76,104
17,8,25
64,58,122
48,53,101
69,19,88
9,63,72
97,55,152
19,44,63
42,7,49
69,79,148
57,29,86
32,88,120
74,60,134
12,53,65
87,7,94
10,24,34
53,86,139
96,78,174
71,34,105
47,42,89
88,61,149
84,47,131
11,44,55
77,17,94
67,39,106
45,42,87
50,66,116
89,99,188
94,53,147
53,23,76
80,26,106
69,21,90
53,19,72
71,13,84
29,67,96
52,87,139
43,23,66
85,39,124
64,13,77
15,65,80
98,84,182
41,69,110
86,64,150
28,12,40
95,96,191
33,37,70
68,32,100
28,91,119
21,72,93
95,32,127
21,7,28
87,34,121
66,97,163
25,69,94
13,90,103
70,17,87
88,22,110
63,13,76
48,88,136
84,39,123
70,84,154
92,24,116
47,16,63
39,97,136
49,82,131
17,17,34
84,76,160
98,29,127
46,65,111
62,92,154
89,14,103
69,84,153
87,16,103
66,62,128
70,100,170
23,37,60
51,100,151
66,43,109
44,69,113
42,7,49
21,64,85
59,56,115
86,9,95
19,81,100
60,69,129
20,50,70
91,36,127
71,98,169
74,72,146
55,10,65
20,9,29
71,68,139
81,65,146
95,59,154
54,69,123
73,45,118
16,8,24
49,58,107
88,49,137
42,39,81
100,62,162
78,56,134
57,54,111
19,76,95
63,76,139
9,41,50
100,78,178
97,37,134
92,77,169
38,50,88
93,8,101
80,37,117
86,57,143
81,33,114
44,64,108
53,26,79
33,80,113
94,52,146
44,92,136
67,59,126
96,85,181
87,54,141
69,49,118
28,98,126
65,26,91
92,7,99
51,89,140
83,14,97
58,28,86
85,40,125
66,63,129
47,12,59
85,26,111
26,69,95
79,52,131
59,30,89
37,21,58
7,33,40
7,9,16
92,85,177
37,72,109
46,41,87
49,7,56
86,43,129
51,56,107
64,58,122
28,67,95
64,42,106
61,40,101
77,56,133
7,54,61
79,95,174
68,33,101
45,41,86
81,14,95
67,85,152
92,89,181
42,82,124
91,79,170
41,7,48
8,27,35
16,51,67
79,45,124
69,19,88
93,55,148
48,73,121
19,51,70
52,25,77
58,71,129
64,63,127
33,39,72
33,74,107
15,84,99
93,65,158
34,47,81
82,84,166
20,46,66
87,44,131
97,62,159
35,34,69
81,36,117
14,15,29
72,70,142
59,47,106
76,66,142
11,35,46
43,57,100
99,34,133
20,50,70
73,48,121
21,99,120
77,97,174
42,62,104
49,24,73
83,28,111
14,54,68
32,71,103
78,58,136
30,82,112
82,50,132
74,67,141
9,15,24
76,53,129
100,13,113
51,81,132
87,96,183
9,76,85
20,40,60
33,97,130
29,86,115
78,54,132
56,94,150
74,88,162
15,51,66
61,96,157
10,41,51
39,88,127
90,35,125
70,89,159
41,24,65
73,94,167
97,89,186
40,86,126
45,74,119
92,17,109
35,54,89
86,96,182
45,8,53
95,21,116
49,49,98
8,79,87
67,95,162
44,66,110
73,72,145
100,9,109
72,12,84
25,91,116
22,87,109
65,85,150
9,100,109
63,48,111
30,14,44
83,87,170
89,69,158
92,47,139
63,84,147
21,83,104
27,84,111
87,52,139
7,19,26
99,9,108
68,98,166
41,77,118
96,57,153
24,62,86
30,85,115
12,90,102
22,40,62
33,39,72
78,18,96
37,71,108
62,99,161
28,32,60
67,65,132
31,70,101
45,79,124
81,45,126
85,80,165
68,89,157
19,26,45
44,72,116
31,12,43
16,61,77
78,94,172
31,96,127
67,48,115
20,30,50
33,67,100
23,27,50
10,71,81
62,41,103
9,72,81
59,58,117
51,15,66
8,40,48
50,28,78
60,39,99
59,82,141
71,9,80
46,51,97
87,87,174
88,74,162
44,44,88
18,44,62
45,31,76
93,91,184
92,41,133
47,92,139
78,36,114
81,28,109
11,63,74
54,79,133
16,92,108
90,34,124
98,93,191
83,57,140
17,72,89
40,75,115
69,50,119
59,15,74
12,17,29
91,74,165
38,80,118
52,98,150
29,37,66
76,19,95
10,78,88
88,33,121
39,53,92
39,26,65
32,34,66
59,10,69
54,8,62
13,47,60
36,89,125
75,19,94
19,20,39
27,74,101
32,87,119
40,66,106
38,14,52
44,97,141
98,29,127
49,86,135
24,46,70
60,29,89
48,96,144
75,77,152
99,9,108
19,30,49
38,20,58
78,73,151
13,99,112
13,23,36
74,99,173
34,83,117
23,48,71
42,14,56
98,32,130
29,46,75
84,83,167
82,77,159
47,98,145
17,76,93
85,36,121
46,12,58
52,92,144
63,24,87
76,11,87
28,20,48
57,64,121
12,87,99
11,60,71
48,35,83
49,66,115
52,59,111
33,62,95
36,70,106
84,26,110
65,83,148
47,42,89
68,70,138
44,14,58
62,70,132
56,100,156
72,85,157
63,57,120
64,69,133
83,78,161
87,69,156
70,88,158
15,85,100
95,34,129
63,89,152
17,18,35
75,99,174
11,27,38
66,16,82
67,27,94
12,57,69
41,67,108
96,48,144
59,10,69
13,10,23
29,57,86
14,10,24
41,19,60
99,64,163
17,96,113
14,29,43
10,99,109
99,30,129
44,74,118
20,18,38
15,87,102
46,22,68
34,36,70
59,47,106
72,63,135
95,91,186
71,94,165
23,36,59
80,42,122
100,59,159
63,64,127
30,25,55
75,23,98
14,71,85
89,27,116
15,84,99
53,53,106
33,97,130
26,87,113
24,7,31
11,47,58
97,49,146
51,45,96
66,60,126
8,34,42
75,40,115
51,52,103
18,71,89
10,41,51
69,12,81
79,75,154
85,84,169
66,70,136
15,92,107
46,39,85
59,93,152
81,62,143
30,15,45
54,32,86
51,7,58
75,17,92
43,69,112
57,49,106
15,35,50
46,45,91
89,26,115
52,94,146
85,98,183
99,50,149
25,99,124
24,54,78
51,40,91
31,57,88
82,26,108
18,53,71
9,62,71
48,44,92
23,17,40
38,75,113
63,35,98
15,53,68
32,77,109
73,17,90
41,94,135
42,16,58
86,66,152
59,50,109
84,29,113
20,11,31
93,58,151
19,94,113
65,65,130
23,76,99
78,53,131
62,86,148
23,90,113
17,84,101
54,80,134
45,27,72
81,53,134
63,71,134
38,55,93
42,30,72
43,65,108
20,31,51
34,99,133
83,18,101
34,52,86
45,7,52
39,75,114
43,52,95
29,91,120
46,25,71
85,8,93
47,74,121
32,33,65
48,72,120
72,21,93
21,23,44
7,20,27
13,16,29
86,100,186
88,87,175
80,72,152
70,67,137
70,45,115
29,21,50
16,12,28
86,13,99
69,49,118
72,94,166
59,59,118
72,49,121
99,55,154
10,87,97
22,81,103
89,82,171
97,28,125
49,24,73
15,92,107
63,32,95
59,46,105
19,70,89
36,74,110
68,41,109
40,56,96
7,49,56
97,99,196
83,15,98
38,19,57
37,28,65
53,31,84
66,18,84
91,26,117
63,12,75
30,98,128
33,68,101
88,46,134
67,25,92
66,84,150
96,91,187
64,51,115
53,65,118
80,93,173
50,81,131
87,13,100
81,22,103
61,84,145
28,32,60
13,42,55
17,46,63
49,46,95
12,15,27
77,95,172
44,22,66
25,12,37
21,33,54
53,25,78
37,71,108
67,59,126
76,64,140
9,32,41
34,40,74
47,15,62
27,26,53
67,98,165
96,48,144
30,30,60
83,72,155
65,70,135
84,38,122
59,62,121
53,24,77
66,24,90
24,7,31
15,44,59
30,66,96
90,35,125
94,79,173
49,13,62
24,44,68
62,56,118
65,16,81
51,61,112
63,95,158
92,29,121
60,45,105
8,46,54
15,12,27
26,55,81
44,65,109
70,44,114
74,12,86
60,13,73
81,76,157
77,45,122
72,24,96
55,36,91
68,84,152
42,69,111
70,49,119
15,26,41
63,100,163
88,64,152
59,48,107
56,51,107
99,23,122
29,35,64
51,39,90
74,87,161
57,46,103
68,44,112
81,67,148
17,46,63
99,98,197
80,22,102
35,27,62
55,63,118
64,80,144
58,76,134
87,20,107
69,43,112
29,49,78
29,87,116
12,93,105
95,41,136
44,31,75
15,38,53
65,41,106
62,91,153
50,7,57
19,23,42
91,50,141
95,95,190
36,45,81
42,98,140
80,31,111
53,71,124
24,75,99
63,68,131
53,44,97
11,19,30
74,53,127
18,20,38
84,24,108
91,96,187
43,26,69
93,81,174
91,41,132
86,39,125
84,88,172
99,60,159
63,61,124
78,74,152
39,8,47
84,98,182
13,27,40
96,56,152
16,63,79
83,62,145
46,82,128
27,44,71
78,21,99
30,92,122
65,33,98
52,59,111
78,21,99
35,34,69
19,39,58
44,57,101
84,8,92
61,91,152
76,42,118
69,24,93
51,74,125
78,32,110
89,90,179
44,21,65
22,49,71
63,40,103
28,96,124
73,58,131
34,11,45
31,19,50
56,27,83
36,74,110
81,76,157
33,21,54
65,51,116
42,70,112
25,79,104
8,29,37
94,89,183
14,29,43
31,54,85
95,14,109
31,37,68
38,61,99
39,72,111
23,94,117
90,35,125
73,35,108
38,28,66
71,26,97
59,75,134
12,83,95
29,67,96
25,79,104
38,57,95
94,66,160
48,79,127
81,81,162
40,29,69
61,89,150
42,45,87
36,48,84
80,15,95
73,44,117
15,32,47
40,87,127
87,34,121
40,37,77
53,100,153
85,67,152
22,57,79
18,99,117
97,35,132
39,49,88
46,74,120
60,78,138
31,16,47
87,90,177
33,98,131
27,67,94
22,75,97
36,94,130
9,36,45
17,64,81
30,64,94
73,22,95
95,49,144
59,18,77
51,9,60
74,79,153
29,97,126
48,80,128
28,54,82
49,100,149
53,70,123
59,65,124
30,86,116
39,55,94
87,78,165
93,25,118
33,58,91
67,55,122
75,82,157
84,82,166
81,46,127
29,76,105
31,88,119
66,82,148
96,45,141
12,84,96
40,99,139
88,11,99
35,75,110
15,25,40
93,52,145
74,93,167
23,87,110
68,38,106
55,29,84
48,86,134
80,15,95
49,56,105
21,88,109
58,36,94
64,34,98
12,92,104
7,15,22
89,73,162
55,89,144
10,15,25
96,20,116
64,18,82
38,68,106
41,34,75
51,35,86
50,67,117
18,49,67
46,24,70
84,76,160
28,81,109
18,91,109
83,69,152
18,59,77
45,72,117
41,30,71
86,26,112
14,40,54
23,62,85
97,50,147
24,68,92
70,99,169
58,81,139
21,66,87
75,87,162
74,67,141
53,55,108
84,35,119
37,48,85
68,100,168
53,80,133
56,17,73
88,73,161
40,92,132
68,52,120
56,68,124
50,81,131
21,7,28
85,75,160
81,36,117
76,44,120
78,25,103
51,54,105
28,64,92
32,19,51
45,33,78
84,51,135
36,53,89
62,59,121
67,67,134
21,93,114
51,40,91
84,10,94
79,17,96
37,39,76
26,61,87
64,20,84
89,73,162
89,82,171
47,82,129
75,16,91
64,62,126
40,38,78
72,11,83
66,32,98
19,91,110
25,34,59
75,73,148
36,66,102
42,33,75
19,33,52
15,92,107
24,83,107
78,35,113
40,87,127
100,75,175
42,18,60
26,30,56
37,22,59
49,16,65
10,75,85
75,7,82
44,97,141
73,77,150
43,93,136
39,82,121
29,90,119
68,51,119
92,67,159
67,95,162
64,34,98
59,39,98
89,13,102
52,97,149
91,85,176
47,15,62
13,50,63
29,89,118
90,20,110
27,42,69
29,11,40
75,15,90
17,63,80
65,65,130
83,98,181
45,10,55
10,60,70
50,80,130
20,44,64
66,36,102
33,65,98
38,88,126
8,69,77
21,55,76
15,68,83
53,77,130
14,42,56
40,96,136
90,64,154
58,40,98
47,34,81
46,49,95
14,21,35
24,41,65
93,15,108
40,56,96
43,62,105
70,44,114
22,30,52
29,86,115
81,76,157
67,16,83
23,97,120
12,91,103
73,56,129
64,73,137
85,58,143
30,78,108
50,33,83
70,9,79
56,95,151
48,64,112
44,37,81
7,20,27
45,79,124
54,33,87
67,82,149
91,100,191
84,64,148
51,7,58
99,83,182
37,16,53
27,17,44
90,47,137
97,46,143
56,12,68
75,81,156
93,73,166
51,74,125
65,7,72
97,58,155
84,8,92
24,38,62
84,90,174
85,60,145
71,30,101
19,12,31
64,47,111
43,45,88
66,23,89
39,56,95
66,69,135
93,24,117
26,73,99
58,19,77
52,54,106
80,68,148
75,46,121
81,32,113
98,22,120
24,48,72
49,52,101
13,68,81
59,64,123
35,75,110
85,44,129
70,75,145
77,14,91
58,92,150
50,45,95
45,95,140
67,14,81
92,53,145
94,67,161
84,77,161
52,68,120
67,22,89
56,20,76
46,50,96
71,66,137
95,51,146
88,15,103
80,86,166
90,29,119
73,12,85
25,91,116
99,99,198
43,27,70
79,86,165
76,55,131
98,33,131
8,26,34
82,71,153
10,87,97
43,16,59
90,100,190
31,15,46
22,45,67
80,30,110
10,87,97
44,10,54
58,96,154
64,100,164
44,90,134
79,24,103
35,98,133
12,73,85
78,46,124
89,86,175
53,98,151
22,55,77
99,14,113
17,99,116
31,57,88
77,98,175
74,70,144
65,41,106
17,58,75
58,63,121
92,39,131
98,93,191
70,41,111
57,58,115
88,45,133
22,93,115
68,52,120
95,37,132
13,74,87
63,20,83
21,87,108
92,41,133
43,85,128
33,14,47
66,92,158
59,61,120
21,25,46
84,71,155
33,72,105
25,73,98
78,56,134
78,9,87
46,23,69
62,46,108
32,81,113
52,31,83
25,8,33
39,50,89
83,60,143
76,13,89
75,54,129
19,69,88
58,56,114
44,52,96
75,72,147
66,27,93
81,41,122
91,12,103
27,32,59
100,33,133
26,75,101
98,94,192
36,45,81
82,47,129
37,25,62
60,60,120
89,87,176
74,55,129
88,60,148
91,29,120
69,51,120
84,18,102
85,17,102
61,68,129
34,75,109
75,88,163
79,22,101
31,38,69
18,38,56
83,100,183
36,57,93
43,56,99
55,57,112
46,35,81
67,43,110
33,100,133
23,100,123
68,18,86
53,39,92
100,46,146
57,68,125
83,64,147
10,60,70
44,22,66
85,71,156
15,77,92
68,70,138
97,86,183
73,9,82
64,72,136
84,27,111
86,68,154
43,27,70
23,96,119
71,31,102
75,44,119
7,11,18
75,27,102
69,12,81
96,9,105
85,32,117
68,63,131
38,69,107
43,28,71
96,43,139
55,47,102
93,54,147
89,52,141
10,71,81
36,73,109
55,31,86
17,64,81
7,26,33
51,26,77
87,13,100
40,29,69
97,70,167
83,88,171
21,24,45
41,59,100
59,87,146
17,90,107
60,67,127
34,83,117
79,72,151
75,79,154
94,34,128
18,70,88
68,88,156
95,54,149
54,45,99
98,76,174
46,95,141
28,40,68
31,22,53
53,39,92
86,86,172
19,11,30
13,52,65
93,22,115
20,59,79
19,60,79
75,19,94
92,90,182
18,100,118
78,19,97
18,51,69
45,52,97
25,25,50
61,31,92
83,20,103
31,16,47
14,73,87
53,23,76
11,66,77
8,100,108
51,64,115
93,12,105
74,52,126
41,54,95
76,47,123
18,36,54
78,70,148
11,44,55
30,66,96
37,48,85
77,76,153
92,30,122
97,31,128
95,79,174
10,62,72
51,36,87
52,17,69
64,26,90
40,34,74
16,94,110
9,70,79
64,59,123
48,96,144
76,100,176
42,86,128
41,35,76
60,54,114
49,81,130
19,52,71
58,93,151
83,39,122
79,43,122
52,7,59
58,34,92
22,54,76
66,54,120
58,55,113
64,31,95
48,36,84
10,76,86
77,53,130
82,15,97
76,93,169
85,37,122
38,76,114
69,95,164
63,98,161
48,54,102
69,18,87
18,32,50
86,81,167
37,88,125
67,88,155
80,64,144
56,36,92
40,45,85
58,12,70
76,87,163
20,32,52
21,34,55
40,96,136
72,15,87
82,14,96
28,42,70
17,31,48
33,28,61
13,49,62
69,80,149
33,23,56
22,91,113
96,34,130
96,52,148
62,36,98
95,83,178
74,99,173
40,67,107
12,59,71
81,48,129
22,37,59
8,47,55
13,95,108
45,53,98
80,91,171
61,21,82
54,26,80
62,26,88
87,52,139
13,51,64
28,42,70
17,53,70
7,32,39
91,71,162
84,50,134
15,34,49
99,62,161
84,70,154
44,32,76
33,95,128
16,28,44
15,83,98
18,50,68
93,52,145
19,9,28
93,11,104
91,60,151
86,20,106
32,50,82
71,73,144
19,10,29
8,48,56
63,44,107
71,32,103
80,18,98
11,51,62
64,14,78
91,89,180
82,67,149
11,82,93
26,57,83
60,99,159
83,51,134
92,35,127
21,99,120
50,44,94
81,82,163
98,100,198
94,99,193
71,23,94
53,38,91
59,77,136
11,31,42
59,12,71
25,96,121
7,81,88
93,15,108
39,12,51
26,10,36
19,82,101
94,87,181
64,82,146
98,53,151
24,49,73
51,93,144
68,78,146
46,96,142
91,68,159
95,66,161
61,43,104
18,72,90
90,42,132
67,75,142
90,75,165
70,92,162
94,89,183
85,15,100
38,7,45
40,34,74
25,54,79
39,60,99
83,83,166
23,35,58
8,48,56
31,97,128
68,29,97
82,68,150
21,33,54
44,52,96
63,91,154
9,12,21
66,82,148
23,24,47
63,29,92
79,32,111
58,56,114
34,39,73
61,36,97
28,65,93
33,23,56
69,87,156
33,78,111
96,13,109
57,76,133
63,66,129
89,81,170
97,98,195
24,72,96
44,47,91
60,70,130
38,91,129
90,87,177
19,34,53
94,58,152
40,17,57
44,59,103
75,91,166
13,46,59
100,97,197
91,56,147
33,22,55
82,24,106
29,31,60
47,29,76
29,68,97
25,94,119
82,64,146
68,83,151
41,10,51
14,14,28
42,77,119
64,96,160
43,67,110
65,14,79
98,89,187
53,57,110
72,17,89
87,21,108
28,47,75
93,12,105
31,77,108
65,77,142
97,87,184
40,13,53
14,26,40
17,66,83
10,56,66
85,73,158
53,56,109
87,9,96
65,100,165
23,7,30
28,98,126
9,81,90
96,79,175
94,43,137
23,20,43
26,70,96
31,29,60
74,57,131
42,13,55
17,92,109
36,16,52
58,39,97
52,56,108
48,89,137
76,48,124
44,41,85
81,43,124
32,87,119
23,21,44
25,9,34
27,90,117
14,15,29
96,41,137
60,52,112
60,87,147
86,8,94
99,83,182
31,35,66
28,74,102
7,35,42
81,89,170
46,35,81
69,96,165
26,28,54
14,45,59
15,11,26
52,60,112
67,56,123
16,24,40
38,81,119
92,21,113
66,23,89
69,41,110
70,58,128
22,42,64
56,42,98
25,15,40
11,24,35
60,69,129
98,80,178
54,41,95
48,85,133
47,22,69
63,24,87
37,49,86
95,39,134
26,95,121
28,90,118
38,72,110
94,29,123
19,76,95
29,40,69
29,18,47
93,37,130
20,58,78
13,64,77
11,11,22
46,44,90
17,62,79
16,64,80
7,86,93
17,15,32
86,20,106
52,75,127
42,42,84
83,27,110
90,82,172
59,63,122
62,70,132
75,30,105
76,71,147
15,71,86
93,24,117
27,49,76
84,82,166
91,67,158
64,29,93
37,22,59
72,66,138
52,31,83
15,83,98
18,97,115
82,71,153
79,75,154
88,60,148
93,12,105
53,8,61
12,16,28
73,10,83
63,27,90
79,16,95
23,32,55
79,22,101
95,99,194
45,16,61
54,90,144
62,83,145
96,45,141
60,8,68
73,13,86
98,51,149
83,90,173
38,49,87
55,43,98
62,73,135
8,57,65
86,60,146
32,10,42
54,75,129
95,7,102
98,61,159
39,34,73
92,49,141
37,41,78
87,94,181
95,21,116
93,53,146
89,100,189
43,65,108
55,22,77
44,28,72
20,25,45
97,77,174
10,81,91
26,99,125
10,33,43
97,12,109
95,45,140
69,47,116
67,54,121
100,43,143
61,15,76
42,20,62
66,9,75
49,36,85
64,12,76
63,95,158
97,17,114
18,97,115
81,89,170
79,21,100
95,84,179
25,25,50
79,54,133
73,56,129
29,93,122
78,70,148
62,99,161
34,34,68
48,39,87
22,26,48
24,85,109
63,30,93
45,92,137
41,82,123
77,94,171
74,17,91
77,38,115
78,39,117
40,29,69
37,94,131
8,41,49
57,58,115
66,81,147
23,66,89
16,87,103
61,65,126
91,100,191
92,29,121
74,35,109
39,84,123
38,28,66
26,11,37
13,50,63
84,53,137
10,39,49
96,19,115
94,34,128
96,75,171
23,14,37
49,49,98
14,43,57
70,46,116
31,73,104
10,84,94
42,97,139
28,9,37
41,14,55
51,92,143
12,99,111
84,58,142
57,72,129
17,97,114
74,43,117
50,46,96
67,70,137
55,16,71
71,34,105
47,10,57
11,95,106
58,89,147
16,28,44
71,48,119
7,83,90
77,40,117
27,49,76
20,84,104
98,48,146
76,96,172
99,95,194
93,28,121
34,22,56
62,100,162
48,24,72
29,90,119
56,59,115
94,65,159
58,25,83
31,8,39
78,80,158
50,36,86
7,37,44
91,85,176
100,23,123
56,60,116
93,13,106
43,18,61
63,38,101
16,42,58
32,43,75
88,24,112
9,33,42
68,51,119
62,50,112
82,79,161
71,57,128
76,14,90
56,50,106
98,52,150
97,32,129
34,41,75
28,15,43
18,49,67
74,59,133
57,49,106
94,38,132
47,75,122
86,16,102
47,17,64
97,57,154
98,16,114
70,69,139
88,94,182
46,52,98
32,58,90
59,85,144
45,92,137
33,94,127
13,47,60
35,90,125
28,11,39
48,30,78
84,48,132
14,78,92
15,93,108
55,70,125
47,29,76
82,24,106
35,13,48
29,35,64
72,83,155
26,8,34
24,79,103
71,25,96
16,98,114
44,95,139
13,57,70
46,86,132
65,14,79
99,93,192
47,12,59
25,30,55
37,28,65
18,11,29
10,96,106
42,59,101
11,67,78
35,94,129
23,72,95
61,41,102
26,25,51
77,50,127
14,50,64
60,70,130
31,22,53
47,96,143
38,38,76
21,51,72
26,30,56
53,43,96
65,83,148
27,88,115
79,90,169
50,70,120
26,32,58
50,35,85
87,43,130
84,33,117
67,100,167
79,28,107
100,44,144
44,88,132
76,82,158
60,47,107
91,70,161
43,43,86
61,66,127
55,34,89
43,60,103
16,34,50
69,60,129
44,57,101
84,61,145
95,21,116
80,48,128
76,48,124
37,36,73
44,33,77
25,49,74
19,99,118
54,51,105
11,43,54
78,86,164
77,51,128
8,50,58
82,96,178
23,42,65
94,96,190
12,47,59
61,27,88
35,95,130
36,48,84
78,69,147
84,85,169
29,15,44
17,82,99
76,83,159
84,59,143
14,94,108
64,88,152
23,42,65
32,56,88
77,25,102
14,87,101
55,84,139
79,92,171
97,32,129
63,85,148
45,34,79
55,41,96
50,76,126
62,17,79
93,91,184
13,17,30
96,28,124
16,100,116
66,13,79
67,53,120
45,98,143
18,83,101
22,23,45
44,49,93
66,76,142
10,23,33
28,31,59
34,28,62
70,50,120
27,82,109
14,72,86
19,39,58
8,100,108
24,57,81
73,24,97
24,25,49
72,89,161
72,40,112
10,35,45
15,11,26
69,90,159
10,27,37
55,39,94
45,23,68
95,72,167
82,10,92
52,72,124
74,29,103
87,28,115
50,16,66
71,98,169
37,96,133
98,92,190
67,96,163
19,32,51
51,76,127
59,76,135
20,34,54
51,49,100
15,59,74
64,74,138
34,88,122
47,25,72
23,14,37
82,71,153
37,7,44
81,83,164
45,24,69
78,60,138
100,49,149
53,37,90
96,64,160
92,38,130
71,20,91
39,100,139
40,95,135
10,85,95
75,52,127
85,93,178
77,82,159
26,64,90
73,23,96
54,42,96
61,11,72
15,40,55
98,77,175
44,76,120
8,100,108
21,36,57
47,68,115
13,36,49
25,98,123
100,27,127
72,62,134
79,71,150
52,49,101
98,40,138
43,93,136
26,37,63
100,81,181
70,50,120
95,25,120
8,39,47
32,96,128
81,15,96
50,13,63
57,44,101
27,29,56
96,16,112
16,79,95
40,38,78
21,17,38
54,96,150
91,62,153
76,20,96
92,84,176
61,11,72
93,53,146
51,99,150
66,63,129
47,34,81
74,70,144
29,23,52
55,29,84
19,44,63
80,13,93
22,98,120
92,38,130
79,88,167
49,11,60
79,30,109
58,77,135
12,82,94
9,46,55
19,72,91
64,34,98
76,99,175
39,25,64
75,21,96
24,51,75
46,49,95
92,25,117
95,15,110
38,38,76
100,13,113
18,83,101
17,86,103
44,29,73
32,7,39
45,83,128
60,67,127
96,89,185
99,16,115
60,72,132
37,100,137
13,97,110
68,43,111
98,67,165
50,70,120
19,19,38
14,38,52
80,27,107
22,89,111
29,47,76
22,70,92
42,9,51
48,71,119
9,28,37
42,14,56
32,45,77
99,25,124
71,70,141
25,54,79
40,17,57
76,33,109
58,31,89
37,60,97
56,32,88
100,15,115
72,16,88
98,100,198
51,63,114
59,10,69
63,35,98
87,11,98
41,31,72
67,83,150
66,7,73
30,55,85
24,96,120
63,32,95
89,90,179
89,9,98
56,95,151
49,67,116
21,17,38
82,23,105
31,13,44
80,53,133
53,8,61
49,77,126
22,21,43
59,36,95
8,96,104
75,92,167
81,23,104
86,41,127
50,100,150
37,56,93
18,21,39
93,31,124
33,99,132
15,86,101
95,63,158
88,82,170
26,57,83
95,80,175
72,81,153
49,82,131
54,54,108
10,45,55
21,83,104
67,59,126
25,32,57
9,100,109
71,79,150
17,22,39
71,87,158
40,12,52
85,68,153
54,77,131
47,38,85
66,17,83
93,55,148
40,20,60
70,88,158
52,70,122
66,94,160
28,77,105
13,10,23
72,71,143
11,57,68
99,64,163
91,8,99
30,24,54
44,41,85
14,71,85
98,43,141
10,78,88
30,81,111
76,69,145
14,52,66
63,80,143
81,15,96
76,85,161
46,23,69
41,14,55
18,63,81
34,45,79
80,84,164
75,13,88
78,55,133
31,58,89
79,34,113
57,24,81
78,33,111
14,46,60
72,58,130
55,28,83
45,72,117
8,10,18
32,25,57
45,70,115
66,65,131
77,98,175
32,89,121
51,30,81
73,9,82
24,23,47
74,57,131
49,44,93
81,23,104
17,34,51
10,48,58
70,96,166
87,15,102
74,17,91
22,93,115
21,9,30
10,97,107
44,10,54
20,62,82
100,36,136
16,80,96
81,40,121
37,78,115
9,60,69
82,82,164
50,80,130
21,49,70
50,73,123
43,84,127
36,68,104
11,100,111
63,78,141
99,33,132
88,41,129
100,65,165
8,70,78
30,88,118
66,95,161
74,92,166
65,76,141
67,78,145
42,68,110
65,47,112
18,87,105
31,99,130
82,41,123
23,34,57
14,55,69
13,87,100
26,15,41
37,89,126
36,49,85
48,94,142
55,15,70
69,24,93
37,100,137
64,32,96
26,92,118
7,23,30
26,53,79
55,90,145
74,87,161
77,60,137
70,93,163
31,98,129
88,56,144
97,86,183
94,23,117
78,97,175
16,62,78
71,11,82
34,19,53
91,52,143
35,74,109
31,30,61
54,43,97
34,37,71
56,56,112
86,40,126
45,65,110
83,80,163
55,27,82
28,27,55
21,15,36
83,8,91
34,50,84
90,78,168
18,92,110
83,15,98
17,16,33
74,96,170
56,8,64
10,46,56
91,16,107
57,54,111
22,15,37
98,77,175
52,29,81
55,69,124
31,54,85
73,63,136
89,58,147
59,81,140
44,30,74
75,48,123
86,38,124
45,56,101
72,39,111
76,65,141
29,9,38
67,92,159
98,14,112
27,67,94
52,76,128
35,19,54
77,67,144
55,9,64
63,27,90
79,86,165
88,76,164
33,88,121
56,79,135
79,79,158
27,47,74
41,36,77
9,52,61
86,77,163
92,66,158
29,67,96
54,62,116
23,63,86
48,29,77
79,15,94
7,86,93
49,90,139
30,77,107
62,59,121
34,98,132
65,7,72
96,88,184
24,61,85
63,56,119
63,33,96
41,23,64
75,20,95
92,53,145
23,58,81
52,68,120
72,21,93
92,81,173
90,13,103
40,24,64
42,90,132
14,63,77
52,32,84
49,42,91
14,51,65
64,51,115
52,98,150
80,77,157
25,10,35
59,43,102
65,52,117
76,60,136
37,86,123
43,79,122
73,93,166
90,61,151
80,30,110
67,71,138
79,89,168
48,48,96
87,85,172
79,24,103
82,29,111
85,12,97
57,25,82
63,76,139
66,52,118
100,55,155
56,22,78
98,29,127
44,12,56
18,28,46
27,7,34
22,76,98
24,88,112
16,14,30
9,10,19
83,95,178
27,94,121
29,51,80
24,72,96
8,59,67
100,87,187
37,33,70
78,82,160
87,88,175
96,10,106
35,82,117
98,58,156
47,95,142
53,81,134
89,83,172
16,8,24
38,29,67
93,91,184
94,76,170
25,12,37
13,77,90
7,86,93
89,64,153
47,74,121
98,17,115
56,43,99
52,81,133
32,69,101
51,47,98
7,35,42
56,91,147
91,76,167
51,9,60
80,20,100
99,81,180
38,14,52
33,97,130
64,51,115
83,56,139
43,16,59
54,54,108
9,69,78
43,75,118
29,37,66
97,66,163
29,49,78
57,90,147
59,46,105
39,55,94
48,40,88
90,39,129
67,64,131
21,31,52
71,19,90
20,90,110
16,10,26
24,52,76
42,24,66
7,37,44
20,17,37
30,14,44
56,60,116
31,46,77
12,39,51
67,69,136
67,76,143
29,60,89
95,86,181
91,29,120
61,17,78
20,100,120
28,97,125
44,99,143
83,50,133
47,17,64
54,28,82
33,96,129
56,62,118
41,47,88
83,93,176
96,68,164
21,54,75
93,36,129
64,90,154
28,83,111
68,62,130
18,7,25
76,69,145
8,53,61
99,20,119
27,38,65
52,87,139
53,38,91
21,94,115
8,81,89
34,94,128
29,85,114
67,15,82
32,76,108
74,52,126
46,84,130
88,95,183
35,19,54
52,76,128
93,15,108
58,26,84
98,54,152
64,23,87
48,27,75
30,51,81
82,92,174
51,100,151
46,42,88
42,8,50
26,68,94
81,97,178
64,97,161
24,63,87
40,25,65
70,14,84
32,66,98
50,64,114
72,22,94
62,43,105
48,92,140
97,75,172
89,35,124
7,88,95
40,54,94
48,32,80
30,77,107
73,51,124
89,20,109
98,81,179
65,14,79
96,45,141
41,98,139
95,12,107
8,16,24
33,56,89
26,44,70
49,66,115
7,13,20
83,86,169
86,65,151
69,72,141
50,73,123
81,25,106
37,15,52
73,8,81
46,82,128
46,44,90
37,25,62
42,14,56
31,22,53
64,46,110
46,59,105
88,72,160
74,55,129
37,31,68
26,15,41
25,13,38
89,54,143
7,63,70
72,63,135
40,97,137
34,23,57
70,38,108
84,30,114
53,53,106
99,63,162
22,79,101
73,41,114
60,67,127
77,21,98
51,8,59
58,98,156
29,74,103
65,65,130
72,41,113
76,54,130
69,67,136
12,71,83
99,34,133
99,8,107
66,95,161
72,57,129
44,24,68
51,13,64
64,29,93
74,32,106
67,96,163
25,19,44
20,78,98
25,26,51
74,74,148
29,53,82
90,90,180
47,53,100
76,17,93
79,12,91
89,79,168
51,100,151
84,40,124
37,30,67
33,20,53
11,41,52
80,93,173
52,17,69
43,68,111
69,23,92
72,67,139
54,89,143
67,43,110
71,65,136
88,97,185
7,36,43
81,68,149
59,42,101
41,20,61
100,65,165
24,79,103
32,91,123
66,97,163
42,8,50
28,13,41
16,52,68
85,67,152
65,92,157
97,96,193
80,100,180
19,22,41
16,86,102
62,93,155
48,73,121
40,40,80
27,55,82
74,47,121
23,34,57
61,26,87
87,26,113
54,80,134
78,24,102
79,19,98
92,22,114
46,77,123
80,94,174
92,79,171
70,88,158
32,97,129
72,71,143
42,19,61
43,38,81
7,85,92
25,52,77
96,23,119
13,34,47
54,29,83
39,79,118
48,58,106
7,51,58
87,83,170
12,20,32
37,34,71
94,61,155
11,32,43
27,55,82
61,96,157
29,48,77
26,75,101
73,22,95
83,16,99
96,10,106
70,45,115
75,71,146
71,76,147
98,74,172
19,31,50
72,38,110
54,29,83
61,49,110
52,42,94
13,92,105
81,52,133
33,33,66
12,15,27
63,79,142
29,93,122
88,59,147
20,41,61
80,70,150
91,23,114
87,19,106
96,8,104
30,89,119
80,29,109
99,85,184
32,91,123
86,43,129
22,77,99
85,48,133
35,95,130
12,25,37
15,23,38
91,40,131
16,60,76
35,73,108
58,62,120
35,33,68
29,64,93
22,71,93
20,47,67
59,64,123
85,89,174
90,22,112
27,45,72
38,60,98
49,40,89
93,56,149
8,29,37
20,48,68
77,10,87
38,43,81
79,93,172
38,10,48
90,44,134
43,27,70
22,66,88
17,37,54
59,100,159
62,7,69
44,36,80
19,13,32
49,76,125
86,89,175
87,17,104
35,97,132
10,27,37
40,66,106
84,12,96
34,18,52
14,46,60
35,15,50
19,89,108
95,69,164
19,58,77
46,53,99
44,57,101
47,8,55
20,54,74
52,15,67
30,76,106
88,38,126
40,11,51
15,50,65
12,95,107
37,12,49
63,53,116
47,59,106
22,11,33
71,58,129
24,82,106
99,29,128
31,17,48
35,15,50
43,39,82
89,16,105
99,96,195
13,36,49
85,46,131
66,42,108
45,23,68
84,86,170
87,52,139
45,73,118
25,12,37
41,21,62
79,64,143
47,91,138
76,27,103
36,37,73
94,40,134
79,94,173
15,73,88
78,41,119
75,7,82
62,10,72
46,65,111
9,15,24
83,61,144
23,52,75
73,25,98
17,88,105
89,13,102
26,21,47
8,18,26
68,82,150
45,8,53
49,22,71
9,78,87
25,98,123
66,41,107
81,45,126
30,97,127
67,26,93
38,97,135
37,87,124
42,100,142
44,18,62
50,47,97
33,43,76
53,81,134
75,84,159
81,14,95
65,100,165
87,68,155
88,34,122
31,59,90
73,65,138
72,58,130
52,75,127
9,70,79
66,67,133
10,81,91
91,25,116
38,35,73
66,12,78
88,96,184
53,77,130
49,22,71
60,40,100
58,75,133
23,37,60
32,41,73
95,49,144
26,62,88
65,58,123
56,72,128
73,60,133
39,11,50
67,96,163
79,56,135
46,33,79
17,11,28
58,86,144
60,50,110
51,10,61
46,79,125
52,84,136
66,37,103
10,83,93
41,15,56
78,58,136
40,58,98
44,69,113
19,84,103
58,92,150
55,73,128
77,33,110
69,57,126
33,28,61
88,14,102
78,54,132
39,50,89
96,13,109
94,52,146
71,25,96
61,90,151
69,35,104
33,31,64
82,51,133
37,40,77
26,87,113
23,75,98
65,11,76
73,91,164
71,84,155
9,8,17
41,30,71
97,9,106
58,87,145
37,31,68
80,94,174
32,35,67
88,54,142
96,78,174
14,80,94
95,50,145
30,65,95
51,83,134
30,53,83
30,89,119
38,42,80
42,39,81
38,94,132
48,26,74
97,83,180
20,64,84
11,78,89
34,45,79
16,29,45
61,86,147
7,35,42
94,62,156
70,100,170
50,27,77
82,58,140
92,46,138
14,19,33
66,29,95
8,37,45
8,90,98
98,14,112
19,49,68
82,33,115
49,28,77
94,19,113
86,95,181
58,89,147
73,8,81
75,38,113
83,80,163
87,77,164
31,11,42
18,9,27
17,21,38
52,69,121
83,84,167
58,36,94
66,21,87
10,80,90
23,31,54
66,32,98
81,74,155
85,92,177
23,53,76
30,53,83
17,10,27
50,71,121
57,75,132
20,27,47
35,92,127
73,62,135
34,87,121
33,10,43
49,27,76
71,90,161
64,71,135
79,20,99
37,85,122
17,18,35
42,66,108
88,42,130
41,59,100
35,73,108
92,54,146
78,97,175
93,62,155
10,56,66
80,17,97
77,46,123
62,88,150
87,32,119
48,19,67
8,87,95
79,85,164
68,14,82
24,24,48
87,13,100
9,83,92
18,75,93
79,74,153
97,77,174
44,16,60
95,58,153
23,17,40
46,17,63
89,63,152
47,64,111
85,84,169
89,32,121
25,46,71
69,26,95
19,36,55
14,85,99
71,70,141
100,42,142
20,50,70
30,51,81
75,71,146
43,12,55
62,59,121
21,18,39
33,83,116
75,68,143
36,49,85
56,23,79
81,88,169
41,71,112
52,9,61
16,20,36
36,77,113
23,37,60
71,87,158
82,79,161
36,92,128
79,73,152
24,52,76
88,85,173
8,68,76
69,48,117
94,99,193
86,8,94
18,63,81
32,86,118
58,9,67
16,42,58
77,23,100
43,78,121
48,57,105
98,85,183
89,17,106
9,9,18
39,28,67
60,32,92
30,24,54
21,68,89
21,73,94
68,53,121
59,84,143
57,48,105
92,85,177
42,37,79
26,96,122
90,74,164
62,97,159
42,29,71
65,49,114
79,26,105
97,9,106
34,100,134
72,76,148
93,75,168
67,51,118
28,95,123
24,72,96
60,20,80
46,27,73
39,15,54
58,76,134
60,82,142
16,25,41
85,24,109
12,76,88
46,68,114
9,63,72
82,78,160
36,65,101
89,79,168
95,77,172
11,100,111
56,8,64
77,100,177
86,21,107
60,17,77
58,45,103
27,50,77
40,8,48
99,34,133
84,82,166
21,43,64
8,64,72
93,85,178
59,9,68
84,35,119
96,81,177
15,64,79
27,54,81
34,35,69
14,75,89
33,46,79
45,29,74
37,36,73
48,31,79
61,75,136
98,79,177
54,62,116
25,60,85
62,13,75
46,37,83
94,100,194
54,30,84
96,51,147
12,54,66
69,68,137
37,23,60
46,73,119
78,94,172
37,21,58
99,85,184
53,46,99
61,60,121
30,38,68
63,68,131
65,13,78
98,35,133
18,70,88
72,82,154
31,93,124
78,39,117
72,16,88
82,95,177
73,89,162
80,50,130
95,92,187
98,71,169
100,50,150
61,92,153
73,58,131
38,16,54
87,84,171
46,77,123
20,89,109
86,83,169
27,17,44
76,53,129
29,98,127
77,30,107
37,8,45
46,48,94
17,44,61
45,88,133
22,75,97
88,71,159
11,78,89
32,56,88
68,15,83
29,44,73
9,23,32
19,47,66
44,24,68
27,10,37
73,94,167
58,34,92
69,49,118
96,80,176
60,89,149
57,70,127
65,64,129
61,38,99
82,64,146
33,55,88
45,16,61
74,74,148
49,22,71
20,11,31
60,67,127
36,79,115
51,74,125
9,27,36
8,57,65
93,77,170
20,93,113
77,40,117
99,15,114
62,89,151
92,42,134
75,41,116
38,72,110
22,65,87
48,49,97
65,50,115
34,62,96
37,54,91
54,70,124
28,55,83
42,20,62
87,91,178
30,42,72
84,78,162
99,52,151
95,8,103
25,71,96
11,72,83
100,56,156
80,59,139
17,30,47
58,11,69
48,100,148
33,93,126
84,22,106
90,33,123
95,17,112
79,74,153
91,13,104
28,10,38
82,53,135
7,56,63
94,67,161
56,39,95
100,36,136
51,12,63
48,87,135
68,40,108
96,84,180
8,81,89
41,48,89
87,30,117
88,21,109
51,87,138
18,62,80
51,11,62
35,95,130
85,38,123
19,64,83
78,21,99
32,56,88
60,71,131
69,23,92
75,65,140
54,53,107
56,84,140
36,41,77
60,87,147
90,62,152
35,25,60
43,29,72
14,30,44
14,83,97
56,89,145
59,83,142
59,20,79
82,13,95
13,12,25
49,52,101
10,46,56
47,45,92
33,9,42
33,7,40
80,83,163
99,91,190
36,91,127
84,18,102
43,94,137
50,25,75
70,65,135
22,69,91
26,34,60
16,98,114
18,66,84
96,68,164
88,79,167
62,40,102
34,90,124
15,19,34
69,54,123
60,7,67
52,20,72
92,58,150
56,87,143
99,26,125
38,61,99
63,34,97
71,61,132
78,53,131
34,17,51
70,45,115
27,16,43
19,63,82
98,42,140
44,87,131
28,35,63
87,82,169
74,93,167
99,86,185
100,48,148
76,73,149
99,13,112
45,12,57
72,78,150
95,27,122
93,72,165
31,55,86
32,89,121
78,41,119
97,60,157
71,76,147
93,76,169
36,8,44
48,31,79
26,37,63
47,19,66
28,63,91
41,97,138
75,14,89
31,43,74
93,56,149
29,97,126
70,98,168
32,68,100
14,52,66
86,55,141
84,24,108
88,76,164
7,28,35
95,87,182
98,65,163
87,76,163
45,86,131
12,21,33
61,47,108
88,8,96
89,98,187
27,18,45
17,47,64
8,70,78
68,25,93
88,84,172
95,87,182
38,48,86
26,28,54
10,37,47
15,22,37
23,14,37
60,65,125
50,99,149
50,21,71
95,27,122
12,54,66
25,63,88
98,20,118
57,87,144
42,31,73
60,97,157
92,60,152
34,20,54
79,91,170
73,63,136
66,38,104
21,31,52
14,18,32
30,49,79
68,54,122
70,67,137
12,64,76
14,56,70
19,8,27
18,33,51
12,79,91
76,100,176
80,98,178
82,23,105
95,21,116
31,78,109
25,72,97
87,42,129
85,76,161
64,80,144
26,74,100
9,61,70
12,31,43
18,55,73
7,31,38
91,53,144
24,100,124
57,39,96
50,55,105
62,10,72
96,100,196
17,40,57
13,32,45
76,27,103
17,52,69
11,20,31
16,34,50
73,84,157
19,98,117
39,37,76
23,54,77
41,43,84
7,38,45
70,98,168
21,87,108
71,99,170
14,37,51
56,89,145
14,7,21
45,86,131
52,36,88
35,85,120
32,83,115
98,61,159
53,58,111
11,78,89
36,12,48
67,64,131
98,30,128
23,75,98
28,24,52
94,50,144
12,31,43
23,82,105
23,58,81
33,26,59
88,41,129
93,94,187
88,49,137
12,41,53
40,34,74
95,15,110
23,13,36
86,97,183
10,55,65
94,84,178
86,63,149
11,90,101
46,64,110
60,73,133
63,9,72
15,82,97
54,74,128
27,70,97
88,72,160
18,67,85
69,47,116
23,16,39
57,77,134
21,68,89
74,10,84
64,44,108
97,78,175
32,80,112
84,91,175
26,92,118
63,51,114
43,73,116
60,38,98
49,7,56
20,19,39
41,52,93
94,36,130
47,8,55
25,79,104
76,13,89
17,91,108
54,32,86
98,35,133
80,46,126
30,11,41
30,89,119
90,21,111
88,14,102
55,30,85
11,29,40
9,10,19
15,51,66
20,93,113
54,72,126
13,92,105
79,72,151
9,42,51
8,81,89
70,87,157
59,98,157
61,77,138
33,36,69
66,9,75
49,76,125
78,84,162
13,92,105
25,13,38
9,71,80
14,100,114
15,24,39
82,99,181
23,93,116
33,45,78
33,60,93
55,25,80
41,22,63
77,59,136
54,98,152
74,100,174
76,61,137
100,73,173
93,26,119
29,56,85
67,18,85
18,44,62
80,52,132
29,78,107
94,29,123
35,19,54
31,49,80
53,73,126
64,100,164
27,43,70
41,51,92
96,68,164
95,8,103
67,91,158
90,34,124
22,38,60
56,12,68
97,16,113
78,26,104
75,19,94
36,30,66
15,90,105
29,9,38
55,87,142
65,56,121
72,79,151
44,59,103
18,78,96
60,9,69
97,78,175
99,55,154
45,60,105
8,63,71
34,55,89
67,28,95
92,76,168
61,21,82
20,67,87
66,69,135
92,82,174
86,58,144
8,27,35
46,19,65
68,82,150
93,13,106
23,20,43
15,58,73
98,37,135
23,20,43
95,29,124
66,44,110
75,99,174
84,20,104
40,24,64
14,37,51
60,91,151
67,86,153
85,12,97
84,38,122
25,52,77
18,31,49
68,18,86
51,85,136
27,70,97
35,41,76
42,22,64
95,98,193
88,87,175
94,54,148
61,95,156
94,35,129
98,40,138
37,93,130
31,19,50
51,61,112
76,28,104
54,63,117
13,20,33
61,99,160
52,30,82
42,24,66
42,79,121
8,83,91
36,16,52
50,61,111
91,72,163
57,96,153
80,83,163
33,55,88
43,20,63
8,41,49
44,64,108
90,8,98
94,25,119
100,80,180
88,77,165
39,51,90
16,94,110
87,60,147
65,77,142
22,27,49
59,61,120
38,66,104
85,8,93
88,44,132
15,24,39
52,71,123
89,35,124
36,88,124
84,37,121
45,51,96
95,99,194
88,58,146
79,58,137
59,69,128
42,72,114
15,32,47
43,75,118
71,60,131
59,17,76
53,12,65
59,64,123
83,48,131
41,15,56
21,100,121
46,88,134
28,73,101
32,47,79
47,96,143
19,54,73
97,42,139
63,93,156
10,25,35
49,34,83
64,47,111
56,18,74
94,66,160
34,15,49
18,99,117
19,31,50
25,28,53
10,42,52
33,43,76
62,55,117
75,82,157
19,18,37
57,86,143
57,32,89
11,56,67
63,16,79
48,67,115
96,8,104
29,71,100
98,97,195
90,81,171
65,40,105
64,85,149
92,67,159
46,22,68
44,77,121
67,100,167
92,90,182
65,91,156
95,7,102
96,60,156
44,63,107
11,30,41
18,82,100
35,99,134
79,78,157
63,76,139
65,97,162
66,98,164
65,83,148
17,25,42
37,52,89
8,87,95
44,61,105
49,81,130
78,41,119
9,34,43
78,66,144
60,76,136
13,25,38
23,40,63
88,7,95
59,36,95
65,13,78
67,24,91
16,14,30
84,24,108
100,10,110
89,69,158
66,66,132
80,48,128
60,46,106
54,88,142
99,29,128
65,70,135
12,32,44
53,62,115
66,10,76
13,59,72
10,8,18
85,88,173
94,77,171
66,81,147
55,88,143
59,29,88
78,18,96
17,80,97
89,10,99
57,32,89
14,38,52
22,9,31
25,28,53
11,99,110
14,11,25
25,71,96
36,72,108
8,88,96
86,54,140
30,56,86
41,62,103
65,64,129
93,54,147
54,49,103
77,31,108
81,48,129
22,18,40
65,90,155
69,67,136
87,49,136
76,75,151
39,22,61
24,62,86
8,85,93
40,68,108
28,67,95
45,95,140
14,55,69
34,48,82
79,22,101
12,15,27
61,52,113
17,8,25
88,87,175
26,36,62
8,63,71
94,69,163
31,91,122
32,60,92
30,73,103
63,53,116
71,72,143
16,46,62
66,54,120
12,77,89
66,59,125
35,43,78
46,57,103
87,93,180
35,45,80
41,57,98
38,96,134
76,62,138
44,55,99
32,64,96
22,57,79
46,75,121
39,82,121
76,24,100
28,98,126
85,98,183
92,71,163
52,65,117
45,44,89
15,43,58
31,25,56
48,24,72
54,78,132
13,43,56
89,80,169
66,34,100
18,96,114
90,36,126
51,21,72
42,68,110
58,17,75
28,30,58
24,82,106
89,32,121
77,93,170
92,49,141
72,51,123
37,62,99
84,11,95
11,74,85
47,10,57
26,79,105
44,46,90
35,48,83
22,56,78
9,19,28
14,74,88
71,58,129
8,90,98
76,43,119
73,33,106
51,29,80
92,35,127
7,69,76
33,16,49
49,8,57
39,78,117
58,77,135
47,77,124
26,29,55
71,27,98
31,94,125
63,51,114
73,19,92
34,44,78
28,24,52
38,61,99
59,48,107
98,76,174
36,20,56
40,41,81
32,81,113
96,55,151
20,57,77
100,95,195
58,37,95
52,15,67
65,77,142
83,25,108
29,60,89
85,23,108
89,53,142
82,50,132
52,30,82
47,22,69
40,16,56
47,30,77
51,46,97
93,28,121
86,7,93
27,12,39
63,55,118
43,68,111
29,41,70
69,31,100
33,52,85
31,64,95
97,36,133
47,40,87
85,89,174
18,58,76
52,32,84
34,19,53
91,17,108
48,52,100
28,22,50
52,66,118
83,56,139
99,22,121
10,73,83
72,57,129
41,19,60
44,59,103
48,51,99
29,93,122
7,31,38
99,74,173
96,80,176
65,53,118
79,36,115
82,30,112
53,8,61
92,7,99
73,36,109
46,75,121
49,38,87
38,58,96
68,72,140
99,81,180
31,63,94
33,20,53
8,88,96
8,62,70
29,48,77
78,19,97
81,12,93
35,14,49
41,95,136
79,33,112
25,25,50
65,7,72
54,75,129
78,8,86
13,76,89
63,43,106
33,34,67
69,99,168
37,47,84
20,65,85
60,37,97
90,50,140
17,20,37
17,29,46
80,49,129
8,89,97
69,86,155
94,96,190
51,86,137
19,23,42
59,21,80
80,51,131
21,96,117
16,94,110
15,69,84
72,31,103
83,7,90
21,24,45
15,88,103
71,94,165
50,51,101
89,72,161
77,86,163
77,60,137
15,47,62
90,96,186
38,93,131
95,44,139
49,45,94
54,10,64
22,9,31
39,30,69
51,86,137
49,86,135
57,41,98
29,27,56
66,51,117
50,8,58
67,29,96
55,42,97
18,36,54
81,58,139
81,66,147
64,55,119
68,75,143
96,98,194
14,59,73
65,39,104
32,99,131
29,79,108
77,86,163
71,14,85
89,42,131
43,76,119
19,97,116
16,69,85
27,52,79
81,52,133
77,28,105
29,98,127
35,64,99
29,90,119
10,52,62
97,70,167
16,23,39
25,37,62
87,20,107
50,83,133
83,40,123
69,21,90
39,40,79
55,77,132
85,90,175
44,36,80
53,47,100
83,69,152
60,76,136
99,35,134
72,69,141
77,37,114
19,27,46
46,82,128
98,70,168
48,65,113
61,21,82
45,80,125
65,13,78
72,78,150
81,46,127
81,9,90
35,44,79
52,69,121
52,48,100
82,93,175
59,90,149
23,10,33
12,92,104
7,28,35
95,51,146
99,67,166
89,78,167
99,99,198
69,55,124
92,33,125
86,24,110
51,78,129
79,95,174
52,77,129
52,35,87
92,59,151
41,23,64
36,90,126
37,69,106
98,73,171
99,19,118
47,68,115
74,60,134
61,74,135
24,8,32
19,25,44
12,10,22
17,45,62
81,45,126
39,87,126
40,62,102
56,19,75
81,47,128
10,69,79
40,24,64
97,85,182
96,55,151
75,68,143
9,33,42
93,79,172
17,29,46
56,88,144
19,11,30
64,50,114
88,63,151
62,92,154
58,73,131
94,82,176
68,16,84
83,62,145
23,45,68
36,62,98
17,62,79
64,40,104
41,83,124
71,24,95
80,86,166
71,86,157
76,32,108
77,30,107
94,23,117
41,100,141
47,13,60
82,60,142
12,11,23
17,7,24
97,56,153
11,74,85
21,75,96
45,9,54
59,67,126
19,62,81
50,38,88
54,46,100
18,20,38
39,87,126
66,44,110
67,38,105
84,37,121
50,39,89
58,44,102
37,29,66
51,92,143
54,98,152
43,40,83
58,39,97
56,91,147
54,68,122
14,53,67
9,89,98
28,56,84
23,20,43
53,70,123
93,26,119
75,25,100
93,85,178
8,63,71
48,75,123
15,86,101
67,94,161
13,35,48
43,44,87
36,8,44
36,22,58
53,64,117
8,30,38
36,52,88
12,94,106
62,36,98
36,68,104
9,69,78
29,86,115
56,84,140
11,54,65
79,82,161
96,98,194
43,40,83
9,24,33
11,71,82
41,74,115
60,59,119
73,27,100
90,11,101
23,13,36
63,85,148
39,80,119
15,65,80
32,81,113
30,40,70
69,57,126
85,56,141
100,69,169
58,98,156
77,62,139
76,79,155
27,14,41
49,50,99
70,92,162
100,83,183
11,44,55
34,64,98
60,49,109
65,44,109
60,66,126
35,52,87
17,76,93
98,22,120
48,94,142
37,20,57
95,69,164
79,43,122
78,52,130
56,29,85
18,41,59
49,75,124
47,96,143
89,7,96
48,89,137
8,22,30
12,49,61
86,7,93
25,93,118
50,48,98
16,61,77
18,31,49
52,75,127
70,64,134
74,50,124
66,81,147
18,59,77
21,48,69
89,79,168
68,72,140
80,38,118
47,55,102
44,90,134
24,23,47
26,34,60
56,7,63
97,65,162
33,78,111
9,13,22
56,11,67
79,92,171
11,9,20
100,35,135
36,26,62
31,41,72
73,49,122
81,93,174
14,34,48
50,33,83
76,71,147
19,82,101
81,52,133
52,28,80
89,79,168
100,59,159
23,26,49
57,85,142
9,59,68
7,12,19
21,34,55
82,18,100
94,77,171
98,16,114
99,10,109
61,37,98
27,64,91
8,32,40
51,22,73
50,26,76
15,84,99
89,74,163
85,39,124
70,29,99
74,91,165
95,92,187
47,7,54
90,56,146
58,79,137
73,11,84
14,24,38
99,74,173
53,15,68
97,26,123
70,9,79
53,54,107
52,11,63
78,81,159
10,52,62
55,28,83
78,27,105
49,7,56
38,15,53
84,58,142
75,79,154
35,66,101
97,32,129
11,21,32
92,47,139
8,28,36
87,67,154
31,27,58
40,100,140
68,51,119
66,38,104
42,85,127
42,90,132
36,25,61
90,51,141
97,43,140
66,83,149
50,34,84
94,74,168
92,35,127
22,34,56
47,25,72
63,14,77
16,63,79
59,34,93
42,34,76
51,64,115
7,37,44
93,50,143
17,38,55
86,8,94
86,24,110
77,34,111
51,26,77
14,90,104
41,61,102
35,7,42
94,92,186
52,89,141
95,47,142
7,52,59
58,26,84
64,24,88
33,85,118
79,63,142
53,74,127
68,16,84
74,20,94
100,81,181
8,77,85
45,91,136
87,8,95
71,28,99
40,43,83
23,100,123
40,62,102
69,81,150
20,46,66
29,9,38
94,28,122
78,68,146
43,73,116
25,91,116
21,57,78
45,66,111
18,96,114
95,31,126
15,68,83
79,77,156
51,58,109
51,47,98
90,38,128
54,60,114
88,46,134
47,63,110
83,61,144
95,79,174
36,54,90
22,89,111
35,98,133
66,93,159
65,84,149
40,69,109
31,94,125
50,68,118
19,39,58
63,9,72
89,8,97
22,92,114
23,87,110
30,16,46
54,48,102
15,32,47
14,69,83
48,57,105
53,17,70
66,47,113
50,14,64
83,19,102
83,40,123
28,84,112
24,31,55
58,38,96
16,44,60
19,9,28
90,52,142
75,65,140
72,79,151
59,75,134
81,85,166
64,31,95
10,80,90
80,59,139
68,47,115
95,69,164
77,54,131
79,62,141
16,42,58
84,37,121
35,7,42
10,51,61
100,39,139
73,67,140
90,23,113
49,23,72
72,39,111
89,87,176
87,88,175
7,27,34
10,8,18
34,53,87
96,25,121
29,67,96
83,62,145
41,45,86
65,22,87
39,93,132
61,91,152
42,15,57
66,95,161
60,10,70
85,80,165
62,88,150
61,44,105
70,14,84
46,72,118
88,11,99
82,67,149
94,65,159
93,52,145
87,95,182
19,87,106
54,82,136
48,34,82
67,69,136
25,16,41
22,30,52
72,33,105
30,80,110
10,40,50
42,20,62
94,59,153
99,42,141
40,100,140
38,33,71
61,18,79
55,94,149
70,73,143
30,41,71
82,81,163
86,63,149
37,8,45
12,69,81
42,39,81
89,16,105
33,31,64
95,47,142
67,25,92
9,28,37
58,55,113
52,37,89
20,100,120
27,8,35
16,89,105
56,19,75
86,45,131
27,48,75
15,51,66
90,93,183
67,61,128
15,100,115
7,33,40
76,47,123
86,32,118
40,59,99
100,23,123
53,61,114
75,32,107
9,9,18
27,19,46
65,40,105
83,59,142
57,7,64
43,16,59
10,38,48
18,97,115
9,74,83
86,20,106
94,54,148
33,100,133
61,69,130
56,78,134
100,73,173
30,9,39
32,7,39
71,84,155
11,61,72
68,61,129
69,72,141
64,83,147
14,84,98
61,97,158
88,82,170
36,13,49
35,9,44
88,7,95
89,84,173
66,72,138
21,80,101
65,45,110
33,73,106
82,87,169
35,27,62
20,37,57
84,33,117
42,54,96
97,45,142
8,20,28
65,48,113
36,66,102
71,13,84
25,84,109
39,68,107
23,15,38
75,22,97
50,38,88
10,66,76
47,85,132
10,91,101
50,9,59
88,46,134
29,24,53
12,28,40
86,52,138
17,85,102
10,66,76
34,89,123
30,55,85
62,14,76
69,8,77
55,76,131
42,43,85
93,21,114
82,30,112
80,88,168
42,21,63
52,94,146
63,11,74
16,22,38
93,100,193
53,55,108
99,85,184
78,74,152
100,16,116
59,12,71
60,89,149
38,7,45
83,83,166
67,74,141
63,43,106
65,73,138
17,65,82
48,12,60
80,78,158
31,37,68
54,38,92
57,17,74
60,71,131
89,76,165
81,99,180
36,23,59
34,74,108
72,75,147
69,46,115
29,98,127
34,37,71
62,95,157
96,35,131
91,79,170
78,42,120
81,76,157
8,64,72
92,100,192
69,34,103
32,90,122
17,10,27
53,63,116
87,64,151
95,71,166
87,31,118
41,79,120
72,11,83
58,63,121
30,39,69
44,71,115
81,84,165
20,31,51
84,61,145
42,52,94
98,18,116
99,82,181
50,76,126
53,96,149
27,13,40
26,14,40
32,8,40
25,32,57
82,39,121
87,9,96
12,88,100
14,63,77
15,95,110
29,81,110
36,51,87
10,93,103
25,97,122
83,51,134
39,56,95
56,8,64
58,62,120
8,46,54
76,43,119
80,57,137
71,16,87
80,95,175
96,17,113
69,95,164
92,11,103
92,54,146
58,97,155
76,80,156
90,24,114
19,29,48
52,59,111
76,31,107
81,36,117
61,78,139
83,49,132
37,44,81
87,98,185
47,44,91
39,97,136
92,69,161
59,48,107
70,79,149
13,23,36
9,12,21
39,33,72
75,25,100
96,16,112
79,98,177
41,37,78
54,74,128
13,37,50
80,18,98
71,85,156
23,60,83
13,26,39
8,76,84
90,78,168
35,89,124
59,94,153
23,64,87
94,75,169
18,67,85
21,91,112
62,15,77
52,10,62
96,82,178
57,90,147
69,17,86
92,58,150
82,63,145
70,50,120
76,69,145
43,70,113
58,37,95
39,69,108
30,74,104
57,46,103
13,63,76
17,9,26
7,11,18
15,84,99
21,94,115
32,86,118
57,75,132
52,20,72
57,14,71
40,68,108
33,84,117
74,31,105
59,74,133
100,24,124
64,39,103
61,69,130
91,10,101
70,29,99
29,69,98
54,59,113
28,77,105
19,17,36
35,92,127
58,89,147
86,18,104
99,97,196
79,33,112
51,14,65
80,40,120
89,84,173
88,25,113
85,22,107
43,17,60
64,75,139
62,71,133
33,10,43
30,34,64
75,11,86
40,26,66
49,93,142
29,63,92
27,40,67
59,74,133
20,51,71
37,90,127
68,82,150
76,35,111
90,30,120
33,37,70
56,75,131
33,32,65
84,83,167
100,27,127
19,67,86
10,59,69
42,13,55
63,45,108
77,58,135
84,23,107
35,20,55
7,11,18
71,99,170
97,43,140
94,36,130
95,44,139
29,95,124
84,85,169
91,10,101
29,21,50
36,40,76
60,50,110
60,19,79
60,51,111
64,35,99
97,37,134
24,73,97
31,31,62
43,98,141
35,52,87
14,61,75
58,35,93
76,70,146
23,74,97
19,35,54
73,22,95
47,27,74
60,15,75
44,48,92
16,13,29
80,22,102
90,11,101
67,35,102
46,23,69
83,40,123
94,42,136
93,71,164
67,32,99
90,60,150
8,12,20
46,32,78
13,81,94
16,20,36
58,47,105
39,49,88
93,31,124
25,7,32
39,33,72
31,53,84
10,94,104
14,68,82
68,97,165
50,7,57
93,12,105
89,78,167
50,18,68
91,79,170
58,30,88
14,35,49
86,91,177
100,82,182
70,48,118
90,28,118
77,28,105
91,39,130
78,61,139
58,16,74
26,85,111
34,13,47
17,68,85
89,74,163
57,32,89
44,53,97
70,51,121
10,40,50
92,66,158
53,35,88
19,68,87
45,75,120
71,52,123
88,38,126
78,90,168
82,34,116
24,76,100
65,90,155
89,66,155
14,23,37
41,42,83
92,48,140
50,81,131
66,25,91
41,94,135
81,29,110
82,81,163
47,83,130
94,80,174
71,63,134
99,13,112
75,28,103
44,49,93
65,91,156
63,45,108
64,91,155
71,75,146
90,32,122
85,7,92
19,90,109
38,29,67
12,64,76
37,39,76
9,53,62
69,56,125
28,85,113
92,33,125
84,64,148
88,51,139
13,50,63
78,84,162
17,23,40
73,64,137
36,75,111
31,63,94
95,85,180
35,83,118
61,15,76
80,40,120
77,21,98
49,23,72
8,81,89
24,8,32
48,34,82
58,20,78
49,94,143
47,70,117
75,46,121
63,91,154
50,67,117
78,22,100
35,36,71
93,26,119
58,51,109
65,45,110
55,29,84
9,36,45
85,79,164
76,27,103
42,89,131
50,27,77
60,42,102
52,61,113
19,21,40
81,50,131
8,43,51
59,81,140
67,82,149
66,87,153
85,65,150
12,89,101
32,9,41
30,72,102
15,31,46
84,59,143
93,84,177
98,13,111
24,18,42
25,27,52
11,47,58
55,69,124
40,87,127
43,60,103
46,20,66
14,44,58
89,53,142
43,69,112
89,78,167
28,52,80
67,21,88
8,23,31
39,24,63
11,7,18
98,34,132
40,9,49
92,35,127
38,15,53
64,40,104
100,31,131
67,30,97
42,89,131
44,30,74
59,20,79
38,42,80
78,84,162
90,83,173
91,83,174
33,36,69
91,84,175
56,39,95
44,43,87
96,82,178
44,92,136
56,38,94
77,47,124
13,23,36
63,90,153
35,28,63
14,76,90
56,90,146
19,36,55
65,41,106
49,40,89
80,73,153
7,40,47
25,21,46
17,41,58
88,79,167
96,13,109
84,24,108
8,41,49
63,49,112
52,52,104
41,92,133
48,14,62
23,50,73
43,57,100
41,39,80
53,18,71
35,20,55
7,76,83
25,31,56
96,89,185
46,96,142
33,77,110
52,21,73
67,30,97
66,51,117
10,53,63
82,29,111
15,43,58
7,17,24
50,89,139
77,50,127
37,55,92
85,22,107
98,48,146
92,52,144
56,72,128
96,100,196
51,94,145
30,90,120
92,10,102
10,89,99
86,77,163
36,61,97
94,96,190
86,62,148
30,98,128
24,88,112
26,29,55
70,38,108
78,98,176
66,39,105
26,39,65
21,26,47
74,53,127
20,54,74
65,24,89
53,54,107
32,46,78
66,11,77
27,22,49
77,21,98
16,32,48
59,61,120
74,36,110
9,71,80
28,90,118
53,96,149
85,100,185
71,94,165
30,60,90
50,51,101
60,60,120
8,50,58
44,30,74
9,26,35
30,32,62
53,74,127
58,43,101
78,18,96
34,74,108
81,95,176
9,7,16
51,34,85
84,49,133
22,97,119
27,83,110
12,14,26
25,64,89
72,80,152
59,34,93
61,14,75
45,42,87
62,27,89
83,95,178
71,88,159
100,82,182
92,61,153
100,45,145
31,21,52
7,92,99
24,35,59
93,38,131
56,90,146
78,74,152
11,64,75
27,94,121
100,26,126
19,50,69
75,72,147
30,75,105
56,34,90
85,56,141
53,40,93
9,21,30
37,85,122
100,63,163
63,72,135
16,56,72
41,77,118
27,37,64
13,14,27
28,23,51
75,24,99
96,61,157
13,30,43
25,89,114
18,77,95
84,75,159
56,93,149
44,20,64
37,7,44
78,48,126
84,92,176
8,98,106
63,31,94
17,21,38
36,80,116
72,26,98
80,84,164
66,52,118
42,8,50
19,44,63
39,65,104
62,94,156
32,27,59
88,28,116
100,21,121
85,54,139
43,81,124
35,98,133
38,50,88
10,78,88
69,78,147
29,43,72
58,76,134
47,33,80
16,56,72
36,21,57
10,82,92
60,82,142
7,57,64
65,86,151
20,12,32
94,17,111
63,80,143
96,91,187
34,93,127
31,15,46
86,12,98
95,65,160
52,79,131
70,51,121
52,47,99
86,75,161
47,63,110
26,75,101
7,56,63
27,84,111
85,38,123
38,15,53
61,49,110
25,14,39
30,85,115
23,43,66
95,52,147
75,100,175
68,14,82
80,73,153
96,12,108
58,41,99
89,33,122
14,73,87
7,16,23
61,23,84
8,63,71
62,29,91
76,89,165
45,13,58
33,22,55
94,96,190
57,89,146
24,12,36
85,43,128
64,61,125
20,88,108
26,46,72
99,42,141
11,70,81
14,84,98
27,24,51
20,67,87
38,85,123
17,88,105
87,11,98
70,38,108
70,57,127
11,58,69
99,61,160
59,74,133
90,59,149
87,78,165
38,55,93
35,22,57
51,30,81
29,24,53
46,56,102
48,32,80
7,16,23
11,38,49
69,14,83
59,29,88
87,7,94
66,18,84
58,61,119
46,99,145
31,39,70
69,94,163
24,27,51
62,10,72
84,58,142
47,56,103
70,16,86
54,71,125
10,11,21
89,94,183
27,44,71
87,26,113
12,85,97
50,39,89
63,80,143
27,91,118
66,88,154
95,77,172
18,36,54
64,10,74
7,37,44
34,7,41
46,11,57
59,66,125
88,84,172
63,9,72
98,26,124
16,74,90
69,99,168
84,29,113
59,58,117
96,64,160
71,84,155
8,48,56
74,91,165
97,95,192
48,39,87
94,22,116
21,70,91
79,92,171
32,27,59
75,19,94
27,98,125
72,94,166
30,35,65
32,44,76
76,75,151
92,13,105
100,60,160
45,43,88
53,53,106
40,35,75
89,92,181
35,12,47
38,77,115
39,48,87
38,36,74
96,77,173
19,57,76
18,59,77
8,81,89
66,23,89
73,41,114
22,59,81
69,26,95
64,84,148
50,11,61
33,18,51
13,7,20
86,21,107
92,15,107
39,22,61
66,38,104
75,88,163
58,88,146
75,22,97
72,70,142
20,74,94
37,36,73
43,85,128
76,18,94
66,47,113
45,45,90
79,27,106
59,15,74
88,99,187
58,54,112
43,85,128
54,80,134
65,34,99
82,85,167
24,86,110
59,14,73
47,52,99
83,87,170
50,58,108
73,7,80
20,12,32
15,93,108
14,32,46
39,21,60
31,56,87
76,58,134
14,10,24
35,37,72
14,63,77
35,96,131
38,91,129
45,55,100
59,33,92
99,66,165
19,92,111
64,78,142
63,12,75
85,70,155
85,12,97
58,100,158
16,50,66
59,37,96
39,14,53
14,65,79
16,40,56
56,33,89
63,57,120
100,9,109
71,95,166
35,68,103
67,17,84
67,41,108
85,54,139
80,53,133
92,41,133
33,10,43
13,79,92
48,93,141
77,49,126
35,70,105
7,55,62
14,41,55
18,81,99
97,69,166
88,34,122
94,53,147
40,58,98
53,48,101
91,64,155
38,40,78
61,54,115
76,26,102
54,23,77
50,55,105
85,73,158
21,83,104
35,61,96
36,37,73
100,79,179
12,39,51
98,74,172
52,10,62
75,90,165
94,32,126
53,35,88
41,88,129
83,56,139
100,80,180
55,15,70
20,30,50
40,74,114
91,20,111
51,61,112
97,57,154
78,13,91
93,57,150
7,98,105
21,82,103
94,61,155
41,87,128
69,66,135
15,99,114
35,35,70
33,65,98
85,79,164
29,43,72
93,9,102
61,52,113
49,40,89
88,19,107
10,76,86
93,97,190
97,78,175
60,60,120
80,25,105
70,43,113
61,66,127
98,57,155
69,65,134
95,25,120
73,72,145
52,44,96
80,66,146
14,61,75
29,40,69
48,56,104
91,31,122
72,32,104
55,15,70
58,52,110
57,95,152
54,92,146
71,70,141
26,97,123
84,48,132
67,46,113
27,83,110
79,34,113
73,42,115
9,25,34
81,86,167
39,59,98
91,16,107
75,14,89
10,50,60
82,75,157
28,94,122
86,7,93
99,14,113
71,27,98
62,68,130
83,16,99
48,9,57
79,85,164
56,66,122
90,96,186
100,100,200
78,89,167
89,14,103
13,50,63
35,46,81
91,15,106
29,93,122
70,62,132
91,59,150
53,44,97
57,77,134
8,18,26
73,42,115
72,86,158
40,36,76
79,99,178
55,26,81
52,26,78
77,53,130
90,72,162
91,52,143
85,28,113
30,9,39
22,32,54
77,14,91
29,28,57
10,39,49
62,54,116
51,80,131
34,26,60
98,67,165
78,25,103
71,91,162
66,55,121
13,42,55
53,26,79
36,60,96
45,29,74
19,31,50
69,23,92
80,17,97
9,64,73
60,48,108
27,35,62
53,85,138
76,15,91
45,38,83
94,78,172
41,16,57
29,28,57
66,83,149
46,68,114
47,62,109
61,90,151
71,94,165
96,82,178
7,92,99
54,42,96
49,75,124
80,39,119
45,90,135
77,41,118
26,32,58
32,7,39
23,30,53
76,25,101
79,44,123
9,57,66
66,66,132
62,48,110
16,95,111
41,100,141
92,9,101
41,7,48
77,79,156
75,60,135
16,99,115
18,83,101
79,11,90
38,16,54
63,89,152
55,47,102
97,94,191
100,84,184
80,62,142
10,78,88
84,97,181
53,99,152
88,63,151
8,51,59
58,92,150
78,82,160
21,59,80
57,18,75
84,35,119
28,65,93
29,26,55
25,83,108
66,95,161
17,25,42
87,85,172
14,66,80
26,35,61
35,75,110
40,80,120
89,71,160
84,35,119
83,64,147
30,48,78
39,44,83
58,13,71
78,36,114
55,19,74
81,81,162
72,11,83
72,30,102
53,42,95
33,54,87
38,81,119
82,88,170
32,53,85
7,10,17
55,32,87
98,57,155
54,24,78
14,43,57
62,9,71
90,46,136
100,79,179
86,16,102
13,35,48
43,34,77
63,43,106
95,17,112
75,7,82
33,46,79
55,74,129
53,95,148
7,55,62
29,71,100
99,27,126
69,76,145
99,43,142
87,69,156
80,37,117
94,83,177
61,94,155
90,25,115
69,37,106
36,42,78
65,44,109
58,57,115
64,57,121
34,30,64
26,96,122
98,87,185
22,34,56
54,77,131
61,88,149
74,22,96
56,94,150
25,76,101
17,19,36
66,78,144
92,72,164
37,73,110
85,55,140
88,26,114
81,79,160
50,12,62
43,96,139
75,66,141
16,12,28
69,44,113
11,31,42
73,48,121
16,14,30
71,50,121
60,23,83
71,66,137
84,38,122
96,10,106
77,74,151
9,29,38
12,20,32
26,89,115
98,70,168
63,55,118
79,86,165
85,100,185
90,47,137
17,52,69
51,70,121
68,41,109
89,42,131
62,23,85
39,37,76
41,42,83
13,60,73
62,19,81
67,65,132
92,64,156
64,64,128
64,73,137
54,66,120
63,67,130
92,19,111
98,92,190
71,88,159
19,93,112
35,66,101
93,96,189
21,12,33
93,71,164
48,21,69
59,95,154
81,36,117
33,8,41
22,75,97
52,68,120
40,89,129
14,90,104
35,12,47
39,92,131
82,64,146
61,68,129
84,38,122
40,37,77
56,64,120
19,83,102
24,31,55
56,61,117
78,10,88
15,78,93
85,21,106
72,51,123
71,63,134
92,47,139
97,71,168
36,64,100
34,8,42
87,90,177
55,61,116
100,38,138
15,47,62
77,62,139
88,66,154
98,23,121
43,75,118
40,30,70
40,23,63
50,56,106
17,86,103
96,7,103
22,86,108
74,29,103
23,95,118
63,98,161
27,78,105
62,87,149
22,25,47
37,54,91
61,41,102
30,12,42
48,37,85
69,70,139
99,61,160
84,34,118
38,97,135
42,16,58
99,99,198
90,38,128
70,89,159
88,23,111
43,62,105
61,46,107
53,32,85
72,93,165
53,42,95
46,92,138
63,99,162
40,89,129
78,87,165
16,34,50
41,17,58
12,39,51
84,60,144
79,97,176
48,52,100
16,67,83
64,68,132
82,17,99
20,51,71
43,70,113
60,50,110
61,87,148
34,41,75
38,49,87
64,15,79
26,28,54
92,57,149
39,67,106
36,40,76
56,60,116
58,85,143
63,29,92
99,88,187
32,74,106
44,96,140
12,37,49
9,35,44
38,72,110
57,39,96
100,99,199
93,25,118
38,69,107
68,60,128
60,50,110
12,68,80
30,95,125
54,32,86
62,44,106
68,13,81
26,33,59
67,52,119
41,10,51
98,25,123
72,29,101
79,23,102
98,69,167
71,41,112
58,95,153
50,38,88
95,48,143
77,90,167
11,53,64
71,33,104
25,61,86
96,25,121
90,68,158
70,98,168
63,49,112
38,67,105
85,18,103
16,11,27
57,87,144
19,86,105
89,34,123
72,77,149
79,58,137
33,52,85
69,77,146
49,77,126
98,47,145
89,20,109
78,87,165
43,85,128
95,29,124
65,30,95
68,43,111
23,85,108
25,22,47
57,73,130
15,73,88
25,28,53
48,84,132
91,70,161
82,93,175
82,19,101
45,86,131
21,51,72
87,12,99
66,73,139
51,81,132
64,9,73
22,17,39
58,38,96
43,95,138
89,92,181
71,29,100
98,59,157
94,14,108
87,43,130
33,54,87
93,77,170
97,79,176
71,61,132
93,13,106
13,20,33
13,60,73
15,61,76
99,77,176
78,18,96
53,7,60
11,39,50
58,55,113
95,76,171
35,47,82
32,46,78
43,42,85
63,46,109
93,35,128
81,19,100
86,79,165
25,25,50
80,29,109
99,74,173
76,42,118
20,32,52
14,72,86
34,60,94
82,28,110
97,61,158
30,35,65
38,89,127
14,71,85
25,34,59
100,53,153
58,71,129
13,95,108
11,75,86
30,98,128
78,75,153
27,90,117
17,53,70
46,50,96
36,19,55
70,66,136
50,74,124
40,12,52
52,12,64
45,9,54
90,43,133
65,59,124
29,74,103
58,73,131
32,86,118
64,44,108
87,64,151
62,51,113
69,79,148
18,80,98
84,46,130
75,30,105
70,29,99
88,49,137
85,35,120
38,87,125
100,94,194
90,15,105
34,40,74
45,13,58
24,84,108
29,58,87
79,85,164
85,75,160
38,50,88
87,30,117
88,99,187
88,98,186
35,29,64
24,7,31
25,56,81
51,27,78
44,53,97
64,72,136
100,44,144
30,50,80
44,95,139
91,99,190
39,48,87
16,87,103
85,46,131
56,33,89
25,24,49
20,80,100
90,15,105
74,82,156
40,73,113
43,64,107
23,50,73
40,15,55
44,58,102
56,22,78
69,17,86
98,91,189
54,64,118
55,34,89
32,42,74
58,93,151
29,77,106
45,55,100
75,32,107
66,77,143
30,24,54
64,30,94
74,24,98
42,62,104
88,10,98
86,13,99
71,18,89
69,41,110
67,19,86
27,15,42
8,87,95
53,95,148
59,52,111
7,29,36
78,86,164
10,46,56
19,47,66
61,38,99
94,49,143
52,68,120
34,45,79
85,20,105
38,85,123
51,54,105
52,42,94
20,75,95
28,25,53
38,64,102
71,62,133
42,99,141
51,35,86
75,25,100
87,57,144
83,68,151
15,9,24
40,14,54
39,99,138
65,41,106
24,37,61
84,85,169
80,84,164
35,30,65
86,22,108
41,79,120
74,66,140
94,53,147
10,16,26
87,92,179
91,87,178
91,95,186
12,48,60
72,21,93
55,47,102
63,75,138
76,63,139
33,50,83
66,92,158
56,8,64
18,88,106
59,63,122
53,90,143
35,74,109
96,35,131
26,24,50
14,12,26
10,26,36
80,58,138
67,37,104
65,80,145
31,79,110
25,70,95
70,50,120
37,80,117
71,98,169
68,17,85
42,23,65
90,70,160
67,12,79
41,60,101
98,32,130
32,70,102
47,74,121
71,14,85
95,54,149
52,35,87
54,16,70
13,60,73
14,77,91
57,78,135
70,25,95
32,51,83
58,84,142
48,54,102
36,31,67
42,69,111
9,60,69
92,86,178
45,26,71
50,17,67
51,43,94
28,36,64
11,70,81
77,78,155
29,99,128
90,30,120
97,63,160
75,47,122
66,31,97
40,48,88
58,98,156
75,92,167
30,10,40
76,65,141
98,10,108
52,34,86
83,33,116
89,95,184
74,38,112
9,74,83
54,31,85
25,11,36
81,69,150
51,18,69
40,98,138
37,90,127
86,11,97
74,62,136
92,43,135
84,43,127
26,60,86
28,81,109
99,58,157
47,99,146
99,56,155
71,26,97
41,28,69
54,54,108
59,36,95
75,50,125
20,13,33
69,31,100
42,27,69
27,57,84
18,18,36
65,74,139
31,27,58
22,13,35
82,87,169
16,79,95
99,78,177
76,70,146
12,56,68
33,83,116
14,57,71
25,61,86
82,29,111
90,10,100
75,33,108
20,41,61
63,70,133
84,38,122
85,10,95
77,83,160
13,88,101
98,8,106
13,70,83
47,84,131
94,91,185
49,49,98
97,40,137
76,19,95
25,16,41
74,48,122
95,91,186
70,14,84
41,60,101
72,56,128
51,82,133
89,50,139
35,18,53
64,97,161
23,93,116
76,38,114
23,35,58
78,52,130
98,97,195
88,99,187
44,22,66
88,27,115
22,52,74
84,13,97
51,22,73
79,18,97
33,48,81
36,12,48
24,73,97
29,43,72
93,73,166
39,79,118
45,73,118
69,55,124
42,59,101
63,52,115
67,89,156
12,70,82
18,37,55
48,54,102
99,42,141
21,12,33
48,62,110
47,98,145
69,9,78
50,62,112
41,33,74
22,76,98
14,98,112
95,20,115
90,66,156
46,57,103
12,61,73
17,47,64
94,34,128
68,100,168
49,20,69
81,93,174
43,55,98
50,27,77
8,88,96
60,93,153
85,34,119
30,77,107
48,34,82
76,58,134
64,27,91
74,58,132
85,77,162
26,28,54
50,99,149
92,21,113
86,22,108
59,97,156
93,34,127
35,16,51
14,74,88
89,31,120
61,87,148
91,23,114
33,57,90
94,55,149
27,48,75
38,35,73
68,74,142
29,64,93
53,87,140
99,97,196
17,22,39
41,79,120
79,45,124
12,76,88
69,93,162
16,93,109
18,61,79
38,51,89
43,36,79
41,44,85
81,27,108
88,78,166
50,64,114
14,19,33
66,43,109
31,79,110
22,17,39
54,73,127
60,35,95
20,72,92
81,45,126
57,96,153
73,42,115
80,13,93
26,9,35
9,21,30
96,83,179
94,100,194
53,64,117
43,65,108
24,11,35
25,36,61
84,13,97
44,41,85
28,87,115
96,33,129
21,53,74
8,23,31
31,61,92
62,77,139
17,26,43
21,8,29
47,100,147
42,10,52
92,70,162
61,67,128
88,38,126
53,48,101
72,37,109
47,35,82
51,62,113
25,64,89
89,76,165
63,77,140
93,69,162
29,82,111
12,40,52
79,67,146
66,26,92
17,49,66
15,100,115
10,96,106
7,8,15
48,66,114
32,50,82
43,43,86
88,96,184
19,81,100
54,25,79
29,64,93
68,63,131
35,70,105
45,29,74
63,26,89
50,76,126
77,17,94
85,10,95
62,77,139
58,24,82
50,86,136
50,19,69
27,59,86
61,69,130
91,59,150
66,75,141
66,54,120
65,30,95
39,18,57
84,92,176
66,30,96
25,65,90
17,63,80
37,86,123
85,54,139
27,47,74
8,57,65
14,39,53
21,26,47
63,17,80
20,90,110
69,48,117
53,63,116
11,7,18
82,85,167
18,72,90
95,9,104
67,29,96
14,39,53
11,68,79
61,83,144
94,26,120
73,99,172
90,31,121
91,99,190
50,53,103
24,88,112
51,89,140
90,71,161
36,46,82
58,26,84
68,59,127
42,72,114
49,48,97
25,31,56
19,15,34
22,35,57
68,28,96
20,80,100
34,81,115
20,9,29
97,30,127
74,56,130
84,57,141
21,89,110
63,99,162
36,8,44
94,81,175
33,70,103
37,44,81
28,7,35
67,91,158
7,35,42
34,99,133
24,20,44
99,63,162
36,37,73
43,76,119
50,24,74
8,32,40
34,66,100
19,37,56
76,26,102
44,68,112
70,36,106
8,63,71
52,77,129
90,34,124
38,19,57
72,65,137
17,37,54
36,29,65
54,55,109
69,56,125
59,99,158
41,100,141
19,39,58
95,87,182
13,63,76
91,55,146
72,100,172
12,45,57
11,91,102
48,80,128
88,86,174
21,49,70
40,60,100
47,35,82
39,56,95
33,31,64
55,93,148
7,79,86
29,53,82
45,19,64
52,9,61
45,70,115
75,57,132
34,94,128
23,11,34
78,28,106
94,75,169
23,40,63
36,84,120
66,54,120
76,91,167
44,51,95
13,36,49
24,61,85
38,70,108
76,70,146
12,99,111
88,59,147
68,80,148
7,22,29
93,14,107
69,23,92
33,61,94
64,22,86
8,90,98
67,44,111
43,46,89
53,18,71
17,19,36
95,63,158
8,77,85
40,22,62
22,72,94
96,28,124
41,50,91
48,33,81
95,88,183
82,62,144
9,12,21
32,10,42
71,13,84
47,21,68
12,26,38
10,11,21
40,92,132
89,23,112
100,67,167
34,92,126
45,45,90
42,38,80
28,31,59
61,31,92
98,79,177
7,42,49
59,8,67
69,13,82
28,71,99
16,56,72
38,100,138
96,16,112
38,13,51
33,55,88
41,70,111
27,78,105
45,99,144
78,77,155
23,39,62
36,31,67
74,15,89
7,58,65
67,36,103
7,19,26
31,60,91
64,28,92
8,62,70
94,84,178
73,92,165
97,54,151
93,27,120
68,91,159
68,74,142
32,48,80
21,88,109
75,56,131
40,97,137
98,74,172
91,56,147
7,51,58
91,36,127
84,52,136
89,62,151
89,99,188
94,82,176
47,44,91
32,86,118
87,98,185
99,39,138
53,87,140
8,30,38
83,22,105
45,70,115
20,28,48
25,66,91
47,93,140
54,52,106
17,66,83
43,50,93
46,25,71
56,20,76
72,81,153
13,94,107
32,78,110
84,10,94
90,45,135
88,39,127
91,9,100
98,84,182
55,91,146
16,69,85
63,80,143
8,59,67
11,90,101
23,62,85
72,69,141
10,82,92
57,49,106
91,30,121
23,39,62
83,70,153
61,36,97
21,43,64
17,61,78
73,34,107
76,17,93
65,23,88
21,53,74
34,54,88
67,83,150
21,43,64
11,73,84
87,72,159
63,10,73
29,100,129
73,71,144
25,32,57
51,72,123
96,48,144
40,41,81
77,88,165
53,34,87
12,39,51
63,94,157
86,58,144
68,64,132
10,88,98
86,30,116
92,80,172
57,67,124
50,92,142
78,38,116
62,42,104
49,32,81
92,50,142
46,55,101
8,65,73
34,32,66
77,97,174
11,11,22
89,56,145
22,42,64
66,85,151
12,99,111
32,25,57
86,57,143
97,58,155
93,25,118
82,56,138
17,23,40
55,73,128
44,27,71
60,67,127
21,37,58
19,62,81
38,92,130
58,81,139
31,92,123
45,30,75
30,37,67
100,55,155
17,13,30
99,48,147
31,8,39
69,89,158
97,61,158
48,58,106
45,90,135
57,78,135
80,89,169
87,13,100
54,54,108
51,71,122
67,66,133
25,36,61
84,91,175
65,81,146
11,15,26
100,55,155
70,27,97
46,16,62
22,80,102
72,26,98
29,17,46
84,88,172
33,63,96
50,72,122
17,71,88
84,64,148
81,21,102
97,28,125
26,26,52
51,100,151
21,10,31
35,48,83
96,51,147
59,78,137
27,48,75
39,51,90
50,49,99
37,22,59
48,26,74
60,54,114
42,7,49
50,11,61
35,99,134
65,64,129
30,95,125
10,38,48
95,48,143
61,81,142
58,23,81
40,56,96
15,71,86
13,39,52
27,57,84
52,48,100
35,58,93
8,90,98
87,26,113
42,48,90
17,53,70
64,73,137
26,61,87
58,57,115
42,94,136
8,50,58
44,46,90
84,63,147
34,24,58
45,99,144
98,45,143
96,36,132
57,84,141
56,41,97
96,68,164
92,51,143
95,14,109
49,80,129
82,79,161
80,12,92
49,90,139
37,69,106
86,19,105
29,60,89
74,79,153
47,17,64
78,46,124
36,90,126
24,75,99
13,48,61
80,82,162
38,11,49
92,85,177
86,49,135
55,88,143
35,24,59
100,22,122
13,79,92
55,12,67
48,25,73
8,51,59
72,24,96
44,90,134
22,27,49
66,51,117
97,30,127
99,99,198
35,75,110
34,17,51
18,33,51
43,32,75
91,91,182
99,30,129
9,23,32
15,60,75
8,69,77
18,83,101
82,99,181
27,16,43
51,34,85
94,37,131
40,45,85
75,14,89
80,47,127
55,22,77
92,12,104
58,96,154
39,55,94
90,24,114
89,58,147
30,9,39
64,77,141
9,95,104
44,59,103
61,56,117
57,45,102
29,75,104
45,89,134
96,13,109
85,34,119
11,24,35
18,93,111
32,35,67
52,35,87
38,71,109
75,90,165
90,29,119
8,82,90
100,97,197
20,37,57
48,45,93
56,61,117
98,51,149
50,33,83
67,60,127
60,19,79
88,36,124
25,26,51
22,63,85
36,45,81
47,39,86
81,24,105
96,28,124
87,59,146
27,74,101
24,22,46
60,66,126
38,91,129
97,12,109
48,32,80
13,98,111
73,71,144
35,85,120
54,15,69
80,95,175
46,87,133
70,38,108
9,40,49
68,53,121
48,13,61
74,32,106
74,99,173
54,9,63
44,20,64
59,91,150
36,12,48
84,61,145
55,22,77
27,60,87
24,28,52
64,48,112
98,8,106
99,72,171
76,76,152
36,21,57
66,95,161
65,7,72
67,81,148
72,58,130
94,71,165
67,15,82
69,76,145
18,31,49
60,74,134
58,62,120
28,73,101
60,55,115
9,25,34
41,91,132
31,20,51
86,37,123
12,42,54
87,72,159
52,60,112
69,15,84
28,99,127
58,29,87
59,38,97
52,55,107
89,74,163
52,46,98
31,21,52
73,18,91
27,46,73
58,45,103
70,21,91
40,32,72
13,79,92
15,11,26
88,76,164
99,22,121
93,73,166
39,31,70
66,71,137
33,61,94
26,83,109
86,44,130
78,74,152
92,15,107
76,21,97
9,21,30
16,57,73
82,56,138
48,50,98
60,62,122
50,36,86
52,61,113
46,36,82
34,49,83
84,57,141
24,58,82
37,47,84
82,79,161
49,28,77
81,50,131
99,41,140
86,21,107
41,53,94
67,93,160
68,84,152
86,65,151
95,69,164
9,78,87
41,54,95
85,87,172
41,90,131
11,89,100
24,25,49
84,65,149
20,91,111
23,69,92
74,17,91
63,100,163
34,39,73
27,31,58
72,90,162
49,83,132
75,84,159
27,40,67
91,30,121
13,98,111
94,52,146
20,16,36
81,69,150
43,13,56
11,90,101
71,40,111
91,23,114
17,14,31
42,94,136
12,27,39
23,66,89
90,30,120
47,26,73
85,23,108
99,69,168
38,45,83
55,14,69
26,69,95
13,88,101
22,8,30
92,14,106
93,45,138
90,86,176
60,46,106
42,33,75
31,60,91
71,50,121
49,69,118
59,23,82
62,82,144
53,32,85
91,7,98
37,89,126
83,66,149
54,32,86
84,75,159
19,33,52
45,60,105
81,46,127
61,28,89
13,68,81
42,27,69
18,36,54
80,35,115
67,89,156
87,66,153
59,60,119
30,85,115
52,25,77
25,64,89
11,97,108
10,91,101
33,57,90
65,80,145
90,27,117
68,52,120
16,56,72
75,58,133
26,29,55
41,26,67
72,76,148
96,51,147
86,28,114
68,36,104
77,88,165
50,14,64
53,74,127
11,24,35
35,67,102
11,39,50
33,90,123
22,38,60
89,28,117
92,11,103
23,32,55
77,54,131
53,58,111
45,51,96
30,50,80
33,12,45
40,28,68
76,23,99
9,51,60
69,27,96
10,21,31
99,36,135
77,20,97
60,8,68
98,82,180
97,30,127
81,67,148
36,88,124
70,69,139
14,56,70
29,38,67
22,51,73
77,16,93
60,52,112
81,28,109
69,90,159
90,94,184
87,8,95
8,31,39
11,34,45
57,10,67
76,88,164
88,41,129
85,9,94
27,91,118
7,71,78
92,28,120
95,87,182
98,66,164
39,13,52
37,29,66
48,42,90
16,46,62
73,51,124
42,73,115
67,95,162
69,22,91
95,75,170
72,90,162
84,51,135
43,12,55
28,94,122
19,11,30
84,64,148
68,87,155
98,23,121
91,98,189
70,74,144
72,17,89
84,81,165
24,75,99
64,26,90
42,41,83
71,97,168
11,45,56
40,23,63
31,94,125
24,33,57
95,71,166
23,76,99
26,66,92
75,72,147
96,96,192
8,39,47
94,30,124
29,93,122
90,52,142
50,39,89
70,84,154
55,95,150
75,31,106
59,38,97
77,79,156
99,13,112
58,59,117
93,21,114
93,100,193
9,35,44
72,56,128
12,46,58
87,74,161
74,68,142
54,71,125
85,28,113
50,11,61
54,24,78
100,59,159
60,14,74
66,83,149
99,26,125
63,16,79
21,11,32
97,37,134
71,88,159
56,57,113
16,16,32
49,48,97
25,38,63
30,22,52
81,39,120
38,16,54
10,38,48
37,61,98
94,85,179
89,79,168
79,33,112
46,70,116
29,33,62
19,38,57
71,65,136
17,29,46
56,53,109
50,86,136
20,36,56
74,72,146
70,16,86
25,92,117
41,57,98
89,44,133
88,100,188
44,31,75
79,50,129
59,87,146
49,43,92
57,100,157
80,27,107
43,85,128
60,95,155
14,33,47
78,13,91
88,45,133
87,47,134
60,50,110
98,8,106
11,59,70
79,45,124
39,82,121
69,88,157
91,32,123
49,76,125
63,30,93
45,8,53
58,75,133
83,65,148
61,83,144
67,97,164
62,49,111
37,23,60
91,79,170
83,54,137
24,36,60
35,14,49
94,61,155
61,52,113
82,30,112
36,23,59
53,27,80
53,62,115
52,86,138
65,46,111
36,28,64
8,79,87
43,61,104
65,63,128
34,99,133
48,32,80
85,32,117
26,43,69
88,50,138
15,35,50
95,98,193
89,76,165
26,11,37
8,96,104
72,10,82
56,22,78
79,86,165
79,27,106
74,84,158
75,85,160
24,37,61
82,18,100
32,15,47
28,91,119
80,15,95
83,98,181
27,35,62
91,28,119
74,84,158
32,10,42
45,22,67
76,32,108
34,46,80
12,93,105
96,68,164
27,37,64
91,41,132
15,21,36
77,9,86
35,48,83
52,37,89
74,70,144
51,65,116
69,63,132
10,97,107
42,27,69
53,28,81
74,12,86
73,83,156
58,61,119
60,94,154
79,11,90
19,61,80
16,84,100
19,100,119
38,27,65
83,90,173
26,29,55
63,48,111
93,65,158
81,77,158
28,8,36
36,25,61
13,90,103
29,30,59
62,41,103
68,62,130
14,97,111
11,53,64
21,56,77
33,10,43
20,49,69
74,63,137
89,74,163
95,35,130
57,26,83
93,90,183
70,84,154
67,73,140
65,63,128
88,35,123
52,8,60
69,86,155
39,16,55
31,10,41
17,56,73
99,57,156
52,86,138
20,85,105
42,84,126
33,24,57
95,96,191
99,30,129
78,74,152
94,68,162
98,19,117
87,87,174
16,76,92
18,54,72
52,52,104
76,29,105
27,10,37
78,24,102
44,13,57
29,68,97
38,34,72
65,42,107
48,34,82
86,40,126
79,26,105
81,54,135
97,34,131
84,91,175
92,51,143
55,11,66
35,92,127
28,38,66
94,68,162
97,75,172
79,7,86
24,51,75
72,91,163
86,8,94
39,82,121
95,58,153
21,85,106
54,71,125
64,38,102
80,71,151
49,62,111
39,14,53
28,99,127
90,43,133
51,12,63
24,87,111
34,33,67
24,40,64
13,100,113
36,32,68
100,77,177
90,84,174
12,76,88
20,69,89
43,94,137
84,55,139
67,16,83
55,98,153
52,64,116
56,78,134
98,40,138
82,70,152
47,33,80
40,32,72
76,80,156
91,30,121
46,22,68
50,35,85
41,75,116
43,77,120
39,44,83
82,44,126
75,71,146
94,36,130
80,23,103
37,73,110
66,85,151
89,43,132
59,40,99
99,24,123
14,78,92
67,74,141
94,45,139
80,96,176
70,87,157
11,69,80
19,55,74
63,22,85
58,24,82
23,31,54
61,46,107
77,38,115
17,7,24
72,72,144
52,77,129
71,35,106
43,86,129
32,85,117
67,50,117
65,17,82
68,14,82
66,32,98
79,27,106
25,25,50
88,77,165
58,24,82
30,26,56
57,91,148
58,41,99
84,50,134
73,88,161
48,51,99
51,58,109
34,50,84
95,87,182
39,62,101
84,34,118
17,80,97
12,51,63
52,30,82
18,80,98
43,54,97
91,90,181
21,9,30
50,9,59
76,82,158
23,83,106
60,98,158
42,81,123
66,26,92
68,82,150
45,56,101
62,35,97
22,66,88
31,50,81
36,71,107
9,9,18
13,93,106
37,77,114
97,46,143
78,60,138
43,95,138
42,62,104
50,73,123
38,52,90
82,30,112
71,64,135
28,45,73
35,84,119
74,48,122
38,98,136
52,70,122
62,81,143
76,83,159
62,42,104
73,37,110
17,45,62
86,20,106
29,93,122
56,32,88
65,82,147
20,93,113
40,82,122
36,22,58
46,87,133
14,35,49
40,18,58
100,56,156
48,92,140
54,11,65
94,98,192
43,16,59
88,51,139
100,55,155
44,85,129
26,87,113
54,74,128
73,95,168
94,58,152
60,9,69
14,41,55
63,7,70
74,16,90
20,50,70
14,59,73
99,97,196
59,31,90
56,66,122
17,63,80
18,60,78
65,88,153
73,80,153
33,15,48
64,64,128
57,95,152
61,91,152
12,57,69
93,96,189
7,77,84
95,49,144
57,85,142
91,76,167
23,99,122
79,76,155
35,93,128
55,30,85
19,41,60
51,60,111
73,98,171
26,45,71
35,35,70
34,88,122
47,37,84
86,39,125
11,86,97
84,38,122
13,58,71
22,94,116
26,22,48
56,97,153
94,99,193
62,20,82
49,36,85
18,95,113
65,95,160
91,30,121
51,32,83
65,80,145
26,8,34
40,66,106
43,89,132
72,12,84
29,80,109
78,52,130
62,100,162
70,12,82
52,29,81
29,73,102
22,8,30
39,93,132
21,65,86
68,88,156
22,36,58
73,67,140
58,43,101
37,94,131
37,30,67
21,20,41
28,20,48
9,61,70
53,100,153
26,43,69
18,83,101
11,87,98
45,39,84
42,31,73
48,40,88
74,90,164
19,49,68
80,46,126
74,47,121
39,7,46
88,66,154
99,88,187
68,53,121
88,23,111
51,7,58
37,99,136
39,67,106
62,19,81
54,28,82
64,66,130
90,86,176
46,85,131
65,66,131
62,68,130
75,94,169
53,72,125
95,88,183
61,67,128
8,40,48
42,80,122
9,97,106
85,88,173
18,71,89
76,19,95
50,81,131
35,71,106
49,71,120
54,53,107
98,59,157
42,15,57
13,84,97
48,37,85
76,13,89
69,24,93
91,85,176
58,20,78
29,97,126
24,72,96
88,45,133
51,25,76
8,15,23
82,97,179
49,85,134
34,97,131
57,60,117
9,72,81
54,22,76
59,55,114
68,15,83
95,75,170
68,26,94
15,92,107
45,37,82
83,82,165
87,36,123
86,71,157
44,16,60
48,61,109
57,100,157
58,30,88
16,25,41
34,77,111
20,83,103
42,35,77
39,71,110
9,50,59
15,91,106
32,65,97
98,33,131
39,39,78
22,57,79
73,15,88
24,49,73
39,44,83
45,99,144
86,31,117
100,63,163
69,61,130
98,57,155
35,89,124
13,55,68
22,15,37
46,26,72
94,61,155
82,14,96
90,78,168
36,89,125
28,52,80
87,38,125
37,73,110
45,44,89
66,96,162
60,54,114
98,60,158
13,20,33
85,19,104
16,27,43
20,83,103
33,30,63
90,49,139
93,93,186
52,82,134
80,47,127
83,58,141
61,90,151
9,44,53
35,93,128
89,41,130
20,93,113
23,9,32
37,95,132
87,49,136
85,20,105
69,52,121
74,65,139
68,83,151
49,37,86
75,26,101
97,89,186
94,61,155
23,64,87
82,94,176
58,44,102
20,93,113
95,35,130
7,57,64
74,15,89
11,38,49
25,99,124
19,55,74
92,18,110
38,12,50
68,63,131
76,92,168
11,72,83
89,50,139
53,99,152
34,9,43
53,96,149
68,29,97
81,67,148
75,19,94
97,74,171
61,81,142
53,17,70
15,52,67
44,98,142
41,46,87
80,79,159
31,100,131
89,14,103
9,87,96
86,92,178
73,60,133
26,40,66
30,35,65
81,24,105
61,45,106
54,98,152
25,88,113
42,97,139
63,22,85
35,8,43
68,53,121
45,81,126
66,29,95
36,94,130
90,61,151
79,60,139
66,89,155
28,74,102
48,14,62
18,88,106
57,47,104
57,35,92
49,74,123
56,82,138
12,12,24
22,37,59
58,73,131
79,83,162
34,80,114
85,57,142
73,86,159
56,70,126
62,52,114
17,31,48
27,31,58
71,86,157
80,60,140
54,43,97
57,89,146
83,99,182
99,59,158
56,19,75
46,61,107
41,78,119
76,82,158
74,13,87
7,8,15
31,37,68
22,25,47
52,17,69
84,45,129
90,8,98
32,14,46
35,26,61
89,91,180
41,25,66
39,78,117
33,75,108
73,54,127
48,38,86
90,19,109
16,100,116
93,45,138
14,84,98
44,25,69
12,58,70
43,35,78
13,31,44
51,42,93
15,96,111
36,40,76
71,54,125
81,55,136
63,20,83
33,55,88
16,90,106
57,80,137
24,84,108
86,28,114
94,90,184
84,99,183
100,17,117
87,29,116
99,21,120
12,45,57
94,22,116
58,54,112
58,40,98
22,85,107
98,69,167
24,35,59
38,100,138
78,94,172
16,98,114
35,58,93
31,97,128
49,34,83
38,70,108
66,50,116
45,94,139
12,86,98
62,96,158
31,27,58
69,98,167
59,50,109
10,79,89
93,35,128
55,48,103
62,77,139
70,60,130
10,18,28
32,75,107
16,70,86
20,60,80
82,43,125
55,8,63
27,70,97
92,41,133
87,8,95
62,52,114
71,94,165
83,91,174
86,24,110
73,38,111
66,40,106
81,18,99
23,81,104
56,58,114
80,11,91
87,17,104
91,19,110
64,29,93
37,47,84
79,34,113
60,31,91
43,55,98
70,24,94
57,65,122
29,97,126
98,12,110
56,9,65
47,98,145
16,62,78
53,75,128
95,54,149
92,31,123
91,89,180
70,7,77
81,91,172
40,15,55
13,15,28
36,46,82
61,13,74
47,15,62
56,51,107
74,43,117
45,25,70
73,42,115
70,93,163
62,76,138
47,21,68
8,43,51
83,64,147
33,33,66
41,65,106
11,88,99
36,43,79
32,58,90
75,68,143
22,12,34
33,38,71
31,32,63
73,30,103
78,8,86
25,81,106
88,10,98
65,66,131
52,39,91
40,12,52
65,17,82
9,8,17
21,30,51
36,58,94
43,78,121
7,79,86
83,37,120
10,91,101
36,43,79
65,64,129
30,31,61
68,31,99
14,69,83
27,51,78
60,27,87
95,41,136
68,53,121
42,20,62
89,92,181
13,46,59
98,24,122
13,100,113
33,30,63
78,8,86
13,99,112
86,33,119
77,7,84
58,50,108
32,20,52
25,86,111
65,37,102
88,60,148
49,47,96
12,32,44
30,46,76
41,60,101
47,24,71
21,100,121
12,54,66
18,98,116
51,69,120
45,16,61
74,40,114
76,98,174
74,18,92
91,93,184
27,57,84
75,97,172
39,85,124
63,74,137
60,20,80
19,68,87
26,79,105
17,14,31
45,81,126
88,43,131
86,18,104
57,17,74
56,81,137
62,72,134
28,19,47
18,32,50
36,68,104
69,7,76
52,90,142
96,86,182
29,84,113
84,44,128
94,33,127
100,87,187
56,33,89
52,16,68
71,63,134
57,71,128
74,40,114
75,80,155
32,96,128
73,59,132
96,66,162
93,7,100
78,55,133
91,10,101
48,38,86
82,67,149
60,98,158
95,37,132
86,20,106
99,95,194
88,50,138
23,27,50
66,99,165
83,69,152
32,18,50
41,96,137
98,8,106
30,29,59
100,100,200
38,94,132
35,58,93
19,99,118
78,53,131
22,70,92
66,18,84
10,21,31
31,20,51
11,7,18
58,70,128
98,44,142
37,80,117
62,69,131
27,18,45
66,15,81
34,66,100
7,27,34
42,50,92
20,75,95
89,75,164
10,28,38
24,80,104
19,81,100
92,42,134
70,16,86
59,19,78
74,53,127
66,91,157
17,75,92
25,19,44
50,79,129
49,16,65
47,79,126
42,31,73
63,64,127
93,86,179
20,72,92
58,97,155
48,70,118
77,98,175
37,62,99
79,25,104
28,72,100
73,54,127
54,31,85
34,52,86
84,59,143
56,93,149
37,8,45
46,41,87
14,20,34
60,79,139
59,93,152
59,48,107
99,69,168
79,84,163
57,61,118
14,40,54
65,95,160
31,88,119
67,46,113
99,76,175
39,26,65
58,60,118
76,94,170
43,53,96
72,51,123
45,68,113
28,39,67
69,85,154
39,90,129
93,65,158
25,74,99
61,8,69
93,75,168
89,75,164
82,57,139
9,49,58
77,65,142
81,97,178
41,94,135
72,63,135
99,98,197
83,98,181
59,54,113
28,25,53
30,25,55
24,34,58
56,27,83
9,77,86
16,81,97
11,76,87
47,19,66
32,29,61
83,31,114
57,36,93
87,16,103
39,61,100
80,61,141
66,77,143
72,97,169
27,57,84
83,30,113
60,39,99
68,83,151
93,78,171
71,49,120
47,50,97
56,89,145
54,32,86
16,99,115
93,22,115
29,36,65
31,97,128
68,15,83
17,19,36
12,46,58
26,24,50
53,36,89
53,14,67
47,28,75
75,63,138
17,84,101
71,38,109
25,70,95
50,13,63
80,33,113
15,68,83
22,15,37
21,59,80
70,24,94
88,92,180
64,69,133
55,32,87
44,39,83
11,66,77
30,64,94
15,67,82
30,12,42
22,33,55
69,60,129
89,17,106
61,18,79
41,25,66
23,45,68
41,7,48
69,56,125
80,87,167
69,66,135
82,52,134
31,42,73
22,79,101
76,20,96
61,7,68
77,30,107
35,8,43
82,43,125
90,24,114
39,45,84
40,20,60
92,78,170
26,37,63
100,61,161
13,68,81
13,84,97
71,97,168
77,9,86
13,23,36
77,80,157
91,77,168
11,29,40
44,61,105
21,86,107
91,48,139
63,51,114
72,42,114
19,52,71
67,96,163
91,83,174
11,75,86
27,92,119
76,32,108
50,42,92
29,17,46
98,96,194
89,62,151
91,75,166
95,33,128
70,8,78
53,57,110
16,7,23
57,65,122
77,31,108
93,98,191
66,52,118
22,71,93
86,63,149
77,71,148
8,12,20
76,15,91
99,93,192
21,79,100
51,12,63
77,13,90
29,63,92
80,47,127
85,86,171
71,93,164
61,16,77
69,93,162
61,80,141
29,56,85
53,85,138
76,47,123
26,31,57
36,79,115
96,48,144
22,69,91
62,76,138
49,15,64
44,91,135
78,97,175
99,63,162
80,58,138
10,94,104
75,7,82
35,68,103
28,84,112
94,17,111
55,59,114
76,92,168
71,29,100
63,95,158
98,95,193
64,65,129
57,44,101
23,30,53
49,33,82
62,56,118
61,85,146
59,80,139
60,25,85
53,11,64
39,63,102
75,43,118
42,60,102
93,60,153
12,97,109
28,82,110
85,97,182
87,52,139
50,43,93
21,7,28
65,42,107
57,10,67
98,83,181
77,48,125
47,42,89
52,66,118
7,32,39
13,85,98
94,25,119
95,11,106
84,77,161
51,89,140
93,55,148
66,13,79
7,22,29
38,34,72
75,81,156
16,54,70
78,82,160
16,40,56
72,86,158
93,92,185
67,100,167
85,14,99
64,22,86
80,37,117
73,64,137
49,82,131
38,23,61
96,11,107
69,18,87
51,26,77
52,34,86
8,23,31
61,99,160
43,50,93
26,38,64
90,99,189
7,14,21
100,41,141
43,92,135
98,63,161
61,56,117
68,71,139
57,19,76
48,67,115
35,98,133
61,38,99
93,53,146
19,86,105
50,87,137
70,22,92
9,22,31
68,56,124
27,98,125
12,15,27
38,90,128
15,51,66
34,61,95
31,34,65
87,62,149
34,22,56
82,23,105
53,19,72
35,100,135
37,86,123
63,53,116
56,68,124
70,16,86
36,24,60
92,69,161
13,95,108
74,84,158
78,19,97
72,43,115
67,8,75
54,62,116
88,75,163
44,8,52
60,9,69
70,59,129
36,93,129
62,21,83
12,35,47
48,53,101
80,56,136
16,87,103
49,91,140
90,58,148
58,67,125
82,44,126
62,64,126
14,92,106
24,71,95
45,42,87
66,74,140
59,30,89
97,12,109
98,83,181
88,80,168
82,49,131
14,49,63
83,67,150
58,100,158
73,18,91
60,98,158
99,62,161
89,42,131
49,55,104
12,94,106
58,11,69
66,63,129
50,91,141
70,19,89
92,70,162
32,62,94
19,46,65
9,59,68
49,29,78
56,50,106
25,95,120
8,99,107
72,69,141
70,52,122
30,27,57
72,87,159
85,34,119
91,20,111
100,34,134
20,76,96
52,98,150
69,53,122
84,95,179
70,56,126
41,8,49
54,61,115
74,8,82
57,32,89
57,85,142
54,78,132
97,36,133
9,97,106
11,40,51
25,69,94
45,32,77
55,50,105
70,84,154
65,65,130
55,47,102
61,7,68
61,85,146
8,9,17
72,100,172
50,29,79
79,7,86
88,62,150
17,69,86
58,56,114
27,13,40
28,78,106
20,23,43
74,87,161
72,37,109
77,92,169
50,99,149
78,67,145
47,13,60
82,43,125
50,17,67
70,47,117
21,21,42
57,55,112
37,74,111
66,34,100
67,45,112
41,59,100
81,36,117
54,80,134
55,25,80
36,96,132
64,98,162
33,15,48
82,20,102
48,74,122
19,57,76
71,43,114
45,41,86
8,80,88
88,55,143
19,59,78
43,42,85
96,67,163
17,21,38
54,47,101
9,21,30
66,39,105
26,90,116
76,97,173
92,45,137
43,79,122
92,98,190
36,54,90
60,97,157
31,25,56
49,50,99
69,97,166
90,21,111
12,54,66
15,16,31
89,76,165
83,74,157
81,72,153
44,51,95
19,90,109
63,19,82
76,24,100
70,100,170
85,19,104
23,93,116
50,22,72
14,96,110
79,58,137
77,16,93
86,13,99
63,63,126
12,19,31
66,25,91
35,24,59
84,93,177
25,16,41
38,14,52
71,97,168
34,100,134
95,53,148
34,15,49
62,89,151
70,51,121
12,26,38
12,23,35
100,46,146
67,45,112
30,10,40
90,82,172
97,57,154
88,80,168
63,78,141
14,68,82
37,37,74
90,85,175
18,12,30
41,39,80
62,38,100
79,7,86
63,41,104
7,37,44
34,18,52
52,96,148
44,99,143
30,53,83
49,98,147
97,11,108
41,53,94
87,9,96
21,41,62
13,52,65
80,52,132
31,19,50
56,100,156
85,57,142
16,19,35
97,94,191
33,14,47
94,11,105
22,29,51
87,78,165
36,59,95
91,33,124
19,43,62
18,18,36
43,98,141
18,31,49
83,93,176
55,63,118
66,8,74
86,8,94
80,24,104
81,28,109
26,30,56
58,36,94
63,43,106
66,13,79
37,40,77
7,74,81
39,48,87
26,59,85
74,73,147
16,29,45
82,64,146
15,46,61
87,63,150
23,26,49
58,38,96
41,81,122
54,69,123
68,55,123
85,27,112
22,70,92
18,60,78
49,31,80
90,35,125
49,76,125
96,99,195
40,62,102
100,10,110
96,96,192
43,55,98
37,83,120
10,27,37
78,77,155
38,67,105
66,68,134
68,73,141
62,33,95
79,100,179
92,26,118
62,34,96
98,62,160
31,59,90
20,27,47
39,62,101
31,74,105
63,94,157
79,67,146
98,91,189
40,9,49
86,99,185
97,48,145
81,49,130
58,32,90
8,81,89
22,46,68
82,8,90
95,27,122
53,81,134
25,47,72
16,47,63
22,19,41
41,91,132
59,9,68
32,79,111
51,86,137
27,36,63
22,69,91
96,52,148
35,10,45
54,34,88
72,26,98
24,23,47
11,63,74
29,12,41
10,55,65
17,33,50
27,57,84
47,28,75
92,84,176
56,56,112
16,52,68
94,43,137
94,36,130
40,96,136
44,51,95
93,83,176
45,40,85
39,16,55
89,80,169
36,63,99
48,40,88
87,68,155
27,28,55
26,45,71
33,76,109
26,56,82
53,15,68
50,65,115
63,8,71
89,81,170
93,34,127
17,66,83
48,75,123
37,33,70
48,36,84
63,90,153
40,85,125
74,10,84
65,41,106
87,84,171
21,83,104
81,53,134
86,61,147
81,44,125
63,42,105
10,81,91
25,58,83
52,89,141
78,53,131
16,28,44
82,65,147
25,70,95
64,43,107
56,100,156
63,11,74
35,95,130
62,12,74
16,86,102
38,58,96
38,77,115
29,81,110
40,82,122
67,42,109
10,28,38
80,91,171
39,55,94
74,74,148
63,78,141
14,31,45
7,95,102
35,54,89
34,89,123
66,32,98
54,22,76
24,60,84
42,87,129
56,27,83
53,80,133
14,35,49
24,66,90
74,81,155
95,31,126
83,17,100
72,26,98
47,89,136
68,34,102
79,57,136
75,40,115
66,24,90
93,42,135
54,88,142
91,42,133
14,54,68
24,32,56
28,84,112
65,17,82
87,72,159
68,74,142
77,33,110
10,86,96
8,56,64
11,80,91
20,20,40
27,88,115
7,82,89
44,21,65
26,72,98
65,45,110
32,26,58
53,78,131
11,50,61
71,38,109
52,15,67
69,93,162
69,56,125
68,10,78
97,93,190
30,18,48
33,65,98
88,13,101
53,77,130
16,98,114
15,16,31
91,97,188
44,89,133
82,46,128
14,29,43
62,96,158
84,94,178
18,83,101
17,7,24
98,57,155
56,37,93
81,19,100
42,14,56
93,100,193
46,62,108
15,51,66
15,66,81
26,76,102
50,46,96
40,84,124
70,18,88
65,55,120
77,60,137
30,78,108
44,96,140
19,73,92
85,85,170
72,25,97
55,51,106
19,32,51
28,61,89
67,27,94
47,66,113
19,58,77
9,89,98
94,85,179
30,18,48
66,64,130
56,75,131
78,29,107
61,27,88
33,37,70
78,24,102
47,66,113
47,35,82
90,7,97
63,28,91
39,67,106
14,40,54
54,12,66
44,89,133
94,66,160
25,50,75
51,73,124
31,14,45
9,47,56
41,75,116
91,44,135
57,87,144
62,36,98
80,78,158
93,76,169
99,8,107
72,98,170
52,42,94
43,45,88
39,18,57
21,88,109
59,23,82
67,100,167
24,86,110
100,35,135
45,61,106
75,45,120
88,42,130
85,19,104
44,24,68
13,30,43
22,9,31
92,72,164
73,14,87
25,49,74
12,61,73
91,87,178
26,55,81
42,18,60
60,92,152
24,97,121
15,16,31
72,94,166
18,66,84
78,73,151
94,44,138
68,31,99
29,61,90
88,7,95
27,47,74
55,47,102
9,84,93
63,28,91
11,84,95
99,84,183
55,79,134
64,24,88
74,89,163
96,98,194
54,27,81
80,10,90
89,13,102
41,40,81
37,89,126
69,21,90
97,56,153
90,16,106
79,34,113
18,63,81
92,61,153
61,99,160
96,92,188
88,92,180
62,49,111
11,52,63
89,42,131
99,52,151
53,34,87
8,69,77
42,37,79
10,31,41
85,59,144
14,34,48
29,22,51
76,99,175
98,84,182
38,94,132
29,61,90
7,84,91
51,39,90
84,69,153
11,10,21
85,86,171
68,17,85
23,88,111
67,69,136
14,93,107
35,87,122
14,15,29
33,9,42
14,75,89
73,50,123
23,50,73
83,16,99
10,29,39
53,96,149
14,97,111
34,7,41
70,27,97
70,48,118
96,71,167
98,83,181
40,79,119
19,90,109
70,88,158
59,29,88
79,79,158
80,80,160
52,39,91
44,18,62
99,11,110
51,27,78
13,95,108
62,88,150
31,99,130
36,54,90
95,100,195
42,10,52
70,72,142
14,20,34
68,83,151
59,67,126
77,54,131
70,71,141
19,26,45
44,74,118
78,99,177
41,26,67
72,47,119
28,78,106
100,76,176
44,9,53
92,74,166
23,77,100
56,66,122
69,50,119
37,45,82
15,64,79
26,35,61
100,54,154
98,95,193
14,39,53
23,95,118
52,39,91
50,69,119
18,63,81
21,64,85
25,78,103
16,78,94
75,71,146
14,65,79
53,8,61
50,60,110
79,26,105
21,89,110
26,55,81
27,24,51
34,26,60
83,90,173
35,11,46
62,68,130
35,84,119
29,43,72
9,64,73
51,21,72
32,95,127
24,100,124
21,36,57
53,29,82
24,64,88
100,89,189
53,36,89
80,41,121
80,89,169
29,72,101
77,15,92
84,24,108
79,29,108
23,44,67
14,32,46
24,96,120
92,69,161
63,68,131
49,74,123
10,60,70
75,46,121
53,19,72
27,47,74
87,69,156
20,44,64
48,29,77
42,97,139
70,56,126
83,85,168
65,36,101
83,76,159
30,21,51
95,32,127
97,100,197
25,88,113
63,33,96
77,74,151
41,51,92
55,47,102
16,17,33
31,79,110
98,49,147
25,55,80
27,85,112
45,47,92
22,42,64
38,15,53
37,84,121
19,9,28
38,7,45
30,35,65
87,56,143
70,45,115
7,86,93
48,34,82
11,44,55
72,74,146
11,59,70
91,78,169
16,62,78
67,50,117
30,32,62
34,84,118
55,37,92
55,10,65
51,81,132
61,50,111
78,35,113
64,56,120
48,51,99
91,16,107
86,100,186
15,99,114
40,28,68
61,28,89
52,71,123
87,100,187
34,25,59
74,72,146
53,58,111
73,55,128
68,56,124
79,72,151
100,14,114
73,99,172
40,65,105
93,57,150
35,52,87
78,82,160
74,25,99
42,59,101
42,17,59
81,57,138
94,25,119
75,51,126
77,71,148
15,45,60
11,66,77
76,60,136
46,64,110
61,59,120
49,48,97
37,97,134
8,36,44
20,51,71
70,79,149
18,31,49
64,71,135
84,16,100
67,50,117
97,44,141
18,30,48
12,100,112
54,61,115
20,46,66
38,25,63
52,27,79
19,17,36
53,77,130
71,96,167
37,83,120
32,75,107
72,83,155
92,48,140
91,81,172
72,51,123
100,88,188
84,26,110
61,70,131
91,45,136
36,36,72
66,58,124
16,98,114
7,68,75
38,56,94
94,66,160
74,49,123
36,72,108
47,56,103
70,36,106
87,31,118
9,9,18
69,86,155
95,14,109
51,44,95
100,92,192
29,99,128
41,24,65
68,81,149
37,80,117
79,26,105
11,98,109
63,17,80
62,61,123
79,69,148
70,89,159
24,66,90
70,11,81
42,16,58
47,62,109
81,33,114
76,99,175
29,64,93
74,32,106
7,98,105
89,79,168
85,79,164
8,61,69
8,88,96
86,84,170
92,8,100
21,37,58
69,84,153
69,62,131
94,32,126
37,67,104
94,32,126
79,17,96
92,8,100
15,81,96
52,55,107
93,21,114
30,99,129
17,100,117
98,43,141
28,45,73
11,96,107
14,74,88
35,56,91
32,70,102
24,85,109
36,77,113
73,17,90
12,20,32
72,31,103
20,40,60
66,47,113
93,88,181
70,33,103
59,90,149
90,89,179
39,22,61
11,85,96
68,42,110
39,42,81
56,86,142
31,26,57
28,92,120
61,25,86
73,76,149
20,16,36
83,48,131
16,22,38
60,32,92
28,88,116
31,57,88
14,21,35
42,43,85
76,32,108
81,23,104
100,31,131
42,95,137
15,33,48
12,41,53
76,39,115
35,37,72
60,79,139
92,91,183
11,96,107
19,16,35
60,87,147
55,18,73
60,92,152
49,14,63
100,67,167
79,59,138
58,91,149
46,65,111
29,60,89
75,46,121
38,37,75
90,37,127
17,96,113
89,61,150
15,48,63
93,62,155
100,27,127
97,49,146
41,61,102
76,29,105
84,24,108
55,92,147
43,52,95
49,68,117
34,46,80
99,77,176
78,28,106
66,60,126
58,100,158
59,41,100
28,58,86
20,16,36
23,71,94
20,59,79
35,35,70
71,44,115
73,19,92
53,18,71
82,68,150
76,10,86
35,96,131
11,40,51
25,96,121
93,10,103
83,25,108
26,50,76
60,94,154
24,29,53
87,100,187
68,99,167
55,32,87
18,79,97
57,23,80
23,75,98
67,16,83
34,60,94
96,13,109
91,53,144
40,66,106
64,65,129
83,91,174
26,66,92
65,13,78
31,74,105
67,43,110
73,61,134
47,89,136
14,37,51
73,29,102
10,31,41
65,61,126
19,14,33
59,78,137
86,40,126
100,10,110
43,48,91
39,78,117
75,94,169
99,29,128
71,49,120
91,45,136
51,85,136
81,80,161
30,17,47
46,52,98
11,21,32
16,63,79
86,18,104
56,90,146
31,84,115
32,20,52
82,65,147
68,97,165
96,63,159
7,48,55
97,37,134
45,58,103
92,93,185
73,82,155
97,93,190
96,79,175
57,19,76
56,100,156
44,64,108
77,83,160
39,82,121
70,54,124
41,22,63
64,36,100
19,90,109
48,92,140
75,73,148
72,66,138
43,56,99
61,71,132
60,77,137
28,79,107
77,67,144
84,75,159
16,42,58
9,74,83
69,48,117
100,26,126
76,10,86
62,56,118
29,45,74
92,8,100
76,51,127
88,34,122
42,20,62
34,14,48
12,39,51
99,58,157
23,14,37
96,47,143
91,54,145
12,53,65
71,77,148
14,40,54
18,33,51
91,22,113
16,26,42
96,85,181
89,49,138
51,10,61
7,82,89
81,15,96
26,57,83
41,44,85
12,50,62
54,57,111
18,90,108
97,66,163
27,29,56
86,60,146
42,12,54
9,92,101
7,77,84
75,35,110
7,96,103
57,81,138
35,16,51
17,54,71
42,71,113
84,43,127
82,86,168
34,71,105
69,90,159
27,54,81
88,30,118
81,99,180
58,61,119
64,75,139
82,69,151
84,66,150
61,43,104
25,44,69
11,69,80
13,50,63
72,15,87
24,34,58
51,62,113
28,59,87
39,18,57
7,84,91
49,76,125
7,64,71
44,47,91
62,95,157
15,84,99
17,88,105
86,71,157
25,87,112
44,39,83
58,30,88
69,28,97
69,30,99
41,18,59
21,78,99
18,99,117
71,23,94
33,71,104
35,80,115
37,65,102
81,88,169
54,29,83
15,95,110
23,21,44
88,88,176
76,37,113
9,62,71
57,55,112
72,85,157
65,47,112
40,60,100
7,61,68
51,54,105
20,34,54
98,63,161
48,86,134
90,46,136
55,9,64
15,13,28
66,55,121
69,34,103
88,69,157
36,90,126
70,58,128
75,31,106
100,53,153
87,85,172
54,88,142
23,88,111
77,53,130
42,49,91
76,16,92
26,59,85
86,79,165
81,25,106
70,12,82
93,25,118
42,69,111
96,17,113
21,22,43
66,33,99
11,75,86
51,51,102
33,47,80
56,73,129
46,28,74
12,49,61
94,51,145
9,49,58
33,54,87
100,99,199
39,48,87
56,16,72
67,46,113
90,15,105
18,78,96
32,11,43
33,62,95
86,49,135
19,95,114
46,14,60
75,19,94
77,39,116
53,17,70
97,48,145
67,12,79
49,83,132
23,41,64
99,62,161
31,72,103
82,61,143
45,92,137
22,22,44
82,76,158
36,42,78
33,16,49
63,63,126
45,20,65
74,30,104
43,94,137
50,78,128
100,82,182
69,11,80
29,83,112
49,11,60
46,42,88
37,91,128
67,24,91
80,28,108
27,93,120
94,59,153
49,17,66
15,51,66
12,93,105
96,16,112
82,67,149
29,96,125
46,92,138
15,27,42
48,51,99
67,46,113
53,73,126
32,11,43
88,25,113
47,17,64
39,82,121
69,16,85
46,93,139
46,96,142
12,44,56
56,27,83
30,38,68
22,38,60
95,21,116
23,13,36
71,53,124
38,90,128
91,75,166
49,82,131
29,36,65
59,63,122
93,95,188
13,81,94
70,65,135
15,97,112
29,95,124
61,89,150
27,97,124
96,75,171
42,100,142
88,65,153
40,94,134
72,56,128
63,52,115
18,60,78
78,65,143
62,81,143
35,93,128
90,62,152
81,80,161
50,88,138
57,66,123
28,83,111
81,19,100
67,52,119
57,73,130
21,53,74
40,92,132
75,76,151
24,38,62
51,98,149
67,58,125
99,60,159
53,79,132
28,25,53
86,14,100
46,28,74
26,8,34
31,25,56
50,100,150
98,34,132
74,74,148
10,98,108
61,49,110
84,66,150
76,95,171
71,62,133
73,11,84
90,98,188
96,96,192
28,53,81
30,16,46
37,7,44
13,56,69
93,43,136
89,98,187
99,41,140
36,95,131
92,74,166
50,7,57
20,42,62
48,83,131
26,72,98
52,32,84
41,90,131
87,96,183
34,10,44
24,21,45
39,90,129
56,36,92
13,100,113
87,29,116
73,68,141
55,22,77
10,34,44
37,56,93
76,41,117
93,73,166
100,71,171
11,46,57
95,47,142
58,62,120
39,10,49
96,54,150
29,8,37
88,68,156
34,25,59
26,31,57
63,18,81
87,61,148
47,53,100
100,79,179
94,81,175
66,17,83
35,99,134
36,87,123
42,19,61
13,41,54
68,26,94
80,89,169
34,77,111
41,23,64
41,92,133
71,22,93
54,80,134
24,62,86
48,98,146
8,92,100
50,28,78
100,49,149
39,59,98
8,69,77
41,85,126
16,26,42
16,88,104
89,52,141
42,29,71
66,53,119
45,34,79
29,21,50
67,38,105
84,60,144
15,10,25
57,22,79
75,14,89
16,11,27
30,19,49
67,75,142
71,85,156
34,68,102
35,74,109
65,14,79
47,94,141
83,56,139
76,28,104
13,20,33
62,61,123
40,21,61
35,75,110
7,74,81
50,26,76
55,93,148
79,75,154
7,13,20
40,23,63
57,69,126
26,20,46
14,71,85
92,54,146
64,22,86
82,62,144
25,26,51
31,39,70
90,14,104
80,34,114
24,100,124
32,26,58
54,12,66
14,56,70
98,97,195
50,88,138
34,31,65
63,91,154
55,12,67
49,95,144
35,94,129
64,86,150
10,16,26
93,83,176
85,8,93
58,17,75
51,70,121
100,53,153
9,24,33
48,82,130
53,59,112
8,8,16
91,39,130
57,48,105
92,76,168
38,100,138
8,44,52
66,26,92
66,54,120
7,25,32
64,22,86
85,20,105
78,8,86
16,29,45
48,100,148
84,21,105
76,95,171
95,70,165
17,35,52
19,93,112
62,62,124
35,17,52
24,39,63
78,88,166
43,30,73
76,35,111
24,39,63
85,14,99
93,53,146
53,18,71
95,10,105
22,45,67
25,78,103
84,31,115
38,65,103
95,19,114
39,38,77
88,85,173
24,83,107
74,40,114
100,93,193
88,8,96
83,96,179
63,69,132
94,19,113
79,83,162
42,20,62
43,59,102
93,100,193
41,19,60
80,53,133
84,17,101
38,71,109
76,65,141
74,100,174
31,59,90
46,74,120
59,74,133
75,83,158
8,30,38
59,64,123
94,69,163
77,84,161
55,84,139
76,85,161
57,76,133
31,20,51
85,51,136
99,9,108
66,98,164
95,15,110
44,89,133
94,20,114
26,53,79
50,80,130
27,53,80
32,32,64
16,53,69
21,7,28
70,10,80
23,99,122
59,96,155
24,71,95
65,22,87
82,74,156
80,70,150
79,20,99
40,35,75
67,47,114
19,79,98
23,10,33
51,75,126
25,78,103
48,89,137
70,90,160
56,35,91
94,63,157
33,97,130
74,28,102
71,10,81
17,27,44
99,95,194
68,24,92
90,52,142
18,75,93
35,84,119
65,41,106
33,89,122
95,41,136
90,72,162
91,57,148
51,42,93
26,22,48
90,38,128
73,60,133
37,59,96
28,9,37
59,25,84
9,24,33
58,100,158
99,70,169
21,89,110
93,61,154
45,8,53
13,22,35
41,19,60
78,28,106
55,58,113
16,80,96
13,21,34
94,77,171
40,95,135
91,36,127
11,35,46
72,95,167
93,79,172
24,13,37
69,67,136
37,75,112
59,28,87
33,11,44
27,67,94
88,76,164
15,83,98
81,68,149
64,28,92
30,22,52
99,69,168
15,78,93
10,76,86
76,68,144
86,31,117
57,39,96
97,18,115
52,69,121
97,20,117
78,48,126
77,37,114
95,36,131
11,34,45
15,54,69
47,41,88
77,84,161
77,82,159
37,56,93
66,48,114
95,34,129
66,33,99
74,70,144
54,42,96
98,81,179
86,87,173
78,88,166
49,63,112
23,31,54
51,47,98
89,45,134
13,82,95
35,74,109
44,44,88
54,73,127
25,92,117
42,25,67
68,44,112
11,43,54
80,30,110
29,97,126
85,94,179
91,9,100
71,74,145
31,27,58
80,100,180
86,25,111
61,9,70
73,18,91
73,99,172
46,8,54
9,84,93
73,71,144
60,29,89
87,95,182
62,69,131
39,92,131
48,63,111
87,49,136
25,46,71
49,71,120
34,33,67
7,70,77
39,83,122
92,13,105
80,56,136
92,59,151
70,98,168
31,27,58
80,74,154
40,90,130
99,9,108
72,44,116
90,69,159
41,48,89
15,55,70
70,62,132
21,77,98
77,29,106
66,63,129
98,64,162
100,83,183
67,24,91
17,50,67
49,62,111
81,97,178
75,30,105
92,53,145
52,9,61
30,45,75
21,22,43
17,91,108
88,15,103
26,56,82
82,75,157
29,19,48
16,47,63
23,79,102
61,13,74
100,98,198
72,63,135
49,17,66
55,92,147
52,48,100
47,95,142
29,11,40
48,30,78
58,84,142
62,94,156
86,98,184
14,34,48
99,76,175
84,57,141
15,55,70
98,66,164
53,96,149
36,19,55
21,92,113
59,82,141
24,66,90
97,86,183
61,75,136
99,34,133
36,98,134
37,7,44
44,15,59
96,99,195
21,25,46
27,53,80
64,81,145
37,86,123
71,87,158
23,71,94
65,24,89
98,24,122
91,76,167
34,25,59
24,90,114
24,61,85
46,44,90
72,43,115
26,17,43
22,71,93
9,41,50
23,19,42
25,64,89
68,75,143
9,83,92
53,76,129
71,72,143
9,81,90
46,57,103
75,37,112
67,55,122
42,70,112
11,47,58
24,30,54
88,34,122
80,7,87
9,33,42
64,11,75
64,26,90
9,16,25
75,22,97
69,66,135
69,57,126
61,9,70
83,73,156
86,68,154
97,97,194
79,65,144
97,69,166
45,28,73
43,70,113
66,65,131
71,39,110
11,76,87
21,95,116
59,42,101
63,80,143
82,27,109
8,78,86
25,97,122
62,13,75
12,24,36
46,22,68
8,30,38
14,14,28
72,52,124
10,23,33
16,12,28
50,43,93
49,66,115
68,13,81
49,70,119
89,7,96
10,12,22
90,20,110
25,80,105
12,87,99
73,46,119
96,90,186
98,65,163
59,55,114
30,13,43
29,54,83
49,83,132
24,31,55
66,27,93
29,28,57
86,17,103
82,26,108
83,82,165
58,88,146
62,98,160
19,76,95
93,45,138
36,39,75
22,21,43
23,59,82
70,89,159
58,57,115
56,79,135
90,92,182
11,80,91
9,47,56
18,69,87
8,99,107
95,23,118
93,75,168
97,44,141
57,82,139
13,67,80
63,33,96
62,60,122
34,86,120
13,45,58
96,77,173
11,71,82
81,28,109
46,27,73
28,48,76
36,90,126
17,54,71
81,70,151
13,36,49
25,98,123
64,50,114
8,45,53
93,69,162
70,7,77
69,42,111
94,27,121
87,47,134
17,15,32
42,59,101
35,59,94
50,73,123
14,58,72
8,35,43
40,90,130
23,86,109
11,33,44
34,73,107
21,26,47
33,76,109
67,26,93
70,27,97
9,96,105
29,96,125
68,85,153
72,97,169
49,9,58
12,98,110
35,82,117
56,10,66
55,68,123
93,53,146
25,87,112
39,31,70
27,62,89
38,64,102
56,14,70
21,50,71
68,32,100
38,88,126
87,93,180
17,38,55
41,13,54
97,73,170
71,85,156
84,58,142
24,76,100
28,19,47
37,40,77
20,33,53
93,93,186
40,55,95
95,50,145
8,13,21
66,89,155
7,49,56
9,41,50
67,30,97
72,39,111
84,43,127
88,8,96
82,13,95
74,9,83
22,52,74
50,32,82
80,19,99
60,23,83
91,55,146
76,23,99
24,29,53
16,7,23
14,54,68
20,10,30
68,11,79
29,78,107
11,60,71
54,61,115
36,7,43
8,74,82
90,61,151
25,44,69
81,88,169
46,46,92
77,21,98
14,50,64
18,17,35
87,99,186
86,90,176
57,70,127
21,34,55
30,82,112
25,63,88
79,26,105
38,95,133
36,84,120
61,65,126
17,52,69
50,98,148
76,30,106
22,10,32
51,85,136
70,29,99
66,18,84
19,100,119
65,91,156
45,45,90
30,31,61
13,96,109
44,42,86
96,41,137
17,66,83
75,53,128
42,98,140
20,11,31
13,73,86
33,27,60
33,57,90
93,86,179
72,76,148
32,19,51
29,29,58
8,19,27
56,22,78
26,17,43
66,66,132
21,87,108
88,21,109
58,69,127
73,90,163
26,16,42
13,10,23
66,22,88
33,85,118
69,76,145
46,78,124
19,100,119
38,81,119
23,100,123
90,11,101
61,96,157
42,38,80
49,43,92
33,85,118
60,9,69
79,33,112
40,75,115
68,77,145
58,62,120
50,28,78
16,72,88
100,44,144
52,47,99
48,100,148
49,41,90
7,44,51
21,55,76
15,22,37
68,90,158
60,72,132
19,80,99
96,31,127
59,51,110
36,47,83
29,59,88
55,50,105
8,47,55
38,70,108
36,52,88
40,10,50
56,73,129
76,56,132
14,45,59
79,93,172
56,35,91
71,75,146
72,99,171
38,99,137
76,60,136
28,35,63
31,29,60
99,57,156
97,75,172
69,11,80
72,79,151
27,35,62
31,23,54
43,52,95
91,85,176
98,83,181
31,34,65
75,56,131
17,76,93
12,14,26
97,76,173
46,77,123
79,56,135
12,26,38
75,87,162
25,61,86
89,11,100
30,95,125
60,10,70
54,71,125
60,37,97
63,81,144
48,35,83
33,68,101
12,64,76
64,99,163
71,86,157
61,78,139
79,76,155
54,45,99
61,93,154
99,10,109
91,81,172
55,30,85
51,16,67
30,71,101
8,72,80
54,88,142
71,90,161
41,15,56
65,14,79
70,100,170
18,28,46
81,65,146
24,34,58
78,59,137
99,83,182
72,7,79
7,89,96
72,32,104
11,94,105
44,93,137
17,8,25
43,8,51
65,59,124
79,58,137
63,38,101
7,74,81
73,46,119
59,9,68
27,84,111
77,72,149
41,12,53
20,65,85
15,62,77
67,71,138
36,15,51
84,96,180
65,91,156
78,49,127
67,40,107
83,15,98
73,62,135
57,99,156
76,76,152
28,37,65
81,31,112
78,74,152
93,27,120
61,45,106
89,81,170
73,13,86
74,25,99
16,38,54
53,60,113
70,33,103
10,40,50
21,54,75
95,11,106
59,84,143
20,55,75
88,10,98
65,68,133
91,65,156
83,47,130
32,55,87
39,32,71
75,54,129
25,54,79
74,13,87
13,96,109
26,16,42
52,68,120
91,89,180
99,60,159
38,37,75
64,27,91
97,37,134
26,9,35
58,35,93
55,78,133
52,35,87
45,44,89
33,35,68
54,51,105
10,85,95
36,45,81
17,54,71
12,10,22
33,29,62
96,89,185
91,87,178
90,31,121
92,30,122
80,88,168
48,9,57
36,52,88
43,46,89
81,31,112
25,28,53
68,94,162
94,53,147
88,37,125
72,65,137
100,32,132
61,18,79
72,81,153
7,55,62
22,35,57
42,32,74
34,75,109
93,44,137
79,38,117
13,100,113
99,69,168
63,66,129
49,25,74
36,60,96
90,74,164
20,48,68
74,39,113
14,44,58
31,11,42
84,32,116
33,44,77
26,55,81
39,80,119
61,13,74
31,72,103
82,75,157
36,43,79
39,20,59
41,12,53
65,45,110
96,55,151
92,57,149
88,13,101
55,80,135
18,90,108
29,22,51
17,70,87
61,27,88
11,43,54
71,33,104
39,8,47
94,64,158
7,61,68
33,56,89
57,55,112
85,8,93
45,14,59
75,24,99
78,46,124
54,100,154
8,18,26
96,62,158
36,40,76
42,57,99
16,71,87
84,92,176
38,66,104
94,47,141
67,18,85
32,22,54
24,85,109
22,7,29
30,92,122
56,58,114
11,82,93
18,9,27
15,46,61
78,49,127
19,52,71
24,63,87
28,50,78
15,40,55
100,100,200
79,78,157
32,8,40
28,35,63
78,33,111
86,63,149
39,30,69
69,92,161
64,37,101
39,59,98
54,49,103
82,72,154
78,94,172
87,36,123
37,33,70
67,53,120
59,79,138
23,78,101
49,65,114
8,73,81
29,51,80
97,54,151
49,83,132
89,57,146
85,38,123
43,11,54
27,96,123
34,82,116
61,68,129
77,38,115
20,52,72
7,26,33
46,64,110
55,73,128
20,52,72
38,48,86
84,61,145
35,10,45
66,22,88
55,23,78
14,21,35
13,45,58
28,93,121
86,32,118
18,89,107
72,37,109
58,24,82
76,67,143
26,76,102
68,11,79
12,50,62
25,10,35
44,78,122
42,24,66
62,42,104
95,26,121
25,63,88
62,14,76
56,31,87
21,81,102
27,7,34
90,22,112
80,28,108
51,11,62
33,51,84
42,51,93
48,59,107
72,14,86
43,82,125
95,84,179
80,68,148
66,85,151
20,36,56
40,74,114
82,65,147
44,82,126
62,42,104
45,31,76
59,13,72
11,42,53
86,68,154
40,69,109
25,48,73
89,50,139
21,45,66
70,49,119
54,90,144
51,92,143
31,18,49
70,48,118
54,78,132
64,95,159
60,56,116
68,25,93
50,88,138
37,99,136
99,15,114
9,66,75
21,42,63
9,86,95
51,69,120
8,85,93
92,92,184
17,71,88
74,30,104
90,64,154
36,46,82
7,90,97
35,20,55
49,92,141
69,48,117
47,38,85
60,59,119
98,23,121
38,34,72
49,37,86
29,87,116
39,46,85
60,48,108
88,98,186
23,16,39
43,52,95
51,84,135
92,79,171
44,47,91
98,85,183
20,18,38
35,37,72
32,42,74
84,21,105
55,39,94
70,64,134
58,56,114
63,57,120
18,61,79
44,74,118
90,33,123
65,60,125
40,13,53
50,95,145
78,87,165
47,89,136
98,54,152
96,24,120
39,57,96
67,51,118
63,15,78
54,54,108
97,82,179
10,95,105
72,9,81
46,17,63
64,19,83
97,78,175
25,57,82
77,39,116
78,28,106
7,34,41
33,21,54
19,67,86
23,92,115
58,47,105
100,76,176
94,32,126
81,94,175
12,76,88
36,92,128
64,88,152
7,14,21
28,87,115
47,80,127
70,8,78
21,93,114
76,92,168
37,68,105
54,31,85
22,30,52
65,95,160
61,100,161
72,69,141
16,10,26
16,36,52
91,39,130
28,18,46
17,41,58
84,43,127
55,86,141
19,71,90
80,60,140
23,60,83
36,26,62
24,71,95
89,87,176
74,95,169
100,36,136
52,98,150
15,84,99
34,55,89
42,60,102
97,62,159
45,27,72
99,93,192
16,18,34
75,69,144
69,25,94
63,45,108
55,77,132
92,22,114
76,22,98
91,35,126
10,9,19
86,51,137
11,62,73
50,60,110
85,26,111
83,22,105
21,61,82
65,11,76
50,35,85
43,50,93
25,36,61
100,83,183
13,99,112
33,50,83
35,48,83
96,15,111
94,46,140
17,7,24
27,55,82
13,22,35
91,17,108
53,62,115
41,75,116
86,64,150
22,57,79
71,29,100
25,93,118
98,92,190
90,84,174
22,53,75
64,60,124
54,78,132
9,71,80
11,25,36
73,49,122
87,9,96
20,24,44
60,7,67
38,49,87
42,43,85
64,98,162
95,37,132
32,27,59
56,21,77
35,89,124
9,43,52
53,55,108
90,95,185
52,77,129
83,79,162
82,13,95
29,49,78
98,44,142
59,10,69
47,23,70
93,91,184
79,46,125
98,39,137
32,76,108
87,21,108
10,69,79
68,85,153
74,27,101
41,60,101
87,94,181
46,13,59
20,82,102
20,10,30
50,71,121
35,75,110
45,11,56
39,70,109
74,17,91
55,70,125
9,58,67
56,50,106
35,62,97
67,80,147
93,23,116
57,99,156
53,94,147
9,64,73
43,96,139
62,28,90
25,75,100
52,44,96
87,88,175
23,18,41
89,82,171
92,17,109
88,8,96
17,21,38
97,68,165
36,43,79
43,14,57
93,65,158
31,7,38
73,35,108
21,87,108
98,16,114
73,42,115
51,26,77
28,85,113
25,50,75
96,49,145
39,77,116
71,19,90
91,93,184
89,88,177
58,54,112
54,42,96
68,52,120
89,93,182
32,57,89
47,80,127
20,97,117
59,15,74
46,51,97
31,51,82
23,98,121
81,28,109
34,57,91
76,64,140
41,61,102
94,35,129
23,99,122
80,27,107
92,99,191
91,64,155
71,73,144
10,34,44
92,31,123
88,10,98
85,88,173
22,35,57
52,91,143
43,46,89
38,70,108
43,55,98
97,56,153
71,76,147
23,44,67
68,89,157
70,35,105
70,34,104
81,41,122
48,47,95
98,47,145
33,37,70
70,30,100
40,14,54
96,7,103
53,30,83
51,28,79
58,51,109
9,28,37
29,30,59
75,24,99
21,60,81
37,14,51
14,18,32
88,70,158
14,91,105
42,24,66
60,47,107
92,37,129
35,74,109
43,54,97
42,57,99
52,95,147
93,76,169
72,92,164
99,100,199
59,42,101
74,58,132
34,9,43
79,45,124
51,86,137
20,78,98
87,37,124
97,31,128
65,7,72
42,84,126
19,41,60
75,80,155
64,28,92
55,37,92
69,29,98
70,92,162
24,40,64
55,87,142
19,18,37
84,37,121
95,14,109
43,80,123
80,78,158
50,49,99
16,81,97
97,63,160
52,42,94
45,65,110
20,89,109
48,75,123
7,65,72
41,64,105
14,34,48
77,52,129
74,36,110
58,25,83
85,27,112
41,17,58
70,93,163
96,82,178
50,38,88
19,70,89
18,15,33
67,25,92
97,93,190
81,92,173
60,95,155
33,56,89
52,60,112
69,45,114
28,75,103
29,26,55
45,99,144
99,46,145
9,95,104
53,81,134
26,86,112
67,94,161
7,97,104
57,74,131
9,88,97
35,16,51
75,95,170
62,39,101
17,49,66
34,94,128
33,79,112
99,58,157
56,37,93
26,71,97
33,72,105
18,36,54
87,86,173
65,27,92
24,32,56
63,19,82
95,86,181
90,55,145
71,78,149
36,9,45
79,64,143
49,53,102
29,82,111
49,58,107
99,81,180
78,19,97
97,20,117
97,77,174
78,25,103
41,60,101
47,95,142
97,69,166
95,44,139
37,54,91
10,93,103
30,8,38
62,73,135
92,37,129
91,45,136
42,52,94
8,77,85
99,47,146
21,70,91
41,54,95
14,43,57
24,66,90
57,79,136
62,56,118
66,67,133
12,35,47
45,53,98
47,44,91
33,32,65
59,9,68
10,26,36
63,57,120
48,9,57
8,34,42
75,21,96
43,76,119
32,29,61
82,34,116
12,38,50
98,97,195
71,73,144
91,14,105
56,53,109
68,50,118
59,24,83
26,65,91
56,45,101
37,69,106
56,100,156
77,36,113
41,7,48
68,29,97
42,26,68
85,79,164
41,81,122
19,7,26
70,73,143
58,50,108
100,69,169
74,51,125
93,18,111
28,92,120
55,82,137
53,41,94
16,52,68
32,61,93
36,62,98
93,32,125
61,50,111
41,54,95
90,71,161
65,66,131
93,53,146
57,8,65
52,93,145
77,74,151
57,35,92
30,100,130
46,95,141
25,84,109
51,58,109
32,63,95
52,45,97
13,15,28
56,11,67
51,56,107
10,70,80
72,16,88
64,26,90
46,68,114
68,29,97
82,91,173
51,79,130
79,80,159
76,82,158
39,94,133
43,85,128
52,96,148
91,16,107
30,53,83
10,63,73
42,79,121
7,16,23
89,96,185
48,62,110
27,66,93
48,31,79
54,64,118
84,22,106
84,57,141
23,16,39
64,31,95
52,11,63
34,92,126
36,82,118
34,24,58
53,84,137
77,87,164
85,100,185
41,41,82
26,96,122
91,86,177
46,40,86
93,26,119
50,34,84
78,30,108
65,53,118
61,95,156
43,45,88
76,52,128
11,48,59
55,90,145
95,32,127
36,86,122
34,22,56
60,77,137
37,48,85
16,27,43
84,20,104
80,53,133
7,26,33
66,69,135
58,46,104
41,43,84
75,66,141
51,78,129
20,92,112
51,27,78
35,94,129
64,45,109
9,96,105
26,13,39
46,49,95
62,41,103
18,26,44
49,90,139
60,24,84
58,21,79
26,68,94
42,58,100
80,74,154
69,19,88
43,62,105
56,93,149
37,27,64
82,35,117
14,74,88
34,15,49
83,58,141
10,78,88
50,11,61
84,77,161
33,76,109
8,51,59
47,80,127
47,93,140
14,87,101
35,10,45
95,23,118
28,33,61
90,30,120
46,44,90
65,9,74
82,66,148
10,17,27
9,90,99
91,45,136
92,86,178
22,30,52
51,50,101
99,96,195
35,45,80
70,98,168
24,25,49
59,8,67
9,18,27
79,64,143
64,11,75
60,81,141
31,100,131
84,48,132
91,85,176
81,26,107
87,95,182
82,89,171
42,53,95
63,59,122
81,89,170
79,31,110
14,91,105
79,26,105
55,7,62
20,73,93
32,66,98
21,60,81
15,91,106
81,16,97
28,58,86
20,96,116
45,71,116
72,18,90
99,74,173
10,49,59
37,32,69
53,16,69
52,65,117
70,26,96
100,27,127
91,80,171
96,13,109
57,17,74
31,10,41
53,17,70
20,10,30
40,52,92
97,62,159
24,66,90
69,91,160
99,41,140
23,58,81
27,100,127
15,63,78
88,36,124
46,40,86
46,68,114
76,29,105
18,76,94
45,31,76
92,55,147
98,50,148
67,84,151
15,30,45
68,26,94
20,95,115
9,82,91
20,57,77
53,86,139
38,19,57
10,89,99
52,33,85
69,13,82
11,42,53
45,23,68
92,29,121
59,54,113
91,43,134
10,92,102
73,54,127
76,22,98
58,26,84
46,87,133
43,56,99
94,53,147
95,76,171
67,29,96
17,85,102
20,12,32
70,89,159
64,13,77
73,27,100
96,47,143
13,100,113
95,92,187
26,95,121
16,19,35
56,61,117
73,62,135
8,73,81
47,95,142
96,34,130
8,36,44
49,47,96
60,89,149
54,90,144
27,52,79
41,88,129
78,12,90
53,48,101
93,55,148
50,11,61
34,55,89
73,29,102
57,55,112
24,28,52
45,25,70
32,94,126
72,98,170
17,20,37
44,12,56
53,19,72
23,10,33
77,64,141
8,46,54
96,33,129
8,81,89
15,98,113
66,62,128
18,95,113
67,21,88
92,31,123
19,75,94
100,60,160
25,78,103
88,81,169
62,8,70
26,66,92
31,32,63
62,50,112
18,61,79
73,48,121
35,42,77
49,88,137
38,71,109
16,27,43
88,20,108
91,77,168
52,31,83
41,53,94
64,99,163
51,76,127
73,34,107
19,20,39
65,98,163
73,56,129
63,28,91
89,47,136
79,55,134
43,19,62
35,8,43
39,25,64
95,87,182
95,44,139
24,83,107
73,27,100
83,10,93
93,44,137
85,12,97
8,62,70
80,69,149
54,47,101
84,95,179
23,20,43
93,65,158
79,31,110
67,26,93
62,14,76
51,49,100
44,63,107
67,36,103
33,64,97
78,39,117
70,66,136
11,62,73
85,52,137
27,57,84
85,22,107
40,98,138
85,77,162
9,28,37
21,49,70
40,84,124
49,17,66
20,23,43
99,34,133
35,70,105
8,44,52
52,81,133
36,79,115
10,31,41
43,43,86
17,86,103
77,58,135
56,71,127
34,43,77
96,54,150
75,77,152
99,67,166
88,27,115
97,95,192
35,94,129
53,41,94
55,10,65
59,61,120
73,96,169
36,16,52
49,54,103
11,15,26
89,65,154
47,57,104
74,64,138
44,76,120
36,70,106
42,24,66
17,57,74
8,23,31
11,53,64
10,23,33
93,17,110
93,29,122
60,63,123
97,23,120
85,40,125
16,99,115
70,95,165
27,68,95
97,81,178
80,52,132
32,65,97
58,14,72
62,44,106
94,94,188
57,99,156
43,87,130
66,93,159
19,83,102
46,78,124
35,71,106
91,87,178
44,49,93
43,79,122
20,37,57
29,40,69
42,7,49
19,23,42
81,22,103
8,11,19
44,93,137
49,45,94
38,78,116
8,96,104
42,69,111
23,24,47
19,60,79
89,29,118
36,60,96
32,97,129
45,20,65
25,100,125
89,91,180
65,65,130
63,67,130
17,45,62
37,56,93
34,82,116
72,52,124
53,90,143
11,98,109
25,40,65
83,47,130
97,82,179
67,42,109
87,38,125
23,88,111
18,93,111
41,32,73
16,60,76
97,76,173
94,22,116
31,34,65
20,28,48
34,37,71
60,52,112
90,46,136
72,69,141
80,67,147
19,95,114
44,93,137
67,59,126
64,69,133
45,72,117
14,53,67
47,69,116
57,89,146
10,57,67
45,99,144
63,43,106
66,11,77
13,68,81
42,55,97
86,39,125
52,52,104
93,45,138
83,12,95
82,23,105
19,85,104
29,92,121
87,88,175
9,75,84
83,25,108
62,94,156
58,81,139
36,19,55
96,77,173
88,62,150
100,53,153
52,19,71
57,75,132
45,50,95
25,88,113
81,55,136
25,10,35
43,49,92
18,90,108
41,59,100
48,90,138
36,81,117
94,14,108
25,71,96
29,73,102
50,59,109
66,84,150
64,81,145
95,64,159
70,55,125
30,37,67
66,14,80
36,83,119
23,15,38
28,23,51
67,85,152
85,18,103
36,44,80
67,42,109
74,12,86
87,52,139
81,99,180
64,38,102
92,28,120
46,54,100
95,40,135
61,43,104
74,44,118
66,85,151
20,31,51
90,89,179
21,73,94
100,32,132
45,66,111
51,98,149
93,19,112
15,51,66
92,33,125
40,9,49
40,14,54
32,77,109
94,45,139
93,9,102
61,45,106
36,23,59
24,18,42
31,51,82
95,20,115
14,29,43
9,10,19
88,92,180
66,25,91
79,22,101
71,18,89
64,24,88
27,73,100
76,41,117
26,63,89
36,80,116
18,47,65
8,51,59
34,57,91
81,12,93
77,14,91
85,28,113
47,94,141
72,16,88
57,53,110
27,90,117
64,34,98
63,91,154
9,65,74
89,60,149
97,81,178
88,85,173
95,100,195
56,90,146
79,58,137
32,37,69
82,97,179
72,55,127
55,11,66
46,89,135
28,65,93
24,12,36
39,32,71
33,62,95
19,32,51
68,46,114
37,55,92
8,29,37
33,21,54
45,35,80
84,93,177
63,96,159
51,66,117
35,63,98
71,83,154
76,91,167
12,64,76
11,98,109
47,71,118
54,77,131
56,75,131
73,61,134
79,96,175
62,57,119
47,47,94
37,31,68
51,70,121
77,48,125
30,83,113
89,62,151
92,9,101
55,28,83
75,65,140
71,40,111
90,41,131
79,54,133
54,49,103
36,82,118
91,92,183
96,51,147
78,47,125
13,83,96
98,66,164
34,88,122
26,98,124
48,22,70
26,73,99
68,87,155
73,10,83
8,87,95
18,99,117
53,78,131
89,53,142
73,50,123
88,62,150
97,86,183
75,67,142
16,59,75
99,89,188
28,88,116
39,65,104
78,84,162
79,29,108
72,49,121
80,60,140
86,35,121
29,47,76
19,39,58
93,35,128
72,23,95
48,13,61
11,67,78
84,49,133
81,62,143
55,47,102
86,91,177
17,96,113
92,18,110
14,13,27
61,27,88
56,28,84
46,63,109
57,93,150
46,92,138
89,81,170
47,29,76
54,10,64
60,78,138
61,91,152
77,28,105
26,22,48
64,94,158
37,81,118
33,97,130
43,15,58
8,15,23
93,62,155
95,70,165
44,57,101
48,75,123
15,51,66
61,47,108
76,33,109
64,29,93
10,52,62
83,37,120
30,92,122
69,15,84
91,81,172
71,38,109
41,62,103
54,8,62
40,36,76
59,19,78
64,83,147
10,96,106
71,86,157
12,51,63
31,44,75
70,82,152
16,44,60
8,19,27
54,24,78
11,76,87
77,76,153
37,88,125
9,53,62
29,58,87
54,69,123
55,79,134
23,23,46
85,39,124
42,18,60
90,76,166
45,9,54
41,92,133
27,41,68
78,80,158
72,58,130
37,9,46
97,24,121
35,37,72
79,29,108
65,50,115
87,69,156
94,20,114
34,79,113
44,45,89
81,10,91
78,49,127
62,94,156
75,36,111
76,7,83
88,57,145
83,89,172
13,75,88
84,9,93
34,31,65
25,71,96
85,21,106
60,96,156
100,99,199
26,51,77
90,25,115
35,27,62
14,18,32
76,98,174
63,63,126
56,90,146
72,93,165
48,36,84
88,83,171
41,58,99
15,64,79
41,43,84
77,49,126
41,16,57
64,70,134
31,12,43
12,100,112
80,8,88
17,63,80
67,58,125
64,43,107
91,35,126
61,12,73
63,94,157
7,75,82
53,82,135
56,53,109
44,73,117
57,23,80
71,72,143
81,27,108
90,46,136
26,59,85
64,16,80
40,77,117
80,100,180
97,85,182
49,35,84
72,39,111
13,51,64
54,29,83
61,73,134
36,57,93
85,62,147
92,42,134
92,39,131
65,34,99
80,7,87
65,97,162
90,16,106
52,85,137
55,51,106
77,68,145
71,7,78
7,71,78
68,26,94
82,97,179
59,11,70
41,84,125
22,81,103
51,42,93
70,44,114
24,17,41
41,66,107
75,30,105
46,53,99
60,14,74
67,70,137
57,39,96
43,53,96
60,81,141
54,52,106
79,50,129
96,95,191
15,55,70
24,100,124
62,44,106
93,53,146
55,99,154
56,87,143
55,93,148
55,43,98
60,15,75
61,72,133
90,89,179
19,90,109
69,73,142
52,30,82
63,60,123
88,53,141
64,79,143
52,33,85
52,71,123
42,17,59
29,24,53
62,93,155
94,16,110
42,59,101
75,68,143
49,49,98
91,37,128
90,67,157
25,72,97
58,24,82
48,30,78
70,99,169
100,31,131
82,74,156
13,37,50
17,92,109
65,92,157
8,85,93
17,50,67
43,15,58
30,22,52
33,45,78
73,96,169
42,23,65
11,7,18
7,19,26
84,93,177
39,48,87
68,90,158
27,21,48
46,17,63
76,29,105
65,99,164
60,55,115
18,88,106
93,16,109
41,75,116
78,37,115
58,95,153
54,23,77
49,40,89
45,49,94
43,29,72
18,77,95
95,93,188
80,88,168
79,77,156
48,47,95
33,13,46
83,30,113
11,37,48
57,97,154
40,77,117
65,66,131
43,97,140
28,8,36
25,28,53
50,97,147
42,49,91
24,29,53
39,48,87
29,97,126
27,57,84
76,42,118
100,34,134
24,52,76
99,23,122
76,61,137
42,24,66
61,11,72
18,17,35
67,29,96
25,11,36
7,42,49
80,38,118
13,21,34
26,75,101
72,34,106
9,40,49
27,39,66
36,100,136
80,68,148
46,76,122
78,20,98
22,49,71
43,18,61
32,83,115
84,87,171
11,15,26
37,67,104
86,40,126
76,69,145
47,55,102
83,35,118
11,11,22
82,13,95
78,29,107
8,14,22
68,30,98
7,51,58
54,37,91
7,87,94
13,68,81
43,69,112
46,95,141
44,97,141
94,17,111
20,64,84
95,36,131
42,89,131
73,7,80
74,36,110
82,97,179
36,40,76
37,63,100
63,35,98
67,19,86
51,13,64
34,67,101
49,80,129
47,20,67
68,11,79
50,27,77
91,46,137
38,7,45
46,27,73
68,64,132
37,71,108
68,93,161
22,21,43
79,51,130
54,73,127
30,75,105
68,97,165
27,26,53
95,78,173
84,36,120
100,76,176
52,28,80
52,91,143
67,78,145
14,79,93
62,15,77
37,29,66
100,80,180
46,15,61
59,48,107
11,18,29
63,20,83
71,26,97
67,85,152
29,12,41
83,61,144
26,69,95
74,25,99
9,66,75
21,61,82
35,80,115
61,55,116
24,40,64
63,8,71
34,18,52
74,81,155
25,41,66
30,78,108
95,62,157
54,65,119
90,12,102
31,43,74
58,44,102
98,20,118
47,33,80
46,49,95
25,51,76
57,61,118
56,52,108
94,40,134
71,18,89
42,83,125
45,42,87
27,8,35
48,84,132
36,67,103
15,66,81
60,86,146
83,85,168
95,49,144
58,9,67
89,91,180
68,42,110
61,54,115
74,55,129
79,67,146
24,89,113
26,87,113
87,80,167
73,82,155
74,78,152
32,58,90
65,51,116
77,88,165
70,66,136
99,13,112
28,70,98
23,67,90
84,92,176
57,24,81
16,66,82
16,72,88
89,41,130
91,74,165
95,9,104
63,61,124
58,48,106
50,24,74
81,99,180
78,95,173
80,89,169
61,60,121
68,60,128
12,7,19
49,70,119
36,90,126
84,61,145
39,34,73
40,97,137
29,70,99
39,43,82
47,19,66
74,63,137
31,54,85
94,17,111
90,87,177
62,82,144
51,64,115
35,26,61
23,9,32
37,35,72
25,50,75
23,39,62
43,23,66
59,71,130
40,32,72
94,93,187
17,72,89
33,39,72
38,63,101
91,22,113
99,38,137
13,100,113
85,39,124
80,84,164
60,25,85
63,76,139
53,50,103
74,83,157
94,74,168
70,35,105
72,50,122
82,14,96
74,16,90
86,8,94
41,67,108
21,82,103
100,20,120
54,33,87
54,97,151
39,15,54
24,43,67
52,73,125
64,44,108
53,84,137
34,14,48
23,74,97
12,53,65
87,92,179
55,38,93
96,77,173
15,22,37
82,77,159
20,75,95
45,36,81
92,99,191
35,59,94
33,98,131
47,73,120
9,64,73
74,23,97
41,21,62
89,82,171
30,34,64
49,80,129
56,55,111
25,96,121
28,100,128
34,96,130
9,34,43
29,93,122
30,23,53
39,60,99
34,45,79
91,94,185
51,20,71
61,52,113
11,23,34
78,61,139
98,99,197
56,60,116
89,23,112
17,17,34
16,43,59
52,40,92
90,87,177
88,83,171
84,46,130
96,62,158
36,53,89
12,81,93
46,64,110
25,42,67
77,98,175
46,83,129
9,20,29
97,91,188
67,68,135
26,39,65
25,28,53
22,89,111
51,86,137
36,25,61
29,7,36
28,30,58
24,16,40
24,53,77
63,64,127
38,84,122
25,31,56
31,68,99
96,43,139
98,78,176
93,15,108
36,86,122
19,33,52
91,79,170
75,30,105
87,13,100
38,19,57
64,60,124
25,79,104
45,30,75
45,37,82
58,42,100
89,98,187
28,62,90
90,57,147
90,98,188
44,9,53
99,94,193
64,42,106
17,41,58
14,81,95
51,23,74
17,69,86
69,92,161
44,89,133
84,50,134
9,72,81
79,16,95
66,23,89
66,86,152
91,10,101
87,17,104
78,52,130
43,68,111
20,32,52
97,70,167
9,9,18
23,8,31
82,52,134
14,87,101
19,77,96
9,59,68
81,9,90
98,26,124
48,79,127
55,34,89
65,55,120
97,42,139
15,46,61
11,66,77
54,10,64
82,15,97
60,52,112
98,42,140
43,19,62
64,27,91
18,25,43
90,15,105
53,42,95
83,12,95
100,76,176
67,36,103
39,88,127
26,98,124
29,65,94
10,37,47
54,70,124
42,29,71
88,53,141
98,42,140
64,44,108
61,41,102
17,90,107
45,31,76
8,67,75
100,18,118
40,17,57
66,98,164
57,77,134
54,84,138
72,76,148
90,11,101
74,24,98
53,58,111
19,42,61
36,75,111
53,32,85
37,63,100
84,15,99
89,44,133
30,87,117
45,52,97
17,51,68
92,79,171
28,44,72
34,82,116
33,82,115
88,8,96
80,8,88
9,97,106
81,9,90
20,88,108
38,63,101
57,66,123
58,53,111
92,48,140
70,37,107
77,95,172
75,11,86
90,53,143
67,40,107
42,84,126
77,99,176
17,31,48
49,13,62
42,85,127
66,34,100
93,71,164
77,64,141
24,19,43
26,90,116
20,35,55
13,22,35
84,69,153
49,85,134
70,50,120
14,59,73
32,54,86
31,90,121
30,28,58
95,73,168
73,14,87
16,93,109
91,11,102
19,8,27
25,63,88
52,26,78
38,90,128
9,10,19
86,60,146
60,64,124
42,80,122
33,87,120
37,95,132
55,69,124
19,99,118
52,47,99
13,35,48
29,34,63
95,11,106
26,24,50
55,96,151
28,72,100
96,16,112
68,82,150
18,97,115
26,86,112
7,33,40
89,57,146
15,74,89
82,27,109
7,44,51
98,76,174
41,72,113
74,17,91
21,83,104
60,42,102
40,79,119
40,84,124
75,15,90
68,99,167
92,59,151
99,14,113
70,45,115
77,44,121
52,98,150
83,93,176
52,32,84
18,69,87
10,45,55
72,21,93
47,20,67
94,88,182
98,31,129
32,22,54
100,94,194
56,33,89
25,29,54
16,62,78
84,100,184
78,50,128
98,39,137
70,24,94
67,20,87
98,69,167
100,49,149
94,58,152
26,32,58
56,91,147
48,45,93
76,33,109
90,67,157
7,14,21
90,81,171
73,13,86
28,9,37
70,71,141
27,99,126
29,33,62
59,94,153
42,13,55
72,15,87
57,9,66
13,55,68
39,40,79
77,83,160
16,34,50
60,50,110
88,24,112
41,17,58
63,90,153
63,41,104
10,80,90
93,8,101
84,41,125
75,36,111
8,18,26
7,17,24
74,58,132
68,45,113
93,54,147
73,43,116
10,75,85
46,42,88
11,79,90
84,78,162
63,50,113
62,63,125
8,71,79
57,100,157
94,98,192
21,13,34
29,90,119
31,98,129
33,99,132
100,24,124
7,46,53
45,75,120
30,84,114
54,11,65
99,99,198
78,90,168
60,87,147
11,21,32
65,100,165
38,16,54
100,90,190
58,77,135
59,96,155
54,76,130
70,16,86
73,21,94
84,66,150
67,72,139
71,9,80
66,70,136
87,52,139
25,87,112
83,20,103
81,43,124
44,69,113
36,81,117
27,10,37
33,25,58
23,46,69
81,40,121
81,8,89
99,92,191
37,22,59
56,20,76
63,99,162
51,57,108
71,30,101
63,13,76
70,23,93
31,16,47
52,54,106
43,81,124
59,85,144
96,42,138
84,42,126
100,65,165
68,77,145
40,10,50
85,35,120
88,9,97
64,70,134
32,26,58
30,66,96
26,8,34
52,57,109
40,46,86
86,96,182
84,92,176
31,98,129
65,72,137
33,20,53
69,30,99
65,42,107
41,44,85
9,9,18
11,12,23
58,58,116
100,50,150
91,60,151
54,38,92
22,42,64
55,59,114
93,58,151
97,49,146
19,47,66
83,52,135
24,85,109
26,27,53
60,60,120
84,87,171
10,95,105
84,11,95
54,64,118
77,47,124
95,41,136
50,89,139
34,50,84
32,99,131
19,29,48
34,89,123
13,73,86
27,23,50
61,13,74
8,64,72
63,76,139
95,81,176
62,82,144
54,80,134
51,71,122
84,85,169
94,16,110
97,25,122
34,32,66
92,75,167
95,53,148
48,70,118
29,46,75
99,74,173
87,31,118
48,67,115
14,79,93
64,82,146
79,63,142
31,15,46
90,40,130
68,48,116
87,14,101
90,57,147
74,90,164
11,54,65
92,76,168
50,27,77
13,51,64
39,77,116
93,68,161
67,32,99
25,49,74
47,84,131
75,58,133
30,27,57
46,94,140
72,33,105
63,34,97
15,79,94
24,99,123
72,45,117
71,15,86
84,31,115
52,24,76
19,88,107
32,52,84
14,84,98
12,90,102
97,67,164
64,77,141
7,40,47
81,39,120
36,46,82
55,67,122
74,55,129
11,71,82
8,16,24
82,92,174
22,77,99
21,51,72
27,94,121
19,82,101
39,50,89
49,43,92
83,23,106
44,21,65
28,83,111
68,73,141
56,65,121
16,61,77
82,72,154
43,39,82
79,83,162
77,20,97
20,58,78
79,89,168
15,83,98
12,30,42
69,13,82
67,43,110
92,10,102
51,36,87
17,63,80
29,76,105
17,89,106
62,14,76
100,53,153
13,57,70
31,44,75
77,44,121
47,78,125
24,41,65
69,35,104
35,78,113
67,45,112
83,56,139
58,84,142
76,48,124
30,11,41
47,59,106
85,79,164
21,25,46
69,100,169
17,78,95
9,47,56
63,27,90
90,24,114
21,18,39
53,50,103
93,81,174
37,11,48
60,76,136
84,68,152
79,66,145
76,89,165
51,13,64
22,80,102
87,30,117
48,63,111
47,50,97
25,13,38
24,9,33
25,95,120
88,82,170
65,26,91
56,75,131
100,53,153
12,52,64
12,85,97
11,75,86
7,61,68
36,15,51
11,90,101
17,98,115
25,94,119
51,42,93
25,39,64
56,11,67
84,35,119
7,65,72
58,61,119
26,25,51
63,19,82
83,75,158
27,48,75
67,62,129
74,80,154
83,29,112
88,42,130
38,34,72
60,63,123
84,16,100
32,76,108
23,19,42
61,38,99
12,21,33
24,51,75
83,67,150
56,53,109
48,82,130
59,69,128
59,24,83
19,18,37
63,49,112
78,47,125
21,66,87
51,19,70
57,25,82
9,98,107
42,73,115
95,79,174
8,43,51
66,37,103
27,100,127
67,9,76
10,90,100
95,31,126
94,80,174
69,86,155
51,70,121
87,56,143
49,34,83
16,24,40
84,54,138
53,7,60
15,97,112
24,43,67
80,99,179
67,32,99
83,15,98
92,11,103
62,19,81
87,16,103
55,46,101
65,97,162
69,46,115
60,100,160
48,8,56
87,20,107
52,20,72
83,10,93
13,34,47
31,41,72
68,26,94
46,27,73
74,19,93
25,92,117
55,54,109
64,26,90
88,49,137
61,39,100
65,18,83
92,90,182
34,82,116
91,98,189
28,56,84
58,68,126
47,94,141
55,32,87
44,100,144
66,71,137
36,35,71
18,55,73
21,21,42
41,8,49
11,45,56
75,13,88
93,62,155
98,62,160
44,27,71
96,86,182
68,73,141
41,8,49
60,39,99
32,60,92
93,15,108
16,78,94
100,88,188
36,7,43
39,77,116
56,73,129
16,16,32
40,63,103
53,42,95
12,92,104
8,60,68
21,98,119
80,43,123
23,69,92
91,52,143
36,16,52
27,41,68
45,70,115
31,38,69
41,21,62
79,32,111
99,8,107
79,83,162
44,11,55
83,27,110
63,82,145
14,44,58
93,30,123
95,85,180
23,27,50
8,19,27
73,50,123
93,13,106
11,78,89
25,61,86
73,85,158
99,75,174
39,45,84
65,91,156
57,86,143
66,58,124
64,92,156
52,99,151
93,55,148
49,35,84
28,98,126
75,41,116
21,28,49
72,16,88
99,77,176
72,76,148
99,45,144
41,68,109
81,14,95
50,11,61
31,77,108
38,52,90
7,8,15
53,95,148
13,34,47
49,63,112
14,21,35
100,75,175
55,71,126
94,94,188
34,43,77
86,30,116
50,54,104
19,89,108
54,95,149
33,48,81
22,28,50
45,45,90
21,22,43
65,89,154
81,28,109
67,65,132
72,83,155
43,64,107
98,33,131
10,27,37
12,42,54
24,63,87
20,83,103
99,15,114
76,49,125
49,98,147
15,21,36
72,71,143
99,90,189
10,82,92
77,95,172
51,89,140
61,13,74
15,46,61
96,88,184
47,60,107
16,84,100
39,40,79
76,32,108
25,85,110
90,20,110
38,9,47
22,42,64
97,76,173
12,35,47
36,28,64
53,36,89
34,79,113
89,27,116
12,12,24
39,36,75
67,56,123
72,67,139
66,23,89
20,91,111
78,67,145
34,66,100
49,97,146
37,18,55
100,75,175
60,100,160
58,99,157
63,88,151
68,32,100
21,57,78
57,35,92
41,31,72
8,99,107
19,45,64
77,61,138
83,31,114
75,68,143
74,84,158
63,12,75
74,60,134
26,56,82
56,36,92
51,84,135
49,76,125
60,73,133
89,9,98
12,18,30
100,74,174
50,47,97
46,7,53
86,85,171
7,55,62
23,89,112
73,68,141
86,16,102
45,59,104
17,80,97
34,21,55
16,27,43
55,91,146
35,88,123
15,60,75
38,25,63
76,97,173
79,25,104
26,42,68
96,29,125
36,44,80
67,60,127
53,54,107
66,20,86
72,79,151
7,29,36
79,46,125
22,47,69
49,66,115
70,26,96
79,12,91
84,37,121
69,36,105
36,43,79
55,97,152
38,12,50
80,66,146
67,21,88
7,69,76
38,81,119
91,44,135
25,74,99
64,52,116
8,75,83
46,37,83
28,97,125
27,88,115
89,45,134
10,88,98
73,64,137
16,62,78
22,10,32
59,73,132
40,34,74
42,64,106
59,12,71
73,72,145
43,70,113
89,42,131
92,55,147
74,40,114
21,68,89
69,32,101
84,38,122
93,63,156
58,42,100
37,46,83
89,14,103
49,63,112
21,82,103
66,67,133
23,92,115
25,56,81
97,29,126
44,27,71
29,77,106
75,75,150
71,88,159
88,78,166
84,61,145
34,44,78
62,34,96
69,18,87
41,100,141
78,40,118
15,56,71
11,79,90
22,19,41
58,12,70
51,69,120
28,89,117
62,86,148
45,83,128
17,47,64
87,80,167
15,99,114
32,76,108
30,33,63
67,45,112
14,88,102
49,58,107
64,70,134
79,10,89
60,91,151
21,52,73
88,11,99
45,69,114
64,52,116
47,18,65
14,18,32
37,65,102
100,88,188
86,45,131
90,16,106
100,33,133
65,8,73
24,70,94
75,39,114
30,16,46
51,35,86
85,71,156
89,40,129
65,48,113
99,20,119
22,28,50
13,79,92
49,100,149
45,20,65
27,45,72
38,72,110
23,91,114
7,19,26
55,12,67
15,64,79
81,84,165
49,45,94
30,79,109
74,74,148
92,98,190
89,62,151
90,74,164
68,90,158
35,9,44
51,96,147
29,65,94
82,47,129
23,82,105
44,99,143
75,60,135
50,60,110
60,52,112
32,34,66
81,20,101
46,88,134
48,45,93
33,13,46
71,7,78
36,77,113
79,29,108
20,51,71
50,68,118
79,29,108
28,33,61
57,84,141
95,34,129
26,77,103
58,10,68
14,21,35
60,87,147
51,65,116
84,16,100
45,31,76
11,41,52
65,56,121
16,73,89
47,81,128
92,98,190
77,15,92
95,61,156
88,18,106
45,22,67
96,52,148
67,87,154
88,35,123
86,55,141
43,25,68
77,48,125
69,32,101
90,83,173
51,89,140
77,51,128
58,95,153
40,92,132
72,97,169
70,36,106
36,63,99
13,45,58
55,94,149
96,74,170
48,81,129
57,48,105
19,15,34
60,26,86
97,84,181
76,50,126
38,65,103
55,41,96
77,36,113
46,49,95
50,69,119
53,98,151
74,73,147
11,42,53
41,92,133
32,91,123
66,83,149
29,99,128
26,69,95
40,41,81
91,13,104
33,32,65
41,83,124
81,56,137
61,59,120
41,82,123
77,98,175
93,19,112
24,80,104
89,100,189
97,60,157
60,48,108
29,39,68
59,39,98
92,75,167
50,43,93
89,77,166
95,25,120
84,67,151
94,49,143
30,96,126
54,46,100
74,63,137
100,59,159
35,42,77
32,35,67
67,29,96
28,24,52
97,16,113
59,97,156
86,86,172
35,21,56
46,63,109
99,73,172
96,68,164
56,71,127
63,70,133
47,93,140
65,52,117
57,30,87
92,79,171
61,29,90
27,85,112
47,21,68
53,24,77
20,91,111
81,70,151
68,66,134
63,58,121
75,59,134
40,73,113
82,16,98
94,29,123
18,17,35
55,45,100
75,91,166
38,35,73
83,96,179
73,98,171
38,65,103
83,19,102
37,33,70
94,23,117
39,14,53
30,89,119
41,53,94
93,13,106
53,47,100
70,29,99
37,100,137
47,44,91
11,95,106
85,22,107
40,91,131
25,61,86
27,50,77
77,46,123
63,67,130
84,53,137
67,94,161
54,63,117
28,13,41
15,72,87
95,60,155
63,54,117
16,90,106
68,64,132
23,62,85
71,85,156
63,12,75
91,17,108
84,66,150
10,18,28
99,27,126
73,22,95
28,64,92
77,80,157
70,63,133
29,10,39
78,52,130
28,69,97
28,54,82
29,70,99
31,12,43
47,7,54
49,18,67
57,95,152
42,27,69
36,72,108
99,94,193
98,39,137
87,25,112
79,57,136
9,32,41
25,79,104
68,72,140
60,16,76
11,29,40
12,72,84
70,83,153
9,79,88
15,70,85
64,78,142
13,53,66
89,13,102
86,67,153
70,43,113
47,12,59
81,54,135
42,73,115
50,37,87
96,68,164
96,9,105
84,98,182
53,50,103
61,84,145
86,39,125
16,91,107
7,34,41
24,13,37
38,63,101
15,44,59
97,67,164
61,7,68
60,41,101
75,97,172
79,52,131
86,61,147
73,65,138
95,98,193
25,81,106
73,11,84
60,87,147
7,68,75
22,72,94
87,67,154
63,54,117
18,56,74
99,15,114
99,23,122
91,93,184
44,73,117
55,17,72
28,25,53
48,15,63
24,83,107
96,51,147
41,57,98
94,81,175
84,52,136
98,19,117
84,52,136
78,12,90
63,79,142
60,96,156
84,76,160
49,79,128
59,82,141
43,40,83
28,98,126
87,98,185
99,52,151
57,93,150
39,64,103
74,9,83
30,18,48
59,32,91
14,20,34
89,71,160
77,45,122
32,43,75
13,88,101
61,34,95
70,23,93
36,40,76
28,81,109
86,73,159
39,11,50
91,79,170
80,99,179
96,49,145
45,99,144
59,74,133
38,71,109
85,14,99
59,64,123
24,48,72
60,40,100
8,83,91
67,53,120
58,94,152
33,23,56
27,71,98
59,24,83
39,42,81
35,15,50
54,65,119
15,39,54
92,94,186
37,9,46
86,19,105
96,38,134
85,28,113
71,70,141
8,85,93
43,93,136
51,17,68
99,47,146
55,71,126
52,35,87
89,88,177
56,87,143
94,89,183
59,48,107
99,15,114
18,64,82
46,93,139
29,62,91
64,41,105
97,80,177
91,95,186
98,25,123
80,76,156
33,64,97
52,76,128
10,50,60
68,83,151
77,96,173
78,49,127
34,87,121
53,82,135
41,93,134
7,29,36
44,31,75
63,19,82
33,49,82
36,73,109
77,92,169
78,51,129
41,46,87
89,96,185
49,73,122
81,63,144
97,61,158
19,69,88
58,95,153
30,55,85
85,15,100
23,55,78
12,44,56
44,36,80
34,9,43
38,15,53
46,77,123
7,68,75
29,12,41
22,54,76
45,20,65
29,32,61
78,38,116
97,93,190
96,95,191
30,47,77
91,33,124
92,71,163
25,70,95
76,71,147
19,38,57
76,20,96
11,63,74
22,92,114
46,69,115
80,20,100
57,97,154
43,57,100
7,76,83
43,75,118
34,24,58
95,57,152
84,17,101
65,15,80
51,34,85
86,57,143
52,28,80
42,100,142
62,52,114
60,96,156
78,81,159
59,75,134
93,12,105
73,65,138
93,10,103
85,97,182
97,94,191
33,45,78
70,19,89
90,100,190
40,35,75
78,34,112
30,62,92
74,80,154
19,54,73
88,75,163
53,29,82
97,45,142
47,27,74
59,33,92
49,7,56
98,92,190
82,10,92
98,69,167
40,81,121
87,58,145
11,28,39
97,7,104
59,10,69
55,79,134
12,77,89
58,66,124
88,63,151
66,35,101
98,7,105
97,80,177
71,38,109
69,7,76
97,67,164
98,83,181
88,38,126
27,37,64
98,12,110
12,22,34
8,38,46
52,65,117
66,12,78
88,61,149
9,29,38
35,58,93
17,35,52
58,30,88
61,69,130
89,16,105
71,18,89
81,95,176
58,71,129
28,16,44
23,97,120
14,47,61
79,41,120
94,48,142
72,11,83
12,98,110
30,76,106
25,22,47
65,52,117
69,35,104
10,67,77
12,43,55
32,62,94
71,76,147
56,14,70
41,46,87
15,28,43
89,8,97
17,52,69
78,25,103
74,20,94
64,50,114
91,77,168
31,30,61
50,72,122
7,20,27
45,78,123
62,86,148
69,87,156
31,29,60
22,75,97
31,50,81
23,18,41
49,96,145
61,20,81
68,65,133
40,73,113
23,20,43
42,44,86
53,8,61
55,30,85
55,18,73
64,82,146
72,67,139
85,47,132
59,43,102
24,69,93
67,44,111
16,67,83
47,51,98
95,34,129
19,54,73
87,66,153
82,99,181
46,31,77
48,31,79
77,19,96
17,43,60
54,7,61
82,95,177
38,10,48
47,22,69
72,20,92
30,82,112
100,23,123
83,57,140
7,26,33
69,58,127
43,49,92
51,17,68
32,82,114
40,43,83
57,53,110
18,79,97
38,20,58
78,41,119
23,29,52
43,45,88
52,46,98
49,37,86
85,66,151
60,79,139
41,87,128
38,22,60
80,8,88
13,33,46
68,26,94
19,8,27
100,75,175
34,34,68
46,87,133
80,53,133
65,40,105
94,18,112
35,13,48
79,75,154
56,57,113
79,20,99
62,31,93
32,74,106
30,61,91
42,36,78
29,18,47
14,9,23
95,60,155
98,77,175
16,29,45
27,46,73
30,48,78
15,23,38
46,30,76
57,58,115
52,46,98
73,24,97
77,63,140
62,30,92
52,59,111
50,100,150
56,15,71
40,65,105
25,84,109
53,83,136
53,42,95
27,35,62
52,47,99
99,60,159
72,20,92
36,58,94
51,99,150
65,57,122
48,71,119
74,24,98
53,61,114
7,95,102
26,77,103
44,45,89
35,83,118
94,58,152
79,73,152
20,10,30
38,67,105
99,73,172
40,20,60
35,46,81
67,52,119
26,56,82
86,36,122
57,44,101
60,46,106
99,88,187
67,40,107
23,60,83
20,34,54
64,74,138
46,58,104
18,9,27
13,87,100
53,59,112
47,24,71
42,27,69
70,96,166
90,40,130
18,24,42
83,65,148
46,86,132
24,56,80
38,76,114
20,42,62
90,46,136
69,52,121
64,71,135
77,76,153
91,22,113
21,41,62
86,7,93
30,59,89
42,34,76
33,63,96
11,81,92
14,37,51
87,13,100
38,60,98
10,92,102
23,67,90
11,48,59
95,12,107
18,17,35
66,66,132
95,44,139
20,17,37
35,58,93
28,65,93
19,74,93
59,52,111
41,86,127
26,79,105
83,71,154
62,63,125
99,35,134
21,26,47
72,68,140
88,83,171
97,30,127
53,86,139
21,58,79
73,12,85
61,48,109
81,9,90
53,9,62
80,80,160
17,95,112
11,55,66
51,58,109
19,63,82
65,82,147
63,71,134
39,81,120
34,34,68
46,59,105
72,62,134
28,33,61
45,44,89
74,32,106
19,37,56
92,98,190
60,63,123
8,28,36
79,42,121
39,81,120
75,48,123
65,16,81
39,71,110
15,72,87
57,19,76
69,69,138
78,38,116
16,10,26
94,94,188
92,23,115
59,77,136
85,77,162
86,67,153
37,24,61
65,76,141
68,29,97
81,23,104
10,61,71
16,47,63
73,15,88
77,17,94
42,92,134
86,45,131
12,27,39
72,20,92
63,92,155
26,85,111
45,68,113
37,27,64
52,94,146
80,41,121
95,35,130
20,61,81
71,29,100
12,28,40
9,46,55
50,89,139
67,87,154
40,61,101
51,24,75
11,45,56
81,36,117
54,89,143
31,25,56
25,64,89
73,35,108
74,43,117
58,21,79
76,60,136
15,51,66
83,18,101
49,76,125
45,42,87
19,46,65
12,95,107
58,66,124
36,46,82
28,13,41
84,70,154
70,64,134
88,57,145
47,73,120
43,16,59
58,57,115
46,82,128
83,20,103
11,40,51
51,46,97
90,18,108
27,43,70
26,61,87
60,56,116
69,12,81
62,48,110
54,86,140
48,70,118
14,67,81
63,98,161
76,69,145
9,81,90
47,63,110
69,84,153
58,39,97
38,46,84
90,24,114
40,55,95
64,43,107
80,17,97
11,62,73
31,64,95
29,34,63
58,78,136
46,76,122
95,17,112
97,9,106
69,99,168
49,24,73
99,65,164
45,62,107
44,96,140
44,79,123
11,28,39
62,52,114
13,100,113
86,75,161
66,88,154
41,22,63
20,9,29
89,82,171
13,77,90
70,29,99
93,49,142
79,60,139
90,49,139
95,92,187
71,38,109
40,78,118
89,58,147
99,65,164
74,19,93
98,28,126
61,11,72
63,76,139
23,32,55
8,49,57
59,15,74
66,26,92
99,12,111
72,34,106
47,74,121
87,91,178
98,12,110
40,83,123
88,32,120
23,86,109
60,23,83
47,57,104
15,23,38
27,23,50
87,27,114
20,15,35
98,37,135
11,55,66
39,17,56
64,46,110
34,66,100
35,99,134
84,37,121
80,65,145
58,84,142
78,88,166
43,91,134
11,9,20
7,62,69
9,11,20
14,16,30
56,78,134
89,42,131
48,28,76
25,44,69
54,43,97
71,20,91
98,42,140
23,7,30
91,52,143
83,89,172
59,78,137
93,83,176
13,44,57
71,24,95
78,44,122
92,82,174
31,84,115
12,53,65
27,21,48
14,31,45
66,11,77
57,32,89
21,81,102
74,60,134
60,59,119
83,30,113
91,88,179
28,67,95
92,16,108
92,8,100
83,29,112
97,25,122
20,75,95
56,31,87
57,23,80
92,75,167
46,42,88
40,51,91
16,39,55
71,21,92
57,62,119
46,15,61
92,8,100
32,35,67
36,11,47
63,85,148
83,19,102
69,69,138
9,10,19
55,18,73
24,39,63
99,91,190
21,63,84
46,13,59
93,31,124
74,75,149
36,43,79
67,64,131
21,12,33
36,30,66
87,61,148
9,69,78
73,43,116
17,99,116
90,82,172
94,39,133
40,77,117
86,79,165
28,43,71
18,67,85
47,20,67
96,57,153
33,31,64
96,97,193
81,60,141
25,70,95
81,99,180
73,92,165
21,64,85
86,81,167
70,11,81
10,37,47
25,8,33
10,28,38
39,40,79
14,34,48
66,36,102
81,85,166
69,12,81
11,72,83
53,71,124
92,18,110
92,48,140
43,56,99
30,41,71
61,90,151
25,65,90
80,82,162
41,49,90
44,46,90
48,95,143
45,90,135
11,49,60
51,25,76
89,34,123
13,87,100
94,28,122
45,75,120
34,22,56
38,11,49
27,20,47
84,50,134
60,7,67
60,24,84
93,39,132
33,34,67
61,87,148
47,15,62
45,10,55
49,97,146
24,69,93
83,68,151
38,61,99
62,87,149
20,48,68
27,49,76
11,40,51
19,34,53
11,18,29
74,19,93
55,58,113
37,12,49
26,21,47
34,8,42
93,19,112
41,30,71
85,54,139
47,14,61
85,77,162
52,9,61
35,52,87
35,40,75
78,79,157
29,90,119
68,76,144
88,33,121
98,81,179
23,9,32
90,69,159
29,70,99
49,38,87
65,7,72
29,57,86
39,47,86
62,88,150
85,88,173
96,61,157
51,23,74
77,28,105
94,32,126
42,51,93
44,62,106
43,76,119
45,37,82
84,21,105
80,84,164
32,48,80
95,15,110
20,79,99
22,42,64
30,24,54
82,21,103
25,86,111
21,33,54
73,82,155
14,27,41
90,10,100
79,23,102
19,18,37
99,55,154
32,34,66
88,17,105
31,11,42
44,14,58
80,86,166
9,87,96
40,90,130
43,16,59
81,36,117
86,88,174
96,44,140
74,37,111
97,97,194
62,65,127
80,11,91
88,34,122
38,20,58
31,43,74
52,61,113
51,59,110
7,77,84
41,53,94
7,21,28
96,33,129
96,57,153
70,41,111
8,62,70
33,53,86
33,65,98
92,41,133
73,51,124
31,72,103
74,93,167
65,59,124
24,28,52
50,71,121
7,27,34
78,61,139
69,34,103
81,77,158
89,85,174
46,20,66
30,75,105
57,81,138
63,44,107
15,76,91
38,8,46
91,46,137
54,94,148
79,24,103
61,56,117
19,74,93
40,61,101
23,46,69
37,68,105
78,25,103
92,80,172
66,50,116
23,96,119
73,75,148
64,77,141
99,100,199
15,17,32
22,65,87
62,23,85
17,39,56
29,11,40
80,85,165
59,63,122
89,94,183
84,30,114
68,38,106
93,62,155
58,44,102
56,60,116
70,89,159
91,65,156
73,82,155
21,14,35
47,74,121
92,42,134
46,63,109
19,89,108
75,85,160
54,49,103
32,28,60
18,77,95
75,8,83
87,11,98
100,83,183
34,49,83
98,29,127
23,38,61
70,16,86
24,63,87
69,64,133
18,16,34
82,60,142
71,17,88
66,82,148
79,62,141
31,19,50
30,65,95
95,100,195
21,11,32
44,16,60
89,89,178
24,17,41
97,16,113
92,25,117
12,68,80
50,27,77
26,79,105
98,67,165
79,42,121
65,9,74
85,19,104
30,93,123
24,13,37
94,70,164
40,24,64
35,10,45
78,16,94
50,45,95
30,43,73
17,18,35
34,20,54
71,91,162
65,55,120
79,43,122
14,51,65
15,52,67
17,30,47
66,94,160
14,85,99
60,48,108
11,56,67
45,50,95
51,12,63
33,93,126
8,33,41
14,17,31
55,34,89
36,41,77
60,50,110
36,21,57
33,40,73
74,77,151
9,11,20
25,99,124
50,65,115
68,57,125
57,96,153
92,93,185
89,82,171
44,79,123
23,79,102
88,49,137
25,50,75
53,31,84
13,7,20
35,42,77
98,55,153
36,46,82
58,82,140
45,54,99
97,89,186
42,80,122
93,94,187
52,78,130
62,30,92
24,8,32
60,16,76
14,33,47
8,48,56
50,64,114
88,25,113
42,9,51
56,60,116
75,27,102
75,17,92
80,87,167
77,22,99
39,81,120
45,67,112
89,20,109
64,42,106
65,17,82
72,61,133
29,39,68
86,72,158
86,18,104
72,26,98
99,31,130
89,58,147
98,97,195
10,22,32
42,71,113
42,52,94
8,73,81
14,38,52
41,35,76
58,86,144
75,52,127
48,35,83
77,53,130
48,20,68
21,17,38
50,82,132
58,69,127
47,60,107
13,84,97
25,11,36
45,74,119
10,39,49
24,84,108
10,93,103
18,36,54
88,79,167
73,37,110
75,7,82
98,79,177
20,57,77
88,7,95
45,73,118
16,10,26
98,14,112
13,16,29
35,63,98
76,33,109
17,91,108
88,75,163
81,99,180
73,68,141
20,35,55
34,76,110
60,65,125
83,95,178
29,32,61
53,34,87
52,100,152
60,100,160
57,15,72
44,24,68
83,50,133
92,76,168
70,65,135
56,91,147
64,11,75
25,79,104
20,12,32
84,9,93
73,86,159
16,85,101
62,86,148
20,39,59
37,96,133
74,87,161
70,29,99
20,32,52
94,63,157
97,56,153
32,11,43
89,21,110
21,32,53
37,80,117
83,11,94
37,21,58
77,98,175
86,63,149
41,8,49
8,71,79
37,47,84
97,92,189
70,79,149
78,55,133
34,40,74
83,82,165
98,30,128
23,7,30
70,90,160
22,33,55
49,85,134
14,23,37
46,35,81
66,39,105
26,97,123
83,9,92
9,46,55
25,76,101
52,88,140
14,31,45
30,61,91
81,78,159
38,34,72
67,67,134
18,58,76
52,19,71
83,28,111
20,44,64
20,64,84
92,81,173
64,18,82
8,61,69
92,66,158
24,73,97
31,49,80
55,46,101
19,72,91
24,56,80
65,53,118
12,78,90
38,7,45
84,26,110
90,52,142
99,99,198
93,61,154
34,19,53
31,27,58
33,48,81
59,90,149
55,16,71
25,55,80
21,21,42
99,11,110
76,18,94
36,52,88
19,80,99
58,89,147
40,60,100
25,53,78
7,49,56
86,71,157
28,9,37
25,62,87
84,12,96
30,67,97
31,18,49
96,12,108
85,34,119
59,62,121
82,61,143
23,99,122
49,14,63
80,28,108
66,96,162
36,87,123
42,28,70
56,85,141
14,28,42
73,13,86
50,52,102
91,74,165
94,60,154
26,21,47
98,30,128
86,42,128
40,31,71
55,93,148
95,58,153
27,62,89
87,58,145
30,73,103
100,73,173
66,47,113
57,31,88
73,50,123
20,45,65
36,11,47
19,72,91
71,26,97
68,97,165
29,71,100
18,93,111
25,95,120
38,27,65
81,70,151
92,61,153
93,26,119
46,57,103
70,85,155
27,28,55
98,99,197
27,25,52
34,96,130
29,9,38
10,90,100
75,37,112
42,98,140
16,31,47
85,19,104
43,98,141
69,79,148
93,93,186
89,51,140
29,72,101
21,91,112
93,55,148
75,65,140
92,94,186
91,28,119
76,64,140
79,84,163
63,30,93
28,97,125
39,98,137
94,42,136
78,43,121
24,12,36
60,67,127
48,36,84
77,38,115
10,42,52
10,87,97
12,20,32
34,78,112
94,16,110
31,66,97
41,31,72
85,62,147
87,72,159
66,46,112
77,82,159
81,42,123
9,13,22
93,64,157
29,19,48
53,82,135
87,95,182
55,50,105
44,39,83
94,14,108
91,93,184
77,78,155
29,54,83
86,93,179
48,12,60
75,10,85
43,60,103
46,43,89
74,32,106
70,8,78
82,57,139
81,82,163
85,49,134
56,85,141
7,73,80
80,33,113
65,26,91
27,23,50
49,32,81
32,32,64
25,46,71
15,70,85
64,21,85
24,62,86
76,19,95
33,33,66
86,14,100
48,68,116
96,69,165
100,38,138
8,82,90
27,72,99
57,52,109
9,50,59
69,40,109
79,20,99
43,82,125
79,23,102
90,79,169
89,26,115
93,37,130
79,25,104
29,38,67
18,15,33
96,84,180
8,41,49
35,74,109
88,57,145
38,75,113
90,7,97
16,51,67
80,28,108
54,24,78
50,59,109
73,60,133
30,21,51
9,31,40
96,15,111
76,53,129
66,90,156
90,25,115
80,80,160
62,74,136
23,75,98
64,91,155
70,35,105
16,60,76
91,81,172
15,22,37
65,26,91
10,100,110
67,14,81
84,65,149
10,50,60
63,95,158
91,59,150
61,77,138
78,18,96
21,70,91
23,96,119
78,93,171
11,94,105
56,17,73
99,44,143
48,13,61
46,79,125
8,91,99
97,47,144
70,33,103
24,84,108
28,98,126
29,66,95
14,97,111
95,50,145
50,74,124
51,96,147
71,28,99
81,93,174
18,86,104
38,96,134
7,15,22
97,51,148
31,29,60
100,46,146
7,47,54
73,46,119
51,30,81
28,66,94
66,71,137
26,78,104
99,13,112
27,27,54
31,88,119
69,64,133
78,31,109
99,10,109
27,45,72
19,77,96
11,96,107
65,23,88
19,11,30
69,17,86
25,69,94
69,95,164
24,12,36
38,33,71
20,86,106
34,98,132
22,47,69
93,52,145
68,36,104
95,17,112
84,92,176
12,21,33
41,57,98
69,51,120
54,23,77
35,40,75
85,21,106
60,28,88
54,8,62
35,25,60
25,13,38
76,56,132
48,16,64
88,85,173
72,24,96
9,55,64
68,88,156
33,88,121
67,77,144
65,86,151
23,73,96
90,13,103
17,12,29
77,54,131
23,45,68
58,42,100
72,62,134
10,19,29
74,43,117
90,18,108
60,75,135
59,76,135
12,92,104
29,87,116
17,13,30
97,67,164
83,21,104
27,42,69
66,55,121
52,73,125
52,94,146
59,52,111
64,38,102
94,78,172
58,60,118
15,16,31
90,29,119
42,74,116
42,36,78
8,86,94
58,46,104
9,24,33
95,21,116
66,99,165
44,10,54
54,71,125
65,69,134
13,49,62
45,45,90
68,20,88
86,60,146
38,37,75
87,59,146
11,29,40
94,96,190
37,25,62
13,29,42
89,99,188
7,34,41
76,35,111
58,20,78
59,60,119
42,40,82
29,55,84
49,77,126
47,57,104
78,15,93
70,13,83
86,55,141
7,27,34
83,79,162
10,40,50
46,92,138
88,80,168
57,33,90
78,70,148
57,31,88
63,64,127
89,100,189
75,85,160
33,37,70
46,53,99
65,41,106
52,68,120
36,52,88
47,18,65
18,64,82
54,68,122
33,46,79
11,67,78
27,49,76
63,35,98
94,75,169
49,50,99
68,52,120
35,36,71
91,82,173
92,75,167
87,16,103
99,63,162
46,11,57
89,49,138
47,63,110
51,69,120
60,97,157
10,40,50
87,12,99
88,97,185
83,12,95
37,60,97
30,65,95
26,43,69
24,50,74
15,46,61
29,8,37
58,7,65
55,69,124
91,28,119
38,16,54
21,57,78
27,92,119
88,33,121
82,11,93
37,8,45
36,75,111
87,78,165
32,57,89
22,52,74
73,33,106
88,30,118
92,53,145
8,19,27
17,66,83
96,47,143
68,18,86
27,13,40
60,95,155
86,69,155
59,39,98
92,15,107
87,72,159
40,20,60
39,35,74
96,58,154
42,50,92
94,89,183
27,24,51
70,11,81
50,33,83
17,15,32
10,60,70
69,10,79
21,95,116
63,55,118
36,72,108
29,95,124
77,79,156
22,31,53
83,68,151
24,83,107
55,14,69
38,54,92
56,50,106
54,16,70
60,13,73
93,84,177
82,45,127
31,64,95
65,41,106
43,87,130
47,45,92
87,100,187
12,49,61
39,94,133
99,37,136
32,9,41
61,78,139
46,37,83
15,77,92
56,49,105
49,16,65
48,43,91
59,81,140
22,66,88
71,53,124
63,63,126
69,25,94
81,21,102
28,76,104
51,85,136
87,13,100
49,60,109
64,79,143
68,15,83
22,22,44
90,38,128
99,73,172
63,70,133
50,22,72
67,33,100
22,45,67
25,82,107
7,63,70
60,10,70
18,23,41
59,94,153
38,14,52
79,25,104
49,100,149
40,81,121
16,77,93
40,77,117
27,96,123
33,88,121
58,10,68
84,63,147
68,49,117
56,8,64
79,80,159
38,36,74
87,21,108
75,50,125
85,30,115
33,95,128
90,41,131
27,66,93
75,33,108
59,48,107
71,33,104
50,68,118
47,89,136
26,63,89
34,70,104
76,51,127
93,36,129
32,34,66
23,52,75
21,32,53
42,37,79
46,27,73
57,11,68
98,43,141
59,24,83
55,60,115
83,7,90
17,22,39
20,9,29
91,69,160
51,44,95
30,70,100
98,31,129
92,92,184
54,17,71
73,38,111
68,77,145
19,67,86
45,65,110
48,87,135
29,96,125
16,79,95
95,88,183
11,13,24
64,55,119
68,57,125
8,20,28
55,38,93
60,10,70
89,69,158
55,71,126
74,39,113
44,57,101
21,35,56
24,80,104
18,97,115
76,48,124
29,98,127
39,65,104
77,22,99
38,54,92
33,8,41
59,79,138
50,41,91
67,59,126
65,86,151
43,32,75
52,44,96
14,75,89
68,94,162
32,12,44
27,77,104
94,74,168
37,29,66
82,72,154
97,88,185
75,87,162
83,39,122
95,46,141
81,38,119
7,44,51
34,23,57
95,80,175
28,97,125
31,41,72
17,37,54
18,49,67
79,18,97
17,67,84
61,19,80
36,91,127
18,62,80
38,29,67
33,40,73
43,16,59
50,69,119
18,31,49
51,29,80
8,51,59
48,76,124
24,35,59
99,92,191
84,91,175
53,97,150
56,88,144
67,19,86
50,35,85
41,67,108
77,89,166
24,59,83
85,46,131
24,62,86
12,26,38
40,93,133
11,34,45
69,38,107
95,52,147
24,31,55
67,31,98
50,79,129
9,43,52
60,48,108
26,93,119
52,67,119
12,62,74
49,40,89
17,17,34
24,54,78
30,86,116
33,53,86
68,11,79
22,35,57
36,74,110
66,28,94
49,32,81
61,34,95
74,8,82
100,67,167
81,82,163
95,83,178
56,69,125
72,56,128
100,80,180
41,91,132
65,57,122
67,14,81
21,38,59
64,40,104
42,88,130
99,68,167
59,49,108
82,81,163
90,45,135
100,43,143
23,92,115
68,34,102
74,62,136
66,28,94
77,60,137
45,36,81
31,73,104
54,43,97
73,69,142
61,93,154
82,89,171
29,98,127
10,64,74
28,91,119
8,29,37
72,67,139
55,28,83
74,82,156
82,12,94
56,77,133
33,91,124
11,75,86
11,41,52
97,41,138
39,17,56
49,32,81
14,56,70
25,70,95
86,14,100
14,28,42
38,63,101
23,26,49
48,98,146
44,86,130
69,100,169
54,27,81
75,8,83
57,62,119
36,55,91
78,54,132
13,44,57
50,7,57
13,7,20
95,19,114
62,92,154
83,21,104
12,94,106
75,29,104
34,12,46
42,86,128
63,21,84
61,35,96
93,28,121
85,58,143
81,92,173
87,52,139
51,72,123
81,89,170
80,59,139
17,71,88
71,11,82
93,37,130
47,31,78
78,66,144
14,37,51
72,53,125
74,43,117
19,92,111
33,73,106
33,38,71
38,29,67
34,59,93
32,29,61
10,92,102
91,14,105
46,26,72
86,48,134
84,54,138
64,87,151
25,63,88
68,61,129
80,14,94
71,57,128
59,13,72
24,22,46
41,46,87
80,47,127
21,14,35
12,71,83
18,24,42
63,72,135
8,55,63
39,28,67
10,87,97
41,15,56
82,36,118
75,22,97
68,100,168
92,64,156
40,99,139
41,31,72
96,78,174
91,52,143
81,59,140
31,59,90
32,42,74
18,71,89
70,40,110
42,15,57
60,69,129
76,49,125
80,73,153
99,70,169
43,81,124
37,77,114
42,90,132
85,20,105
98,33,131
71,67,138
47,25,72
59,100,159
94,13,107
90,78,168
55,57,112
95,75,170
81,27,108
90,7,97
41,79,120
80,62,142
59,34,93
50,84,134
88,67,155
60,84,144
39,66,105
33,12,45
28,76,104
8,39,47
63,37,100
69,81,150
24,88,112
45,91,136
73,48,121
56,66,122
48,34,82
99,12,111
76,84,160
72,37,109
10,24,34
84,22,106
99,91,190
80,51,131
72,97,169
72,92,164
59,11,70
10,92,102
73,13,86
85,39,124
29,73,102
36,44,80
91,10,101
9,65,74
21,75,96
11,89,100
55,49,104
22,58,80
12,93,105
83,17,100
63,42,105
63,37,100
15,67,82
26,15,41
67,20,87
79,16,95
79,95,174
9,25,34
77,40,117
45,74,119
42,87,129
23,8,31
42,10,52
54,72,126
39,55,94
60,16,76
99,78,177
25,76,101
68,97,165
40,12,52
73,80,153
68,9,77
60,75,135
77,35,112
60,67,127
18,54,72
78,10,88
82,47,129
13,74,87
57,98,155
24,63,87
52,33,85
95,48,143
58,21,79
70,27,97
38,39,77
11,72,83
79,10,89
72,81,153
79,76,155
46,87,133
86,88,174
82,17,99
7,65,72
74,68,142
49,56,105
69,39,108
90,67,157
55,98,153
15,47,62
52,27,79
65,71,136
41,69,110
10,92,102
32,56,88
66,8,74
76,88,164
54,53,107
38,95,133
14,46,60
55,72,127
71,20,91
49,11,60
18,40,58
93,86,179
66,18,84
76,79,155
49,98,147
69,36,105
40,43,83
13,96,109
7,14,21
50,90,140
71,47,118
45,93,138
40,71,111
94,49,143
73,24,97
71,14,85
98,8,106
91,7,98
14,65,79
12,53,65
82,79,161
38,12,50
28,72,100
68,69,137
44,12,56
18,7,25
31,34,65
59,65,124
61,43,104
42,21,63
60,77,137
41,71,112
54,59,113
84,81,165
71,67,138
95,87,182
82,35,117
90,87,177
44,56,100
35,27,62
9,52,61
58,11,69
77,77,154
45,83,128
9,69,78
14,19,33
33,7,40
63,9,72
18,62,80
11,7,18
91,98,189
12,83,95
69,88,157
45,20,65
14,61,75
51,77,128
10,60,70
46,83,129
12,56,68
30,30,60
80,59,139
52,90,142
21,38,59
93,33,126
55,14,69
35,23,58
74,69,143
35,32,67
24,42,66
34,81,115
27,70,97
69,73,142
78,46,124
42,22,64
70,76,146
85,31,116
53,8,61
90,88,178
93,24,117
22,97,119
30,47,77
74,13,87
34,96,130
26,87,113
98,99,197
81,32,113
81,89,170
44,72,116
62,71,133
96,87,183
81,97,178
84,32,116
79,69,148
19,26,45
55,83,138
64,74,138
43,44,87
90,64,154
44,30,74
67,18,85
46,19,65
99,72,171
31,33,64
47,68,115
99,98,197
19,26,45
83,27,110
95,72,167
66,76,142
56,19,75
23,95,118
88,44,132
20,53,73
81,90,171
44,26,70
21,80,101
29,59,88
79,44,123
32,8,40
22,7,29
73,27,100
63,99,162
59,89,148
69,90,159
68,17,85
62,11,73
34,88,122
98,44,142
32,19,51
61,16,77
99,49,148
59,37,96
40,12,52
78,38,116
70,90,160
58,68,126
30,94,124
56,16,72
53,64,117
21,31,52
73,45,118
93,82,175
82,94,176
100,99,199
89,18,107
89,46,135
28,65,93
40,65,105
52,82,134
12,58,70
38,48,86
42,56,98
83,24,107
77,43,120
91,60,151
99,50,149
29,89,118
53,14,67
31,13,44
10,76,86
90,38,128
32,34,66
88,50,138
61,81,142
32,44,76
78,8,86
23,16,39
25,77,102
73,41,114
82,29,111
25,80,105
98,34,132
53,93,146
33,75,108
78,77,155
68,75,143
81,91,172
71,87,158
53,62,115
23,79,102
32,94,126
83,87,170
74,77,151
60,77,137
93,30,123
38,53,91
78,98,176
87,20,107
10,90,100
59,68,127
48,98,146
64,85,149
100,82,182
12,100,112
89,38,127
43,34,77
10,93,103
34,77,111
9,42,51
63,65,128
35,15,50
39,84,123
44,32,76
68,29,97
61,100,161
32,47,79
92,93,185
95,30,125
98,17,115
90,41,131
18,33,51
64,14,78
10,13,23
72,55,127
56,100,156
50,11,61
12,27,39
17,86,103
38,61,99
90,63,153
92,56,148
28,27,55
31,76,107
69,37,106
100,60,160
50,93,143
21,98,119
65,34,99
14,33,47
61,57,118
64,92,156
71,67,138
43,66,109
52,30,82
54,99,153
95,82,177
48,68,116
16,27,43
41,91,132
57,15,72
39,9,48
64,59,123
21,63,84
80,94,174
47,64,111
81,30,111
75,62,137
20,23,43
68,88,156
45,51,96
58,86,144
24,79,103
7,7,14
25,52,77
57,73,130
49,88,137
9,59,68
30,52,82
39,38,77
64,74,138
69,42,111
9,7,16
15,24,39
73,63,136
50,76,126
46,36,82
18,9,27
92,83,175
91,78,169
65,95,160
51,70,121
94,69,163
38,67,105
26,69,95
96,47,143
99,8,107
18,24,42
82,89,171
24,68,92
59,64,123
75,25,100
59,35,94
25,95,120
8,90,98
99,51,150
80,29,109
63,25,88
63,73,136
9,15,24
89,33,122
51,7,58
32,25,57
78,60,138
73,37,110
55,54,109
7,17,24
98,61,159
79,8,87
21,85,106
91,20,111
73,15,88
51,15,66
44,60,104
46,22,68
91,46,137
79,79,158
57,46,103
99,40,139
21,52,73
61,93,154
48,35,83
76,86,162
7,73,80
14,29,43
88,26,114
74,60,134
66,63,129
85,85,170
78,70,148
9,40,49
31,29,60
27,14,41
83,37,120
48,60,108
46,78,124
46,19,65
33,40,73
92,89,181
61,97,158
65,50,115
32,27,59
23,49,72
52,36,88
13,93,106
44,10,54
98,55,153
45,29,74
25,63,88
40,30,70
19,80,99
59,68,127
56,18,74
28,14,42
11,25,36
54,57,111
53,89,142
18,85,103
68,86,154
58,53,111
89,60,149
95,49,144
72,78,150
8,81,89
40,95,135
80,12,92
19,94,113
47,39,86
34,13,47
100,63,163
91,81,172
86,22,108
57,92,149
42,49,91
73,37,110
20,82,102
72,24,96
93,80,173
47,35,82
7,74,81
86,15,101
92,10,102
60,88,148
88,72,160
10,100,110
68,72,140
16,40,56
89,91,180
46,9,55
93,74,167
67,31,98
56,76,132
49,24,73
56,23,79
81,80,161
27,53,80
33,26,59
52,95,147
23,31,54
87,15,102
61,16,77
28,41,69
8,42,50
94,76,170
31,18,49
65,50,115
93,65,158
40,87,127
21,64,85
60,81,141
15,37,52
20,90,110
32,7,39
76,75,151
53,67,120
78,82,160
22,86,108
89,22,111
61,13,74
35,76,111
34,76,110
71,81,152
83,9,92
63,15,78
97,9,106
94,70,164
57,15,72
31,41,72
75,74,149
59,50,109
14,61,75
58,83,141
80,98,178
78,80,158
98,18,116
10,84,94
54,67,121
9,37,46
98,23,121
73,69,142
59,37,96
61,23,84
32,94,126
94,64,158
11,33,44
35,52,87
77,69,146
18,51,69
50,46,96
55,33,88
90,32,122
75,28,103
84,16,100
21,78,99
72,35,107
25,61,86
30,87,117
75,39,114
86,18,104
44,50,94
51,7,58
40,32,72
74,63,137
45,72,117
69,45,114
34,11,45
97,27,124
65,89,154
23,95,118
77,47,124
14,12,26
44,42,86
18,34,52
40,29,69
8,58,66
60,82,142
40,23,63
52,94,146
12,69,81
63,9,72
88,88,176
67,66,133
74,71,145
25,92,117
15,28,43
83,39,122
17,15,32
97,77,174
61,35,96
31,31,62
53,17,70
22,72,94
28,55,83
63,95,158
29,50,79
39,33,72
21,38,59
16,57,73
7,23,30
13,22,35
92,26,118
55,97,152
56,64,120
59,83,142
27,57,84
98,75,173
66,15,81
48,83,131
70,28,98
57,67,124
51,72,123
11,91,102
100,22,122
94,78,172
29,42,71
75,52,127
54,7,61
97,29,126
97,99,196
74,9,83
61,40,101
51,76,127
45,55,100
7,56,63
78,44,122
41,44,85
46,37,83
47,21,68
90,15,105
11,89,100
92,31,123
37,39,76
69,42,111
32,31,63
18,71,89
95,85,180
42,21,63
10,19,29
15,10,25
27,47,74
62,16,78
9,95,104
17,89,106
92,83,175
41,54,95
64,80,144
9,17,26
45,64,109
95,20,115
57,77,134
62,65,127
60,11,71
20,40,60
77,74,151
53,24,77
59,15,74
67,85,152
92,7,99
55,45,100
99,98,197
91,13,104
63,71,134
14,68,82
10,73,83
83,95,178
71,46,117
67,58,125
76,70,146
82,11,93
42,13,55
74,86,160
52,15,67
49,52,101
18,53,71
63,11,74
73,97,170
34,67,101
58,71,129
68,96,164
64,67,131
56,85,141
62,22,84
45,35,80
82,90,172
59,22,81
93,75,168
95,15,110
27,80,107
85,69,154
48,30,78
30,12,42
86,22,108
74,24,98
20,55,75
93,61,154
7,8,15
91,68,159
89,57,146
83,51,134
56,33,89
30,75,105
58,76,134
49,25,74
93,81,174
44,16,60
16,30,46
87,30,117
18,95,113
82,90,172
7,76,83
30,29,59
97,69,166
40,42,82
7,78,85
37,96,133
32,24,56
72,87,159
17,72,89
70,57,127
72,19,91
67,41,108
60,34,94
62,76,138
94,72,166
98,87,185
87,38,125
79,48,127
99,38,137
78,36,114
62,97,159
86,96,182
57,87,144
70,41,111
26,85,111
87,47,134
82,36,118
39,50,89
11,96,107
82,43,125
61,20,81
78,97,175
99,43,142
75,88,163
61,51,112
12,100,112
78,48,126
75,13,88
59,84,143
44,58,102
15,42,57
16,80,96
76,61,137
48,29,77
50,88,138
40,36,76
97,72,169
85,61,146
9,99,108
21,33,54
39,47,86
80,50,130
59,70,129
59,64,123
87,66,153
80,78,158
53,78,131
95,99,194
73,60,133
22,12,34
50,83,133
59,83,142
25,99,124
83,94,177
12,18,30
89,92,181
59,9,68
68,92,160
69,15,84
18,29,47
90,70,160
30,93,123
24,57,81
51,29,80
24,59,83
26,7,33
71,74,145
58,90,148
45,53,98
53,88,141
38,21,59
65,96,161
60,7,67
94,52,146
34,38,72
71,42,113
92,76,168
53,58,111
85,57,142
98,20,118
7,13,20
21,66,87
31,55,86
92,46,138
63,27,90
73,57,130
54,51,105
14,53,67
64,77,141
18,61,79
58,62,120
77,98,175
23,90,113
99,90,189
54,76,130
30,86,116
14,33,47
10,34,44
90,28,118
96,100,196
42,30,72
43,60,103
88,68,156
29,66,95
42,93,135
86,69,155
85,73,158
26,100,126
7,60,67
54,25,79
76,89,165
7,15,22
28,64,92
87,96,183
87,37,124
32,10,42
61,93,154
32,97,129
87,17,104
64,33,97
67,81,148
16,43,59
72,76,148
75,83,158
76,56,132
35,82,117
36,61,97
80,59,139
96,78,174
71,26,97
41,71,112
36,31,67
61,13,74
77,83,160
96,68,164
49,30,79
25,85,110
68,46,114
95,51,146
74,40,114
81,47,128
30,64,94
57,19,76
36,39,75
34,60,94
40,60,100
83,42,125
41,92,133
23,97,120
70,96,166
62,99,161
59,16,75
68,76,144
61,63,124
95,82,177
98,46,144
53,77,130
70,54,124
33,45,78
9,50,59
24,42,66
90,36,126
11,47,58
35,31,66
82,34,116
9,30,39
77,13,90
70,57,127
46,27,73
75,51,126
88,19,107
63,50,113
70,10,80
100,75,175
97,45,142
17,73,90
38,58,96
26,28,54
84,11,95
63,34,97
9,39,48
100,37,137
33,35,68
49,7,56
84,87,171
89,50,139
43,66,109
36,75,111
61,83,144
40,99,139
71,92,163
73,44,117
99,33,132
49,60,109
100,32,132
71,58,129
34,67,101
33,7,40
12,42,54
82,20,102
94,34,128
96,26,122
27,7,34
15,92,107
36,82,118
51,42,93
57,45,102
55,87,142
62,31,93
87,85,172
70,10,80
57,30,87
19,37,56
72,31,103
75,34,109
88,9,97
12,89,101
43,68,111
28,16,44
24,42,66
82,27,109
50,82,132
67,15,82
25,96,121
98,44,142
18,32,50
61,28,89
53,51,104
54,74,128
55,94,149
23,41,64
7,9,16
68,76,144
60,59,119
87,33,120
71,11,82
21,95,116
36,83,119
36,32,68
95,51,146
84,55,139
91,99,190
92,82,174
52,19,71
27,47,74
88,11,99
18,100,118
36,94,130
41,12,53
91,55,146
50,47,97
73,58,131
72,17,89
79,66,145
35,74,109
15,94,109
52,84,136
45,9,54
11,74,85
39,54,93
89,21,110
22,93,115
83,100,183
60,41,101
10,15,25
92,48,140
36,75,111
25,88,113
13,63,76
55,43,98
22,51,73
90,59,149
33,51,84
38,47,85
88,92,180
61,91,152
8,15,23
71,75,146
34,23,57
55,96,151
36,94,130
73,44,117
28,45,73
48,71,119
43,99,142
66,40,106
68,30,98
34,47,81
75,59,134
38,52,90
75,8,83
32,33,65
25,92,117
76,83,159
18,10,28
53,58,111
25,47,72
75,40,115
37,25,62
28,99,127
66,59,125
63,98,161
87,60,147
95,88,183
88,34,122
87,95,182
13,8,21
36,25,61
89,22,111
78,22,100
91,13,104
24,91,115
61,96,157
12,17,29
51,77,128
75,25,100
13,14,27
28,30,58
59,93,152
85,33,118
21,91,112
100,33,133
83,78,161
98,8,106
80,73,153
49,96,145
52,12,64
43,77,120
34,55,89
58,26,84
97,15,112
50,70,120
13,95,108
68,49,117
95,92,187
37,54,91
12,37,49
17,40,57
85,48,133
16,53,69
37,44,81
80,52,132
89,23,112
68,9,77
73,84,157
41,70,111
13,77,90
64,95,159
95,7,102
8,74,82
33,55,88
11,70,81
13,8,21
35,43,78
49,63,112
66,22,88
32,45,77
60,80,140
16,91,107
16,71,87
35,72,107
86,82,168
18,93,111
13,81,94
100,25,125
74,27,101
82,53,135
72,82,154
29,16,45
85,27,112
69,93,162
34,57,91
99,49,148
70,41,111
70,62,132
20,49,69
95,37,132
51,52,103
9,50,59
93,32,125
78,92,170
79,86,165
31,30,61
45,50,95
65,99,164
21,20,41
50,66,116
90,86,176
23,80,103
27,76,103
20,57,77
94,39,133
52,23,75
21,99,120
49,42,91
33,61,94
33,65,98
39,95,134
28,7,35
19,82,101
59,41,100
93,92,185
43,86,129
91,14,105
67,58,125
75,39,114
76,69,145
60,46,106
26,43,69
16,37,53
48,17,65
71,13,84
17,98,115
51,68,119
84,73,157
61,26,87
23,88,111
53,98,151
60,10,70
13,95,108
72,100,172
20,100,120
57,8,65
62,67,129
100,84,184
58,80,138
36,65,101
87,56,143
56,35,91
11,22,33
9,34,43
75,21,96
66,42,108
28,40,68
73,96,169
45,40,85
8,98,106
25,84,109
40,53,93
42,56,98
47,45,92
30,47,77
36,48,84
90,96,186
68,55,123
72,27,99
60,32,92
19,85,104
73,44,117
49,70,119
77,88,165
84,37,121
46,61,107
100,98,198
97,73,170
100,93,193
40,48,88
87,19,106
51,25,76
41,28,69
84,61,145
12,99,111
71,75,146
16,43,59
17,96,113
65,73,138
39,40,79
65,27,92
27,17,44
49,78,127
53,58,111
69,35,104
87,61,148
41,28,69
76,73,149
48,83,131
63,22,85
60,87,147
94,25,119
88,100,188
50,48,98
72,22,94
83,84,167
94,86,180
72,74,146
62,95,157
81,21,102
21,69,90
42,12,54
11,89,100
94,45,139
31,32,63
65,84,149
98,26,124
11,93,104
72,95,167
49,77,126
54,70,124
57,93,150
56,37,93
29,24,53
12,33,45
48,69,117
27,18,45
14,92,106
88,45,133
94,37,131
47,49,96
17,12,29
9,53,62
7,54,61
100,44,144
90,99,189
31,98,129
96,45,141
76,64,140
87,90,177
83,68,151
23,69,92
42,15,57
56,67,123
16,54,70
53,18,71
28,86,114
89,55,144
38,34,72
59,14,73
16,75,91
35,61,96
38,75,113
28,81,109
88,63,151
20,69,89
88,62,150
52,22,74
59,40,99
11,15,26
55,28,83
54,51,105
44,49,93
58,84,142
38,78,116
18,38,56
46,44,90
60,29,89
16,15,31
23,98,121
77,25,102
28,79,107
58,16,74
30,83,113
67,60,127
44,56,100
92,34,126
65,31,96
72,89,161
23,45,68
97,58,155
67,56,123
54,38,92
91,43,134
19,95,114
89,83,172
55,53,108
26,20,46
54,8,62
100,87,187
25,49,74
9,59,68
61,26,87
71,24,95
9,74,83
24,59,83
45,49,94
15,93,108
33,51,84
100,20,120
73,37,110
8,100,108
59,42,101
14,7,21
62,49,111
40,90,130
57,25,82
41,43,84
58,56,114
80,56,136
95,41,136
52,67,119
67,31,98
78,15,93
42,39,81
23,41,64
31,12,43
21,82,103
65,20,85
90,43,133
7,57,64
42,76,118
92,47,139
90,78,168
77,96,173
50,85,135
8,100,108
23,81,104
18,71,89
19,28,47
25,85,110
93,98,191
41,74,115
21,7,28
68,63,131
59,38,97
26,40,66
95,86,181
58,76,134
18,54,72
47,77,124
43,65,108
86,65,151
78,36,114
9,38,47
83,62,145
49,33,82
85,89,174
32,86,118
20,60,80
37,68,105
100,71,171
38,59,97
71,44,115
52,75,127
64,94,158
96,12,108
48,8,56
78,64,142
54,94,148
63,47,110
92,45,137
35,23,58
47,12,59
24,62,86
83,9,92
43,75,118
94,85,179
53,29,82
71,34,105
99,86,185
100,87,187
63,47,110
22,12,34
60,49,109
65,97,162
21,51,72
33,42,75
93,63,156
59,73,132
26,84,110
10,16,26
59,79,138
43,60,103
78,35,113
95,10,105
13,86,99
35,82,117
79,9,88
31,8,39
33,26,59
92,31,123
80,21,101
88,50,138
42,47,89
44,69,113
99,71,170
65,19,84
91,69,160
12,44,56
66,81,147
71,10,81
59,78,137
20,32,52
29,12,41
84,83,167
95,20,115
98,10,108
92,31,123
43,42,85
87,40,127
24,91,115
93,29,122
16,61,77
58,14,72
54,60,114
24,100,124
34,39,73
21,64,85
39,90,129
89,85,174
53,34,87
87,65,152
77,67,144
81,79,160
89,42,131
37,20,57
49,69,118
52,20,72
48,69,117
60,71,131
43,8,51
77,52,129
78,41,119
31,59,90
77,98,175
30,61,91
96,74,170
96,59,155
61,75,136
11,54,65
18,59,77
17,28,45
49,94,143
85,68,153
7,88,95
68,27,95
32,15,47
58,18,76
93,9,102
79,81,160
31,90,121
8,96,104
32,90,122
74,16,90
72,63,135
61,9,70
64,90,154
78,82,160
46,84,130
78,47,125
93,80,173
40,77,117
95,98,193
89,73,162
78,26,104
85,55,140
69,11,80
72,76,148
59,26,85
72,51,123
42,9,51
44,54,98
81,67,148
20,93,113
35,89,124
8,99,107
46,42,88
34,60,94
79,19,98
61,94,155
86,41,127
35,80,115
22,20,42
81,28,109
11,15,26
91,42,133
83,78,161
86,85,171
29,32,61
40,55,95
47,72,119
95,49,144
86,78,164
9,15,24
61,61,122
48,40,88
24,7,31
33,19,52
46,94,140
49,24,73
76,93,169
63,17,80
12,66,78
81,44,125
67,58,125
47,90,137
94,90,184
28,32,60
27,82,109
33,85,118
90,10,100
63,31,94
16,91,107
48,34,82
99,58,157
95,60,155
24,27,51
65,46,111
45,20,65
97,71,168
93,17,110
72,37,109
98,39,137
17,66,83
17,39,56
24,99,123
28,37,65
67,71,138
45,95,140
45,85,130
65,27,92
51,25,76
33,86,119
92,88,180
69,20,89
38,48,86
76,41,117
85,47,132
73,73,146
45,15,60
31,98,129
95,31,126
7,23,30
25,93,118
13,100,113
20,69,89
14,67,81
45,67,112
77,39,116
13,10,23
11,63,74
50,23,73
49,60,109
100,61,161
91,37,128
13,48,61
26,14,40
61,48,109
84,49,133
35,93,128
7,78,85
35,64,99
23,88,111
15,92,107
54,100,154
45,73,118
29,57,86
48,11,59
78,48,126
72,10,82
25,28,53
43,73,116
39,76,115
22,14,36
11,37,48
61,24,85
96,43,139
61,33,94
26,43,69
15,98,113
12,80,92
30,20,50
93,26,119
45,73,118
10,58,68
35,56,91
7,7,14
56,59,115
54,28,82
24,97,121
21,60,81
43,55,98
41,33,74
34,70,104
35,33,68
55,20,75
83,92,175
68,68,136
20,15,35
75,72,147
75,67,142
88,42,130
32,12,44
41,49,90
33,21,54
52,31,83
73,87,160
75,60,135
20,89,109
13,88,101
38,8,46
27,13,40
55,41,96
15,8,23
40,23,63
92,47,139
21,8,29
17,62,79
16,12,28
24,94,118
13,49,62
60,31,91
7,36,43
90,73,163
68,51,119
68,46,114
11,87,98
93,41,134
91,73,164
31,56,87
16,46,62
8,20,28
60,78,138
16,7,23
25,38,63
37,80,117
26,8,34
99,51,150
54,13,67
100,88,188
97,42,139
86,81,167
89,48,137
15,21,36
17,33,50
77,75,152
62,7,69
96,35,131
37,10,47
58,26,84
53,18,71
56,13,69
17,34,51
64,77,141
48,60,108
18,79,97
75,35,110
84,28,112
16,16,32
33,32,65
89,36,125
54,93,147
76,47,123
93,18,111
71,65,136
21,15,36
88,20,108
25,68,93
70,18,88
59,44,103
97,76,173
56,95,151
40,98,138
94,85,179
92,37,129
40,100,140
77,92,169
53,57,110
42,42,84
88,34,122
43,25,68
43,27,70
28,42,70
41,65,106
23,65,88
97,90,187
71,35,106
47,53,100
18,67,85
18,38,56
50,23,73
18,67,85
32,30,62
42,34,76
67,34,101
72,32,104
86,28,114
58,59,117
7,63,70
67,61,128
14,16,30
75,30,105
95,99,194
53,14,67
34,29,63
46,36,82
31,53,84
30,15,45
8,18,26
72,74,146
55,94,149
47,55,102
96,29,125
11,79,90
10,14,24
7,32,39
48,15,63
81,10,91
25,25,50
24,65,89
62,9,71
28,98,126
47,79,126
31,96,127
88,33,121
72,28,100
78,44,122
32,74,106
93,87,180
66,7,73
43,56,99
95,76,171
68,47,115
7,49,56
80,25,105
34,21,55
36,100,136
73,61,134
57,22,79
8,80,88
19,10,29
63,63,126
69,66,135
69,49,118
75,95,170
90,95,185
90,68,158
26,68,94
63,98,161
89,43,132
47,75,122
40,88,128
31,17,48
51,8,59
34,79,113
91,84,175
81,68,149
87,40,127
75,54,129
53,25,78
50,24,74
36,41,77
65,11,76
41,35,76
81,100,181
64,24,88
72,47,119
65,45,110
94,75,169
69,69,138
81,16,97
74,48,122
9,34,43
84,71,155
59,56,115
34,71,105
73,89,162
38,38,76
21,43,64
31,7,38
30,11,41
68,19,87
73,71,144
13,40,53
44,22,66
30,50,80
25,28,53
54,69,123
17,65,82
27,15,42
66,12,78
85,76,161
54,19,73
91,94,185
74,52,126
21,46,67
94,97,191
77,78,155
87,12,99
84,94,178
98,18,116
18,35,53
56,98,154
68,69,137
47,11,58
7,47,54
50,19,69
76,58,134
31,96,127
73,34,107
54,76,130
96,12,108
60,81,141
57,9,66
95,68,163
14,100,114
73,46,119
93,55,148
14,70,84
8,51,59
84,40,124
78,40,118
96,96,192
63,47,110
22,69,91
88,90,178
72,99,171
7,74,81
43,38,81
65,28,93
10,15,25
27,100,127
99,94,193
55,27,82
26,49,75
97,33,130
59,14,73
14,10,24
16,95,111
80,70,150
70,24,94
46,16,62
47,45,92
40,41,81
66,13,79
25,32,57
19,85,104
72,87,159
30,75,105
95,69,164
91,56,147
48,18,66
44,57,101
92,48,140
98,33,131
50,66,116
66,16,82
90,50,140
12,58,70
95,91,186
85,97,182
74,81,155
55,62,117
13,40,53
18,82,100
58,16,74
49,27,76
89,85,174
99,75,174
65,30,95
8,43,51
55,58,113
21,60,81
7,37,44
62,31,93
15,21,36
30,40,70
59,55,114
77,81,158
40,49,89
98,21,119
18,59,77
97,61,158
97,66,163
81,10,91
88,67,155
26,68,94
88,83,171
33,47,80
97,78,175
48,81,129
67,98,165
11,64,75
46,58,104
18,28,46
80,100,180
16,41,57
65,56,121
24,66,90
76,11,87
97,11,108
30,37,67
26,29,55
30,44,74
94,38,132
43,34,77
60,30,90
82,88,170
64,76,140
42,48,90
96,63,159
51,33,84
72,30,102
75,71,146
29,74,103
10,18,28
17,43,60
95,62,157
47,36,83
11,12,23
53,9,62
43,65,108
39,62,101
16,13,29
64,22,86
70,43,113
70,78,148
26,55,81
74,32,106
88,50,138
11,43,54
55,72,127
58,69,127
35,83,118
16,59,75
14,19,33
44,73,117
90,79,169
97,15,112
81,63,144
97,39,136
69,69,138
9,60,69
48,71,119
91,61,152
96,35,131
99,84,183
67,74,141
92,38,130
25,95,120
67,98,165
26,7,33
94,85,179
32,50,82
22,13,35
50,52,102
74,43,117
37,7,44
86,15,101
9,26,35
65,12,77
87,83,170
12,100,112
85,51,136
36,98,134
8,64,72
49,70,119
45,19,64
35,86,121
48,31,79
22,95,117
48,27,75
58,42,100
45,89,134
49,76,125
11,71,82
90,15,105
25,93,118
41,60,101
96,9,105
48,15,63
86,34,120
63,47,110
45,38,83
70,19,89
50,99,149
21,60,81
55,45,100
61,38,99
37,95,132
68,26,94
64,51,115
94,43,137
66,40,106
72,19,91
80,52,132
88,81,169
65,17,82
46,89,135
71,81,152
52,46,98
58,23,81
98,60,158
21,86,107
71,73,144
33,21,54
25,65,90
74,90,164
64,89,153
26,49,75
49,9,58
25,26,51
69,97,166
62,7,69
29,10,39
29,85,114
44,16,60
85,89,174
77,24,101
40,16,56
14,21,35
35,83,118
67,67,134
49,74,123
54,90,144
46,9,55
98,97,195
57,48,105
32,79,111
85,63,148
89,90,179
52,49,101
34,72,106
65,77,142
75,11,86
77,7,84
30,7,37
85,28,113
15,32,47
48,68,116
8,25,33
51,91,142
14,31,45
55,10,65
14,90,104
24,36,60
71,29,100
22,72,94
9,87,96
88,25,113
11,86,97
89,55,144
24,54,78
24,94,118
66,20,86
44,33,77
12,48,60
48,48,96
68,10,78
11,9,20
18,89,107
42,81,123
12,43,55
75,100,175
14,92,106
39,54,93
45,94,139
88,63,151
15,63,78
10,65,75
66,49,115
77,66,143
90,69,159
32,85,117
16,10,26
45,27,72
97,28,125
34,48,82
67,16,83
96,21,117
76,84,160
71,29,100
76,95,171
90,19,109
10,60,70
73,70,143
48,23,71
45,56,101
64,15,79
79,94,173
39,21,60
64,83,147
18,85,103
21,24,45
73,81,154
52,17,69
58,20,78
62,73,135
18,38,56
80,9,89
81,50,131
20,51,71
37,76,113
66,76,142
52,14,66
28,44,72
40,28,68
50,80,130
94,65,159
75,90,165
44,64,108
19,78,97
99,20,119
73,80,153
54,94,148
48,52,100
81,72,153
42,11,53
7,80,87
67,48,115
60,51,111
20,75,95
100,35,135
17,11,28
73,42,115
12,15,27
58,70,128
78,91,169
89,93,182
27,30,57
92,100,192
95,8,103
68,100,168
48,94,142
45,85,130
38,22,60
33,13,46
49,30,79
92,28,120
100,32,132
94,42,136
98,86,184
57,49,106
19,95,114
66,10,76
48,53,101
100,76,176
39,71,110
79,62,141
19,79,98
22,66,88
10,80,90
68,18,86
33,46,79
37,60,97
86,49,135
64,42,106
57,8,65
86,61,147
100,77,177
42,14,56
83,44,127
40,64,104
94,39,133
37,16,53
17,86,103
56,36,92
49,17,66
41,47,88
7,88,95
29,17,46
40,84,124
100,66,166
66,79,145
56,73,129
66,96,162
50,50,100
33,17,50
58,90,148
63,8,71
61,82,143
16,38,54
94,19,113
51,45,96
63,59,122
77,33,110
32,81,113
87,61,148
19,31,50
55,56,111
98,30,128
84,72,156
77,82,159
18,71,89
64,70,134
84,82,166
28,40,68
42,92,134
40,15,55
37,89,126
69,53,122
10,94,104
54,56,110
25,21,46
29,69,98
39,17,56
86,30,116
90,36,126
20,7,27
76,86,162
82,97,179
83,69,152
37,94,131
17,38,55
96,78,174
97,93,190
54,73,127
56,15,71
23,56,79
96,98,194
28,27,55
71,96,167
46,51,97
84,17,101
83,82,165
86,17,103
92,84,176
99,69,168
9,31,40
61,86,147
98,77,175
42,100,142
63,22,85
49,96,145
60,45,105
40,81,121
86,85,171
34,43,77
87,30,117
35,60,95
73,77,150
95,49,144
67,94,161
62,78,140
37,91,128
41,47,88
76,13,89
15,54,69
81,99,180
91,73,164
93,49,142
69,9,78
48,94,142
46,26,72
71,81,152
89,10,99
43,16,59
9,16,25
95,60,155
16,88,104
22,37,59
78,69,147
60,12,72
62,33,95
55,9,64
49,38,87
71,66,137
27,38,65
46,71,117
35,41,76
92,96,188
56,22,78
11,42,53
51,19,70
76,31,107
68,13,81
39,96,135
38,61,99
33,100,133
35,66,101
85,88,173
65,24,89
63,90,153
35,44,79
66,9,75
29,24,53
40,18,58
17,24,41
84,70,154
96,15,111
83,18,101
57,7,64
62,38,100
22,93,115
69,22,91
44,86,130
89,86,175
90,19,109
76,26,102
54,11,65
69,84,153
74,59,133
31,58,89
97,19,116
12,83,95
88,35,123
39,40,79
100,43,143
97,46,143
34,92,126
61,94,155
66,95,161
58,72,130
99,19,118
85,60,145
98,16,114
71,13,84
55,100,155
46,33,79
54,80,134
65,77,142
57,39,96
85,42,127
15,71,86
16,71,87
86,61,147
21,100,121
53,93,146
72,97,169
96,85,181
78,91,169
53,97,150
83,72,155
34,30,64
57,59,116
21,98,119
80,28,108
28,21,49
59,82,141
43,19,62
47,90,137
11,60,71
85,53,138
11,51,62
70,49,119
81,8,89
35,12,47
65,71,136
97,11,108
69,95,164
18,55,73
48,33,81
31,26,57
16,57,73
19,94,113
75,79,154
81,46,127
90,29,119
92,86,178
44,94,138
25,41,66
24,89,113
75,97,172
71,19,90
9,28,37
42,91,133
40,31,71
23,91,114
74,43,117
83,36,119
97,20,117
97,91,188
85,55,140
45,93,138
10,72,82
31,17,48
37,58,95
54,14,68
45,80,125
14,43,57
28,14,42
56,29,85
20,37,57
93,98,191
7,36,43
96,93,189
88,21,109
8,43,51
99,97,196
60,15,75
46,53,99
23,51,74
47,25,72
12,39,51
47,21,68
39,58,97
66,27,93
14,38,52
74,95,169
66,25,91
20,89,109
62,41,103
16,64,80
97,47,144
87,76,163
40,32,72
44,10,54
73,100,173
38,51,89
58,99,157
71,90,161
57,50,107
98,64,162
9,68,77
98,59,157
16,11,27
100,55,155
7,93,100
55,38,93
12,63,75
98,53,151
60,43,103
69,78,147
36,42,78
43,46,89
38,59,97
39,18,57
51,24,75
58,48,106
43,13,56
94,33,127
80,7,87
17,22,39
59,94,153
71,31,102
14,35,49
70,67,137
77,86,163
30,38,68
19,56,75
10,59,69
69,56,125
17,73,90
46,43,89
24,14,38
29,7,36
59,68,127
93,52,145
19,47,66
70,25,95
93,51,144
56,80,136
94,54,148
54,22,76
27,31,58
33,77,110
27,73,100
64,7,71
49,75,124
52,91,143
59,24,83
36,87,123
18,42,60
53,55,108
64,44,108
30,71,101
7,25,32
73,88,161
65,75,140
77,68,145
16,46,62
77,89,166
40,10,50
9,57,66
63,87,150
34,23,57
9,14,23
94,91,185
47,54,101
16,71,87
72,95,167
22,48,70
26,59,85
24,29,53
72,20,92
22,27,49
29,13,42
68,66,134
99,71,170
86,97,183
65,19,84
12,57,69
32,77,109
61,60,121
45,12,57
68,87,155
95,70,165
61,72,133
22,27,49
67,36,103
30,82,112
99,85,184
62,56,118
10,90,100
13,63,76
41,60,101
52,29,81
49,90,139
96,80,176
36,92,128
51,99,150
78,44,122
15,16,31
73,33,106
64,51,115
13,69,82
78,69,147
56,92,148
82,100,182
14,21,35
27,18,45
53,95,148
29,13,42
29,60,89
89,70,159
15,10,25
13,90,103
96,53,149
66,69,135
55,26,81
75,96,171
21,92,113
45,93,138
91,15,106
57,81,138
65,81,146
72,87,159
78,30,108
52,24,76
40,16,56
76,33,109
27,7,34
75,37,112
60,69,129
92,33,125
22,31,53
32,68,100
90,71,161
60,84,144
86,83,169
21,45,66
7,73,80
77,68,145
21,41,62
30,58,88
22,21,43
71,9,80
27,99,126
20,44,64
78,57,135
92,11,103
58,13,71
18,66,84
66,76,142
85,50,135
91,63,154
32,41,73
76,59,135
47,74,121
13,74,87
89,58,147
93,9,102
85,12,97
62,15,77
62,28,90
41,96,137
91,31,122
21,40,61
51,66,117
81,79,160
12,83,95
48,25,73
72,72,144
8,56,64
71,65,136
8,37,45
10,68,78
94,53,147
75,75,150
97,11,108
12,96,108
47,17,64
51,51,102
33,28,61
67,53,120
100,10,110
45,61,106
37,52,89
25,90,115
64,77,141
69,9,78
65,92,157
94,72,166
40,27,67
31,93,124
13,91,104
84,40,124
45,93,138
7,26,33
13,34,47
18,17,35
41,38,79
60,28,88
57,8,65
68,23,91
80,89,169
7,74,81
72,92,164
29,16,45
93,21,114
67,32,99
40,12,52
35,15,50
72,79,151
47,87,134
34,34,68
11,71,82
55,28,83
43,41,84
10,33,43
44,69,113
54,96,150
54,77,131
96,20,116
67,85,152
47,50,97
19,91,110
82,79,161
58,70,128
49,56,105
15,35,50
18,31,49
62,25,87
92,53,145
95,59,154
46,79,125
31,17,48
63,43,106
60,78,138
90,84,174
31,14,45
8,36,44
71,96,167
30,29,59
23,37,60
80,30,110
16,34,50
21,71,92
76,33,109
27,63,90
75,50,125
96,94,190
92,94,186
78,11,89
20,78,98
29,22,51
87,76,163
50,46,96
44,85,129
35,98,133
68,23,91
43,13,56
60,7,67
15,88,103
70,7,77
27,87,114
35,55,90
56,24,80
36,95,131
25,57,82
91,97,188
73,75,148
45,9,54
14,75,89
27,69,96
38,68,106
7,21,28
18,12,30
58,11,69
86,57,143
14,87,101
42,17,59
39,60,99
30,22,52
61,31,92
84,34,118
78,54,132
65,34,99
67,80,147
64,86,150
58,22,80
90,25,115
57,84,141
59,11,70
93,89,182
60,66,126
9,45,54
56,45,101
86,35,121
40,55,95
79,42,121
11,84,95
65,16,81
77,31,108
86,68,154
45,91,136
49,56,105
25,26,51
21,34,55
90,82,172
76,82,158
65,97,162
92,62,154
25,20,45
17,50,67
99,36,135
93,87,180
81,14,95
83,67,150
63,18,81
42,72,114
60,60,120
52,41,93
10,53,63
13,46,59
51,24,75
31,96,127
29,37,66
36,23,59
63,94,157
39,35,74
27,36,63
96,59,155
38,84,122
79,22,101
95,67,162
39,41,80
28,88,116
22,78,100
64,85,149
53,12,65
43,19,62
32,79,111
48,35,83
35,88,123
57,19,76
59,48,107
63,76,139
93,98,191
83,39,122
35,41,76
76,76,152
23,18,41
86,37,123
78,61,139
64,22,86
44,9,53
100,30,130
98,50,148
15,13,28
18,88,106
88,26,114
29,70,99
52,39,91
56,38,94
60,89,149
26,68,94
18,50,68
89,49,138
64,79,143
87,34,121
13,33,46
10,91,101
93,43,136
52,91,143
35,41,76
96,56,152
28,56,84
26,55,81
44,30,74
11,82,93
34,56,90
30,24,54
35,30,65
49,62,111
95,50,145
37,53,90
91,29,120
48,26,74
86,92,178
15,44,59
96,28,124
79,19,98
59,17,76
13,28,41
11,50,61
92,40,132
20,43,63
81,74,155
40,21,61
15,84,99
38,68,106
79,39,118
56,54,110
93,80,173
99,28,127
78,64,142
48,26,74
44,45,89
96,65,161
72,94,166
70,81,151
77,7,84
30,31,61
37,52,89
19,18,37
16,55,71
34,64,98
16,72,88
75,71,146
69,71,140
39,100,139
76,41,117
18,60,78
59,99,158
60,60,120
100,29,129
29,18,47
71,75,146
85,65,150
45,32,77
47,71,118
49,33,82
83,50,133
7,61,68
100,37,137
82,9,91
90,19,109
40,53,93
60,87,147
76,9,85
68,18,86
92,21,113
82,76,158
43,7,50
55,59,114
35,56,91
67,48,115
52,26,78
18,74,92
81,76,157
90,79,169
40,78,118
36,86,122
44,99,143
64,11,75
85,57,142
84,87,171
27,70,97
33,84,117
77,14,91
97,61,158
19,63,82
48,77,125
47,58,105
40,51,91
42,74,116
94,71,165
45,77,122
32,61,93
46,28,74
71,54,125
53,97,150
88,33,121
49,74,123
8,8,16
9,20,29
53,33,86
50,66,116
89,89,178
17,41,58
76,34,110
92,54,146
89,63,152
26,68,94
52,82,134
95,36,131
23,37,60
32,33,65
65,99,164
81,99,180
22,49,71
20,19,39
12,26,38
8,73,81
67,54,121
40,42,82
38,89,127
14,72,86
9,46,55
91,86,177
12,8,20
91,78,169
59,7,66
52,86,138
48,95,143
94,46,140
67,51,118
22,80,102
64,91,155
14,44,58
83,20,103
81,69,150
10,80,90
83,37,120
39,34,73
95,88,183
16,60,76
93,62,155
73,29,102
54,92,146
65,81,146
47,26,73
98,94,192
88,36,124
43,56,99
41,98,139
90,60,150
64,71,135
48,45,93
88,74,162
47,21,68
86,40,126
35,75,110
76,55,131
82,92,174
74,58,132
78,9,87
15,88,103
79,7,86
26,18,44
45,23,68
11,7,18
48,44,92
80,31,111
43,14,57
41,22,63
100,12,112
37,59,96
24,45,69
86,47,133
76,86,162
8,82,90
71,97,168
7,94,101
65,81,146
74,55,129
95,47,142
86,7,93
15,45,60
26,51,77
63,12,75
10,29,39
53,36,89
68,42,110
24,60,84
80,66,146
47,66,113
46,23,69
98,81,179
33,80,113
91,44,135
65,87,152
89,86,175
73,31,104
23,78,101
80,17,97
94,95,189
47,31,78
38,69,107
82,76,158
22,90,112
43,50,93
46,14,60
93,89,182
58,17,75
96,77,173
91,10,101
95,26,121
72,69,141
28,53,81
56,44,100
33,94,127
42,93,135
12,93,105
90,97,187
16,66,82
72,24,96
38,52,90
16,8,24
9,100,109
12,37,49
54,97,151
50,40,90
26,74,100
63,37,100
34,14,48
82,60,142
9,14,23
31,99,130
27,69,96
23,67,90
46,20,66
40,11,51
40,94,134
94,59,153
43,59,102
96,93,189
10,98,108
43,19,62
84,66,150
73,68,141
24,20,44
53,35,88
27,98,125
54,43,97
62,36,98
88,21,109
52,12,64
61,62,123
58,84,142
88,18,106
8,8,16
53,57,110
71,35,106
86,65,151
13,19,32
34,41,75
14,41,55
20,10,30
80,34,114
94,89,183
35,90,125
87,50,137
66,56,122
82,52,134
92,17,109
100,24,124
55,15,70
97,69,166
89,25,114
46,26,72
14,75,89
97,65,162
29,28,57
55,83,138
87,17,104
60,53,113
15,85,100
87,90,177
30,53,83
63,40,103
74,28,102
46,64,110
52,84,136
44,71,115
25,61,86
43,15,58
96,68,164
60,79,139
83,98,181
28,22,50
99,63,162
39,12,51
81,23,104
53,79,132
38,50,88
35,55,90
82,62,144
42,74,116
66,22,88
30,75,105
22,78,100
84,16,100
71,20,91
58,72,130
25,13,38
92,42,134
67,36,103
94,91,185
65,23,88
77,66,143
13,87,100
80,80,160
19,76,95
77,39,116
40,44,84
60,75,135
13,96,109
52,58,110
21,60,81
87,86,173
21,52,73
7,89,96
63,95,158
83,57,140
17,33,50
64,26,90
57,27,84
17,69,86
74,82,156
82,91,173
82,46,128
84,92,176
98,27,125
22,17,39
30,39,69
76,94,170
43,33,76
77,59,136
64,78,142
64,7,71
75,22,97
52,32,84
26,63,89
76,75,151
68,89,157
16,40,56
25,99,124
24,100,124
37,93,130
15,9,24
71,37,108
18,80,98
7,17,24
77,17,94
35,11,46
63,98,161
98,21,119
81,55,136
98,27,125
45,86,131
81,26,107
89,39,128
22,31,53
50,62,112
40,94,134
55,95,150
75,76,151
10,47,57
66,94,160
11,43,54
62,70,132
42,72,114
17,81,98
53,8,61
92,65,157
77,93,170
88,43,131
31,35,66
57,21,78
69,27,96
9,71,80
88,70,158
78,18,96
55,46,101
16,26,42
17,30,47
51,85,136
15,86,101
83,87,170
53,72,125
49,23,72
30,25,55
69,22,91
16,33,49
86,33,119
58,70,128
30,28,58
45,33,78
74,67,141
52,66,118
33,13,46
8,73,81
10,75,85
91,73,164
30,55,85
75,25,100
85,24,109
87,63,150
14,92,106
25,81,106
39,21,60
39,39,78
58,34,92
87,8,95
97,98,195
71,19,90
98,84,182
29,39,68
35,83,118
54,81,135
23,63,86
87,75,162
23,91,114
32,77,109
100,35,135
33,65,98
100,69,169
60,40,100
39,33,72
92,59,151
89,78,167
28,65,93
31,25,56
68,43,111
90,48,138
39,60,99
49,100,149
74,40,114
58,97,155
61,100,161
16,34,50
59,41,100
15,44,59
50,14,64
7,37,44
91,38,129
9,21,30
66,37,103
30,37,67
65,61,126
71,81,152
77,30,107
50,87,137
75,36,111
95,41,136
79,86,165
62,38,100
100,59,159
57,18,75
74,81,155
63,63,126
55,99,154
93,32,125
30,100,130
45,33,78
84,99,183
47,35,82
41,66,107
88,95,183
28,76,104
56,74,130
35,96,131
84,44,128
61,78,139
98,42,140
35,27,62
88,28,116
25,17,42
43,59,102
91,43,134
24,57,81
62,56,118
62,16,78
88,34,122
93,67,160
61,49,110
93,86,179
43,26,69
85,94,179
93,85,178
62,54,116
46,65,111
49,70,119
36,17,53
61,77,138
45,39,84
91,7,98
44,93,137
13,84,97
62,13,75
16,78,94
20,97,117
94,21,115
55,20,75
66,93,159
56,62,118
52,38,90
7,31,38
15,90,105
52,90,142
8,86,94
15,90,105
19,20,39
35,94,129
44,96,140
70,73,143
49,94,143
95,92,187
15,29,44
14,16,30
95,83,178
22,23,45
30,8,38
39,77,116
33,51,84
92,24,116
12,24,36
77,45,122
66,59,125
47,19,66
63,27,90
29,32,61
54,19,73
18,28,46
34,81,115
44,90,134
80,53,133
100,93,193
72,10,82
26,62,88
97,27,124
90,36,126
45,14,59
8,58,66
28,59,87
28,30,58
16,82,98
53,25,78
39,83,122
7,73,80
64,29,93
7,46,53
43,18,61
24,93,117
43,88,131
10,41,51
8,81,89
85,42,127
21,19,40
36,93,129
65,23,88
82,84,166
45,28,73
58,17,75
16,18,34
11,64,75
73,83,156
95,68,163
48,95,143
75,32,107
74,38,112
9,83,92
95,33,128
18,70,88
55,50,105
67,80,147
98,41,139
67,30,97
11,34,45
27,52,79
94,65,159
63,71,134
11,45,56
83,37,120
30,43,73
21,91,112
59,8,67
13,76,89
69,21,90
14,30,44
65,10,75
29,62,91
58,81,139
98,37,135
21,91,112
20,21,41
63,66,129
76,68,144
69,77,146
30,18,48
71,44,115
89,83,172
74,41,115
91,77,168
67,56,123
73,38,111
13,89,102
82,60,142
49,52,101
24,42,66
56,96,152
41,69,110
49,12,61
14,69,83
50,74,124
35,93,128
24,85,109
21,35,56
80,82,162
34,87,121
46,73,119
73,96,169
89,82,171
15,94,109
61,32,93
62,64,126
9,34,43
50,79,129
99,86,185
97,40,137
69,9,78
41,87,128
23,35,58
61,42,103
84,90,174
58,98,156
93,79,172
21,86,107
98,58,156
71,44,115
21,88,109
39,87,126
52,42,94
26,26,52
50,17,67
49,89,138
83,39,122
89,55,144
32,31,63
93,49,142
84,45,129
78,51,129
97,92,189
28,68,96
93,95,188
91,60,151
79,49,128
60,57,117
22,43,65
95,77,172
76,64,140
55,53,108
100,40,140
47,45,92
27,71,98
32,46,78
44,51,95
75,79,154
67,49,116
71,74,145
89,71,160
76,86,162
64,99,163
38,54,92
55,98,153
7,18,25
26,58,84
39,50,89
7,57,64
46,89,135
34,55,89
42,41,83
56,46,102
13,79,92
45,19,64
20,80,100
48,11,59
32,20,52
61,87,148
41,89,130
68,62,130
46,36,82
55,32,87
68,88,156
47,35,82
68,22,90
39,69,108
18,17,35
8,88,96
76,21,97
19,81,100
55,65,120
78,31,109
43,61,104
9,61,70
88,32,120
45,85,130
10,38,48
24,59,83
19,53,72
82,64,146
88,12,100
40,57,97
7,39,46
80,41,121
62,35,97
92,99,191
44,71,115
36,71,107
46,60,106
20,53,73
43,33,76
86,55,141
58,77,135
74,49,123
90,83,173
85,60,145
68,31,99
31,94,125
97,42,139
38,79,117
55,21,76
24,86,110
45,47,92
9,74,83
92,24,116
29,32,61
49,93,142
69,20,89
92,77,169
8,12,20
95,38,133
20,48,68
87,52,139
83,72,155
10,80,90
87,65,152
25,69,94
54,15,69
11,53,64
76,73,149
21,59,80
80,76,156
26,78,104
93,19,112
82,98,180
90,73,163
14,42,56
12,96,108
59,91,150
11,14,25
28,77,105
48,39,87
98,36,134
37,11,48
35,96,131
55,36,91
58,54,112
87,67,154
96,37,133
94,50,144
76,82,158
44,31,75
17,80,97
100,37,137
74,45,119
76,72,148
47,62,109
84,79,163
88,24,112
50,12,62
26,80,106
93,96,189
25,68,93
94,61,155
27,46,73
36,71,107
52,48,100
50,78,128
88,20,108
45,68,113
72,48,120
93,50,143
59,42,101
43,95,138
20,35,55
8,41,49
7,37,44
55,21,76
86,43,129
62,92,154
65,55,120
74,47,121
96,7,103
18,39,57
28,96,124
93,50,143
74,54,128
67,88,155
63,45,108
7,29,36
84,69,153
88,83,171
98,91,189
19,63,82
80,92,172
54,48,102
55,80,135
26,9,35
36,44,80
41,51,92
58,21,79
75,94,169
52,23,75
68,11,79
82,42,124
32,49,81
65,81,146
7,75,82
13,40,53
19,46,65
70,30,100
80,91,171
17,55,72
10,7,17
64,19,83
74,63,137
38,72,110
55,86,141
33,46,79
89,32,121
63,48,111
80,36,116
28,43,71
84,28,112
33,12,45
77,61,138
50,90,140
37,23,60
18,91,109
9,75,84
20,28,48
92,30,122
72,95,167
31,80,111
81,37,118
91,97,188
82,78,160
47,42,89
23,93,116
52,58,110
36,79,115
63,8,71
25,88,113
45,86,131
48,9,57
28,31,59
97,10,107
61,37,98
77,63,140
51,69,120
12,90,102
84,22,106
92,64,156
19,43,62
51,31,82
90,86,176
30,13,43
88,50,138
8,75,83
27,32,59
60,85,145
41,64,105
50,94,144
12,39,51
73,68,141
24,62,86
100,38,138
75,85,160
9,28,37
95,59,154
53,26,79
77,92,169
56,64,120
49,68,117
84,33,117
89,91,180
76,42,118
59,75,134
46,96,142
89,58,147
49,63,112
100,97,197
29,23,52
39,96,135
87,35,122
90,62,152
42,100,142
63,16,79
62,69,131
82,40,122
54,77,131
9,22,31
52,71,123
62,19,81
79,37,116
88,46,134
67,78,145
79,71,150
90,19,109
50,17,67
20,23,43
77,84,161
68,11,79
11,53,64
37,70,107
8,83,91
59,15,74
41,60,101
72,50,122
62,76,138
39,79,118
90,46,136
7,35,42
71,89,160
91,85,176
74,59,133
93,53,146
90,14,104
32,81,113
32,54,86
89,84,173
100,85,185
40,59,99
18,35,53
77,40,117
8,57,65
50,99,149
53,25,78
23,82,105
48,10,58
90,93,183
11,56,67
86,22,108
26,89,115
28,81,109
88,95,183
27,20,47
32,19,51
66,15,81
91,57,148
82,59,141
19,77,96
92,53,145
81,72,153
92,96,188
80,53,133
23,39,62
44,11,55
57,38,95
9,19,28
36,29,65
31,94,125
38,99,137
79,55,134
71,50,121
52,24,76
87,47,134
41,36,77
58,54,112
22,34,56
17,8,25
8,18,26
52,41,93
49,29,78
67,32,99
89,30,119
25,92,117
52,65,117
82,60,142
98,98,196
96,75,171
64,98,162
63,87,150
70,97,167
43,17,60
25,54,79
41,95,136
43,45,88
49,82,131
61,67,128
66,61,127
24,11,35
91,51,142
58,27,85
80,65,145
58,24,82
13,8,21
39,70,109
73,31,104
51,33,84
100,15,115
27,50,77
97,47,144
43,33,76
7,56,63
98,51,149
48,14,62
39,73,112
70,20,90
82,12,94
42,77,119
37,74,111
8,38,46
15,8,23
10,68,78
40,39,79
55,27,82
53,94,147
83,94,177
72,38,110
53,20,73
46,87,133
49,91,140
23,97,120
99,66,165
45,81,126
55,14,69
87,92,179
70,94,164
99,37,136
11,86,97
40,100,140
13,85,98
13,99,112
87,86,173
47,71,118
30,92,122
79,63,142
23,43,66
21,16,37
58,98,156
45,68,113
75,62,137
23,13,36
74,34,108
60,72,132
52,33,85
13,49,62
92,16,108
51,49,100
29,10,39
84,75,159
19,57,76
36,63,99
22,65,87
56,13,69
95,9,104
94,37,131
80,100,180
44,55,99
26,61,87
94,80,174
99,13,112
28,89,117
36,62,98
81,9,90
14,49,63
58,75,133
11,29,40
83,7,90
78,52,130
78,8,86
52,49,101
80,44,124
32,49,81
49,65,114
15,24,39
57,23,80
72,97,169
54,65,119
46,73,119
79,96,175
15,99,114
86,28,114
14,65,79
75,76,151
63,100,163
36,81,117
87,31,118
63,57,120
67,22,89
68,93,161
60,20,80
46,58,104
27,52,79
15,59,74
38,22,60
60,28,88
70,99,169
23,54,77
10,74,84
32,51,83
51,86,137
42,72,114
22,22,44
81,40,121
86,90,176
70,85,155
38,91,129
86,88,174
99,93,192
52,74,126
11,63,74
90,41,131
70,20,90
46,58,104
68,13,81
60,90,150
97,9,106
75,25,100
49,76,125
94,45,139
72,42,114
9,29,38
92,9,101
80,80,160
83,98,181
25,78,103
16,87,103
46,19,65
88,80,168
68,28,96
90,16,106
53,65,118
29,97,126
46,93,139
44,20,64
78,94,172
54,52,106
49,41,90
43,13,56
96,69,165
61,90,151
95,52,147
77,25,102
43,36,79
63,46,109
84,41,125
37,13,50
36,68,104
60,26,86
98,18,116
42,8,50
33,79,112
49,57,106
72,54,126
47,95,142
83,44,127
46,22,68
65,23,88
39,7,46
92,33,125
52,93,145
20,48,68
36,56,92
60,19,79
26,97,123
40,71,111
66,63,129
8,70,78
97,68,165
61,26,87
73,62,135
30,94,124
66,48,114
84,54,138
75,68,143
21,46,67
43,77,120
61,66,127
71,9,80
65,80,145
97,97,194
39,15,54
63,12,75
52,83,135
54,100,154
67,19,86
73,86,159
9,31,40
67,20,87
58,10,68
90,90,180
11,87,98
16,95,111
68,60,128
36,85,121
56,66,122
41,19,60
10,43,53
27,22,49
48,46,94
54,35,89
43,94,137
66,15,81
29,46,75
78,88,166
91,76,167
71,66,137
64,74,138
52,47,99
53,92,145
32,35,67
8,10,18
29,45,74
16,89,105
82,64,146
30,10,40
63,32,95
72,27,99
26,18,44
87,51,138
69,94,163
84,52,136
28,18,46
81,65,146
39,69,108
71,83,154
7,62,69
99,57,156
41,96,137
24,88,112
48,91,139
24,81,105
68,79,147
44,59,103
92,25,117
7,31,38
20,19,39
8,87,95
85,57,142
59,62,121
79,28,107
30,9,39
52,7,59
10,68,78
86,99,185
26,91,117
26,13,39
43,33,76
94,62,156
45,16,61
92,34,126
84,37,121
67,27,94
89,42,131
35,10,45
16,39,55
54,35,89
58,96,154
84,83,167
17,26,43
51,46,97
78,90,168
100,76,176
55,65,120
46,52,98
75,45,120
81,55,136
66,78,144
85,61,146
86,54,140
61,32,93
53,21,74
49,90,139
68,39,107
53,78,131
71,59,130
88,65,153
71,9,80
92,84,176
63,51,114
77,20,97
94,9,103
19,94,113
67,99,166
51,17,68
82,83,165
11,34,45
85,7,92
72,78,150
62,39,101
83,15,98
92,13,105
18,74,92
63,94,157
97,16,113
16,100,116
41,81,122
98,76,174
89,57,146
38,76,114
10,83,93
30,82,112
69,7,76
92,66,158
91,54,145
24,19,43
11,9,20
41,35,76
68,53,121
40,56,96
51,84,135
20,80,100
27,65,92
24,40,64
22,85,107
81,92,173
66,75,141
57,57,114
27,42,69
14,24,38
99,14,113
45,31,76
25,59,84
78,44,122
55,73,128
48,42,90
23,58,81
98,9,107
21,64,85
22,32,54
73,61,134
81,55,136
49,18,67
73,35,108
13,69,82
38,56,94
37,23,60
62,99,161
20,80,100
76,17,93
84,25,109
74,52,126
19,30,49
74,70,144
37,57,94
28,62,90
95,82,177
34,73,107
65,19,84
13,21,34
88,85,173
65,18,83
95,48,143
82,98,180
95,24,119
47,76,123
33,25,58
45,88,133
95,86,181
98,80,178
43,42,85
69,35,104
40,29,69
25,25,50
24,35,59
68,86,154
97,86,183
95,61,156
59,91,150
47,34,81
71,52,123
43,49,92
13,9,22
33,9,42
86,23,109
66,14,80
30,26,56
95,95,190
34,80,114
39,78,117
49,79,128
17,44,61
87,78,165
14,74,88
86,42,128
95,47,142
8,83,91
89,46,135
86,96,182
58,61,119
85,28,113
41,41,82
13,34,47
95,20,115
13,58,71
32,21,53
30,68,98
35,69,104
34,24,58
16,87,103
81,80,161
14,80,94
35,56,91
56,93,149
79,94,173
89,16,105
80,62,142
48,90,138
96,33,129
56,20,76
69,99,168
91,88,179
73,88,161
43,76,119
20,37,57
98,70,168
64,13,77
42,70,112
93,35,128
64,21,85
93,78,171
92,60,152
27,85,112
68,67,135
35,69,104
21,72,93
36,75,111
28,59,87
58,84,142
13,10,23
74,46,120
90,48,138
62,16,78
82,12,94
14,11,25
56,95,151
20,90,110
76,43,119
43,33,76
75,29,104
59,89,148
50,62,112
57,20,77
57,43,100
100,55,155
80,11,91
21,14,35
80,32,112
94,52,146
68,93,161
21,78,99
34,99,133
52,71,123
26,53,79
33,52,85
100,73,173
16,23,39
51,70,121
21,13,34
16,52,68
94,48,142
67,71,138
92,78,170
29,21,50
80,77,157
92,77,169
7,36,43
44,51,95
15,14,29
57,32,89
21,42,63
22,7,29
48,46,94
19,63,82
16,85,101
12,99,111
29,83,112
58,93,151
81,96,177
28,89,117
81,68,149
89,35,124
25,16,41
25,19,44
75,51,126
80,37,117
33,55,88
52,19,71
17,60,77
44,18,62
61,50,111
15,11,26
29,19,48
15,88,103
87,11,98
34,44,78
17,62,79
13,93,106
18,23,41
74,55,129
73,73,146
54,64,118
78,74,152
77,17,94
65,91,156
51,92,143
22,67,89
33,39,72
46,99,145
96,57,153
9,20,29
17,31,48
8,31,39
33,32,65
96,26,122
70,23,93
66,52,118
7,82,89
45,8,53
87,11,98
50,33,83
16,78,94
31,58,89
14,91,105
99,44,143
54,42,96
22,16,38
12,73,85
10,43,53
30,31,61
96,70,166
24,23,47
97,70,167
79,50,129
25,78,103
52,85,137
52,100,152
56,44,100
74,22,96
54,25,79
53,85,138
95,93,188
45,86,131
62,9,71
16,22,38
97,85,182
81,41,122
74,83,157
72,42,114
49,42,91
44,8,52
24,88,112
37,57,94
16,13,29
47,64,111
13,82,95
31,80,111
93,99,192
21,96,117
18,81,99
86,25,111
45,11,56
23,81,104
68,33,101
68,45,113
41,28,69
10,91,101
81,62,143
60,56,116
88,94,182
63,30,93
98,23,121
38,70,108
98,52,150
41,91,132
58,89,147
89,78,167
45,95,140
47,85,132
96,21,117
39,93,132
39,58,97
27,60,87
60,22,82
71,20,91
45,20,65
95,38,133
48,57,105
78,8,86
27,71,98
84,91,175
54,77,131
38,54,92
60,94,154
10,91,101
59,90,149
45,28,73
75,83,158
91,16,107
50,27,77
65,37,102
28,33,61
22,31,53
72,18,90
8,30,38
99,83,182
70,55,125
17,51,68
7,96,103
77,93,170
35,21,56
21,49,70
21,56,77
7,67,74
24,29,53
52,97,149
71,22,93
58,73,131
74,67,141
97,79,176
22,69,91
41,71,112
20,18,38
13,56,69
41,14,55
15,50,65
90,70,160
8,29,37
53,98,151
43,75,118
62,7,69
99,87,186
35,17,52
93,54,147
52,64,116
47,30,77
58,23,81
7,65,72
26,18,44
48,86,134
65,27,92
44,60,104
12,59,71
41,16,57
88,82,170
74,96,170
60,71,131
25,28,53
53,13,66
45,46,91
11,92,103
67,86,153
12,78,90
12,43,55
43,98,141
70,51,121
89,46,135
63,54,117
26,65,91
61,21,82
89,72,161
84,71,155
17,64,81
43,29,72
53,58,111
16,100,116
93,24,117
90,31,121
27,50,77
60,35,95
63,38,101
82,95,177
39,40,79
33,81,114
52,98,150
80,85,165
12,91,103
85,47,132
68,41,109
43,12,55
43,87,130
26,60,86
89,68,157
24,17,41
83,40,123
16,86,102
71,73,144
20,41,61
45,81,126
59,72,131
85,7,92
85,40,125
76,57,133
13,17,30
8,10,18
74,57,131
24,36,60
34,28,62
17,33,50
57,21,78
72,50,122
81,12,93
14,32,46
49,33,82
24,11,35
24,95,119
52,99,151
20,40,60
94,62,156
33,45,78
71,33,104
18,66,84
50,56,106
85,43,128
43,32,75
11,42,53
26,34,60
45,31,76
47,59,106
20,21,41
66,97,163
23,68,91
80,35,115
49,71,120
23,14,37
83,13,96
31,24,55
44,82,126
44,45,89
68,95,163
67,79,146
43,63,106
17,31,48
52,47,99
35,83,118
77,50,127
19,58,77
49,19,68
17,92,109
28,68,96
84,70,154
13,99,112
8,91,99
67,58,125
24,14,38
18,63,81
86,75,161
97,81,178
49,94,143
45,30,75
65,54,119
20,27,47
70,91,161
22,100,122
29,66,95
23,67,90
21,38,59
24,8,32
66,24,90
84,96,180
37,60,97
31,14,45
33,19,52
92,30,122
54,53,107
35,17,52
29,26,55
14,85,99
24,27,51
38,91,129
30,40,70
12,64,76
37,48,85
91,47,138
93,77,170
16,66,82
47,25,72
51,11,62
25,61,86
75,44,119
100,55,155
58,83,141
48,82,130
47,99,146
69,99,168
24,38,62
39,47,86
92,94,186
59,61,120
86,62,148
48,64,112
98,43,141
8,42,50
87,50,137
91,29,120
68,24,92
40,36,76
12,23,35
67,20,87
20,31,51
17,94,111
29,29,58
97,87,184
16,90,106
34,72,106
83,87,170
59,34,93
80,37,117
33,53,86
72,29,101
18,50,68
65,79,144
42,62,104
29,39,68
27,13,40
72,44,116
61,29,90
68,13,81
94,21,115
15,79,94
13,86,99
18,55,73
45,78,123
16,42,58
20,75,95
12,8,20
81,66,147
96,85,181
93,80,173
25,16,41
17,32,49
28,50,78
21,62,83
88,69,157
57,53,110
51,58,109
36,7,43
17,13,30
14,69,83
33,25,58
64,36,100
79,72,151
70,50,120
54,55,109
17,88,105
76,21,97
98,69,167
20,94,114
78,38,116
70,65,135
66,73,139
82,7,89
80,53,133
34,88,122
91,79,170
33,84,117
9,97,106
47,82,129
19,99,118
8,88,96
11,44,55
25,39,64
33,36,69
58,83,141
27,35,62
43,84,127
64,84,148
11,44,55
82,38,120
77,86,163
75,20,95
29,75,104
28,34,62
44,68,112
29,22,51
26,64,90
29,66,95
17,42,59
82,37,119
37,100,137
7,30,37
36,79,115
79,27,106
80,15,95
36,55,91
75,55,130
64,92,156
66,15,81
64,70,134
62,48,110
53,45,98
67,77,144
18,66,84
93,57,150
46,17,63
77,76,153
100,73,173
35,29,64
33,9,42
36,67,103
84,37,121
17,51,68
90,27,117
94,24,118
36,76,112
66,86,152
24,26,50
9,71,80
32,80,112
88,35,123
32,47,79
69,76,145
29,90,119
65,42,107
14,68,82
22,67,89
18,91,109
56,23,79
77,23,100
38,16,54
69,63,132
94,49,143
50,8,58
98,13,111
82,25,107
94,87,181
28,30,58
69,14,83
64,10,74
74,14,88
93,53,146
93,37,130
77,44,121
24,20,44
88,46,134
95,60,155
7,48,55
56,53,109
55,62,117
59,52,111
24,27,51
32,13,45
25,25,50
49,24,73
63,17,80
83,89,172
26,75,101
7,41,48
29,67,96
32,10,42
89,7,96
64,89,153
97,60,157
83,100,183
72,12,84
84,20,104
26,47,73
96,86,182
41,27,68
82,33,115
64,18,82
86,64,150
67,78,145
16,42,58
80,73,153
28,28,56
96,11,107
94,58,152
80,44,124
59,67,126
38,23,61
19,98,117
42,100,142
11,52,63
94,84,178
98,22,120
82,72,154
48,80,128
58,14,72
95,84,179
60,14,74
16,42,58
29,21,50
23,72,95
60,35,95
85,7,92
9,7,16
27,75,102
67,95,162
27,9,36
73,83,156
38,22,60
58,55,113
87,49,136
29,58,87
70,29,99
70,21,91
58,78,136
64,20,84
60,62,122
18,28,46
84,70,154
68,66,134
17,46,63
27,17,44
33,63,96
56,10,66
52,19,71
82,68,150
34,89,123
59,43,102
48,15,63
56,67,123
38,14,52
13,22,35
25,100,125
58,72,130
17,71,88
58,46,104
34,32,66
53,42,95
98,24,122
31,60,91
34,73,107
96,49,145
82,91,173
25,67,92
15,8,23
26,65,91
66,90,156
30,55,85
12,66,78
28,31,59
98,51,149
22,10,32
95,86,181
15,65,80
79,60,139
83,55,138
14,34,48
42,81,123
94,27,121
12,49,61
72,20,92
99,36,135
19,38,57
29,85,114
37,83,120
73,20,93
58,84,142
51,27,78
86,53,139
85,14,99
39,57,96
52,9,61
59,48,107
77,48,125
12,99,111
62,93,155
94,83,177
59,96,155
28,74,102
86,68,154
28,34,62
32,20,52
46,25,71
17,35,52
34,69,103
75,47,122
82,35,117
7,11,18
96,22,118
30,83,113
20,63,83
31,79,110
80,74,154
100,7,107
91,83,174
62,76,138
67,12,79
93,79,172
52,69,121
10,69,79
72,64,136
98,10,108
60,73,133
41,95,136
52,41,93
55,27,82
22,58,80
86,84,170
12,13,25
77,35,112
23,93,116
61,81,142
9,87,96
27,19,46
16,43,59
97,24,121
91,93,184
7,14,21
55,7,62
23,96,119
70,52,122
8,75,83
54,11,65
53,39,92
24,37,61
91,22,113
47,26,73
17,42,59
51,35,86
32,26,58
62,12,74
16,35,51
56,80,136
45,22,67
95,95,190
22,63,85
22,40,62
56,46,102
45,14,59
82,64,146
70,71,141
26,75,101
28,42,70
95,63,158
59,74,133
27,59,86
39,98,137
87,45,132
78,73,151
46,41,87
95,95,190
8,46,54
48,15,63
23,32,55
19,22,41
60,67,127
27,41,68
40,38,78
43,87,130
38,44,82
46,52,98
96,40,136
36,100,136
29,63,92
15,59,74
22,86,108
20,54,74
33,40,73
26,91,117
73,43,116
44,81,125
97,22,119
59,42,101
86,34,120
72,50,122
77,42,119
77,100,177
90,35,125
99,50,149
29,15,44
55,66,121
59,21,80
85,77,162
81,50,131
70,8,78
30,83,113
8,8,16
82,24,106
57,21,78
78,21,99
24,25,49
18,14,32
13,65,78
36,81,117
61,69,130
84,13,97
71,82,153
53,23,76
100,41,141
44,7,51
43,49,92
73,68,141
75,7,82
11,67,78
76,62,138
29,37,66
32,80,112
16,33,49
29,22,51
92,15,107
27,31,58
21,26,47
47,29,76
38,87,125
79,17,96
65,32,97
39,79,118
47,71,118
57,44,101
89,57,146
33,19,52
93,60,153
82,97,179
19,57,76
36,38,74
45,70,115
92,85,177
22,56,78
62,52,114
53,13,66
34,50,84
35,88,123
49,36,85
53,43,96
10,24,34
92,33,125
29,25,54
22,37,59
57,8,65
72,77,149
38,93,131
40,65,105
38,21,59
9,70,79
52,19,71
29,91,120
59,31,90
44,63,107
34,90,124
21,71,92
63,71,134
91,88,179
73,100,173
71,52,123
54,15,69
82,56,138
63,67,130
71,29,100
62,46,108
77,89,166
78,30,108
28,79,107
48,96,144
36,50,86
64,60,124
38,10,48
46,99,145
35,24,59
15,91,106
63,60,123
100,18,118
85,61,146
8,10,18
27,27,54
72,74,146
67,20,87
59,93,152
95,42,137
82,97,179
14,90,104
41,46,87
28,37,65
44,29,73
48,78,126
37,46,83
94,27,121
37,92,129
41,21,62
87,22,109
50,76,126
47,40,87
41,33,74
84,57,141
64,44,108
40,87,127
18,72,90
16,56,72
47,9,56
47,16,63
39,75,114
82,64,146
13,44,57
33,53,86
54,7,61
15,56,71
10,66,76
79,68,147
97,19,116
69,42,111
87,83,170
99,35,134
90,57,147
43,63,106
77,66,143
72,16,88
85,42,127
25,77,102
50,34,84
28,55,83
86,91,177
22,92,114
35,93,128
19,98,117
68,47,115
58,90,148
85,23,108
23,79,102
78,52,130
86,61,147
32,54,86
100,28,128
7,96,103
91,79,170
92,46,138
97,17,114
46,41,87
76,28,104
21,15,36
90,68,158
24,14,38
93,68,161
35,16,51
78,33,111
11,21,32
36,64,100
97,80,177
30,85,115
69,41,110
76,57,133
87,50,137
30,66,96
21,37,58
14,39,53
78,18,96
73,35,108
97,73,170
14,10,24
25,65,90
34,42,76
43,85,128
34,99,133
60,69,129
87,18,105
62,8,70
74,49,123
75,19,94
14,13,27
92,19,111
9,8,17
87,54,141
93,92,185
26,20,46
66,92,158
81,8,89
34,62,96
73,89,162
79,71,150
67,14,81
85,27,112
38,14,52
72,55,127
32,81,113
31,70,101
81,100,181
20,83,103
46,98,144
11,42,53
45,88,133
67,24,91
28,74,102
61,7,68
30,98,128
97,29,126
53,49,102
36,91,127
86,34,120
36,32,68
83,69,152
89,53,142
59,56,115
95,85,180
59,28,87
93,75,168
37,91,128
97,88,185
7,62,69
47,81,128
56,47,103
76,58,134
37,31,68
37,20,57
12,92,104
26,50,76
84,85,169
88,77,165
78,53,131
66,18,84
90,39,129
88,8,96
34,15,49
75,77,152
15,84,99
99,82,181
17,96,113
13,38,51
17,33,50
100,62,162
9,63,72
47,15,62
34,25,59
51,99,150
89,32,121
71,15,86
38,67,105
8,79,87
96,71,167
88,59,147
85,7,92
67,99,166
91,40,131
20,68,88
68,91,159
29,99,128
74,25,99
50,60,110
16,21,37
28,38,66
81,24,105
37,38,75
7,11,18
84,69,153
96,17,113
18,19,37
62,54,116
11,88,99
54,93,147
91,64,155
46,22,68
99,60,159
66,32,98
18,40,58
29,66,95
25,88,113
66,64,130
86,23,109
88,100,188
80,37,117
60,68,128
26,86,112
17,73,90
52,76,128
35,40,75
43,55,98
26,90,116
7,72,79
26,43,69
16,29,45
84,30,114
91,35,126
88,28,116
12,49,61
79,16,95
22,34,56
51,20,71
76,70,146
65,11,76
41,95,136
27,75,102
43,15,58
18,77,95
91,42,133
28,61,89
53,8,61
36,81,117
29,20,49
7,8,15
36,74,110
35,56,91
23,83,106
100,60,160
29,49,78
46,33,79
89,32,121
26,62,88
29,50,79
54,61,115
80,24,104
21,61,82
31,93,124
46,11,57
23,91,114
69,40,109
21,35,56
7,75,82
47,38,85
55,43,98
26,73,99
44,93,137
55,48,103
99,41,140
51,54,105
54,29,83
73,27,100
87,8,95
61,75,136
51,16,67
83,84,167
12,75,87
99,47,146
30,22,52
80,58,138
89,65,154
33,66,99
59,75,134
96,51,147
27,11,38
27,8,35
47,18,65
77,56,133
29,69,98
98,35,133
92,18,110
52,20,72
96,52,148
64,73,137
37,18,55
38,18,56
75,68,143
33,62,95
37,38,75
61,20,81
93,72,165
85,94,179
44,62,106
77,49,126
36,94,130
58,31,89
24,99,123
22,69,91
8,88,96
35,55,90
19,51,70
24,97,121
83,82,165
53,95,148
91,27,118
18,32,50
100,91,191
30,94,124
98,36,134
83,13,96
97,51,148
83,78,161
46,12,58
63,19,82
12,72,84
49,90,139
39,32,71
16,64,80
73,33,106
44,55,99
24,89,113
8,76,84
81,67,148
15,36,51
19,41,60
7,73,80
85,90,175
75,68,143
80,94,174
15,19,34
72,38,110
57,7,64
97,7,104
22,87,109
68,19,87
23,93,116
100,7,107
20,90,110
47,16,63
79,80,159
86,81,167
67,22,89
99,29,128
63,20,83
14,47,61
42,98,140
13,62,75
60,66,126
37,99,136
100,86,186
9,96,105
21,87,108
76,69,145
8,14,22
96,59,155
30,70,100
53,29,82
28,53,81
95,42,137
68,82,150
95,53,148
71,54,125
78,44,122
99,64,163
64,58,122
38,24,62
48,39,87
49,15,64
33,98,131
35,85,120
58,53,111
62,76,138
84,33,117
19,38,57
97,40,137
33,63,96
33,74,107
20,41,61
38,42,80
64,52,116
86,19,105
79,32,111
17,18,35
27,82,109
32,85,117
64,45,109
26,43,69
63,42,105
63,48,111
21,31,52
77,80,157
81,10,91
16,41,57
23,77,100
42,17,59
9,28,37
27,60,87
66,31,97
48,81,129
15,52,67
50,88,138
36,13,49
68,30,98
61,52,113
58,67,125
97,10,107
76,65,141
21,91,112
21,24,45
61,42,103
100,43,143
93,45,138
48,41,89
17,42,59
20,70,90
81,41,122
31,19,50
41,26,67
80,7,87
24,73,97
98,57,155
31,54,85
10,92,102
58,98,156
15,11,26
49,70,119
37,88,125
97,59,156
15,81,96
74,94,168
81,59,140
7,8,15
53,78,131
93,45,138
56,95,151
87,43,130
33,25,58
64,76,140
80,90,170
65,52,117
94,60,154
76,51,127
61,62,123
97,13,110
71,86,157
11,36,47
71,42,113
12,18,30
16,95,111
38,47,85
65,88,153
81,53,134
9,16,25
73,69,142
77,88,165
68,78,146
60,88,148
60,45,105
13,42,55
87,26,113
83,8,91
35,34,69
19,35,54
63,27,90
66,86,152
28,18,46
84,61,145
25,58,83
49,69,118
39,51,90
50,33,83
96,96,192
96,29,125
7,97,104
31,53,84
59,62,121
82,87,169
19,65,84
82,42,124
42,70,112
53,23,76
39,53,92
52,37,89
75,49,124
25,28,53
80,9,89
13,72,85
64,75,139
98,81,179
12,68,80
42,10,52
18,75,93
66,40,106
79,22,101
36,55,91
98,29,127
18,93,111
45,83,128
43,91,134
9,16,25
100,22,122
26,15,41
30,76,106
93,46,139
20,54,74
93,24,117
90,7,97
25,99,124
75,23,98
89,81,170
49,55,104
71,55,126
59,11,70
34,17,51
23,87,110
11,37,48
49,13,62
37,16,53
54,79,133
57,38,95
16,40,56
12,94,106
14,49,63
99,84,183
90,22,112
43,37,80
20,68,88
10,23,33
37,60,97
73,37,110
74,25,99
17,53,70
23,83,106
49,54,103
13,99,112
97,73,170
7,53,60
96,95,191
40,63,103
19,8,27
35,58,93
40,55,95
87,90,177
62,51,113
94,24,118
80,16,96
19,77,96
7,18,25
99,28,127
72,51,123
44,73,117
79,60,139
16,91,107
73,100,173
21,17,38
78,95,173
70,81,151
89,90,179
50,49,99
22,49,71
94,38,132
78,35,113
41,85,126
57,52,109
65,13,78
38,56,94
21,31,52
28,37,65
43,78,121
96,51,147
29,72,101
42,31,73
28,59,87
82,19,101
82,17,99
80,19,99
19,19,38
52,54,106
14,46,60
22,20,42
82,46,128
79,47,126
96,16,112
65,24,89
75,70,145
21,56,77
25,13,38
88,36,124
83,68,151
32,90,122
20,39,59
22,63,85
42,44,86
21,95,116
59,51,110
24,31,55
33,38,71
70,94,164
63,23,86
57,100,157
26,11,37
75,51,126
14,17,31
82,47,129
63,97,160
60,46,106
82,44,126
69,20,89
96,97,193
85,97,182
24,53,77
90,98,188
46,66,112
80,39,119
72,94,166
26,53,79
80,76,156
97,63,160
20,42,62
11,23,34
33,96,129
86,42,128
9,22,31
95,21,116
19,42,61
34,18,52
28,100,128
22,8,30
56,26,82
93,47,140
15,36,51
21,67,88
50,27,77
71,84,155
30,65,95
98,79,177
7,79,86
8,96,104
95,95,190
15,93,108
64,26,90
45,97,142
40,79,119
12,18,30
81,47,128
42,78,120
76,13,89
71,29,100
100,32,132
48,99,147
79,45,124
57,58,115
11,43,54
13,77,90
12,93,105
74,9,83
19,17,36
36,17,53
67,30,97
43,47,90
18,61,79
99,24,123
85,10,95
78,16,94
83,44,127
51,41,92
40,99,139
55,86,141
9,54,63
72,89,161
31,20,51
8,30,38
29,74,103
99,10,109
40,22,62
77,82,159
11,54,65
20,58,78
9,95,104
21,59,80
15,32,47
25,97,122
79,43,122
14,98,112
83,79,162
66,29,95
79,77,156
55,41,96
50,96,146
89,55,144
41,83,124
50,50,100
10,26,36
43,11,54
56,9,65
97,81,178
39,92,131
65,81,146
17,56,73
80,80,160
69,39,108
18,100,118
87,72,159
94,75,169
20,25,45
14,25,39
45,33,78
100,77,177
48,54,102
47,69,116
100,74,174
63,60,123
75,18,93
45,21,66
10,13,23
69,9,78
72,79,151
46,24,70
86,98,184
92,19,111
67,56,123
48,14,62
10,29,39
48,98,146
72,54,126
15,12,27
98,22,120
28,70,98
13,9,22
64,19,83
22,61,83
23,26,49
44,77,121
91,67,158
82,25,107
13,25,38
98,53,151
82,26,108
8,56,64
44,18,62
74,21,95
49,77,126
34,9,43
97,45,142
11,60,71
31,87,118
18,53,71
76,43,119
24,7,31
74,84,158
98,39,137
38,40,78
16,59,75
34,54,88
81,20,101
8,10,18
91,56,147
13,16,29
63,17,80
68,14,82
14,61,75
16,78,94
54,50,104
53,70,123
93,90,183
20,42,62
24,11,35
75,12,87
47,35,82
59,13,72
99,85,184
34,77,111
66,32,98
52,54,106
94,31,125
72,16,88
15,24,39
35,88,123
63,12,75
83,42,125
35,15,50
85,88,173
79,85,164
22,90,112
39,76,115
12,85,97
44,55,99
29,20,49
89,55,144
35,13,48
95,13,108
36,33,69
17,64,81
90,36,126
80,67,147
35,45,80
29,11,40
77,48,125
63,81,144
7,23,30
53,91,144
35,62,97
86,83,169
61,17,78
11,33,44
89,70,159
37,66,103
72,85,157
58,85,143
13,19,32
39,38,77
12,10,22
72,23,95
62,88,150
65,72,137
42,52,94
53,19,72
48,52,100
74,77,151
89,23,112
72,49,121
35,85,120
90,42,132
55,60,115
98,14,112
50,87,137
88,37,125
10,85,95
100,67,167
28,92,120
84,94,178
67,24,91
28,100,128
67,31,98
67,44,111
43,56,99
36,17,53
25,43,68
39,86,125
29,65,94
88,89,177
79,17,96
42,83,125
79,32,111
35,43,78
80,38,118
20,7,27
26,64,90
67,61,128
8,25,33
37,64,101
23,35,58
13,61,74
89,93,182
37,13,50
84,30,114
25,69,94
21,61,82
36,34,70
56,98,154
22,68,90
100,9,109
78,95,173
61,18,79
48,63,111
99,85,184
47,67,114
11,95,106
96,40,136
51,97,148
12,42,54
60,45,105
69,93,162
48,28,76
88,74,162
54,61,115
98,22,120
47,92,139
42,71,113
62,61,123
90,13,103
88,85,173
44,73,117
28,53,81
41,38,79
64,70,134
17,14,31
14,8,22
36,38,74
34,87,121
24,71,95
41,73,114
37,53,90
20,34,54
41,69,110
27,66,93
66,62,128
93,14,107
56,74,130
35,51,86
94,74,168
50,92,142
39,14,53
74,62,136
95,43,138
83,12,95
74,40,114
84,94,178
46,76,122
27,57,84
98,42,140
56,10,66
16,20,36
96,93,189
43,70,113
54,63,117
65,9,74
69,50,119
26,29,55
54,8,62
38,52,90
36,11,47
58,81,139
29,47,76
33,86,119
19,12,31
7,95,102
76,26,102
11,43,54
19,54,73
87,100,187
26,100,126
47,46,93
49,91,140
43,44,87
83,52,135
11,99,110
72,55,127
100,20,120
91,13,104
99,8,107
48,96,144
18,20,38
18,18,36
21,89,110
56,51,107
11,58,69
32,77,109
93,10,103
84,88,172
40,33,73
8,29,37
36,93,129
89,22,111
73,54,127
13,98,111
71,100,171
63,65,128
55,72,127
35,48,83
17,69,86
68,79,147
34,14,48
17,37,54
53,50,103
48,61,109
25,81,106
91,80,171
59,23,82
12,80,92
62,67,129
22,85,107
74,29,103
26,30,56
81,22,103
54,62,116
53,89,142
78,35,113
77,51,128
40,33,73
92,99,191
99,40,139
65,99,164
92,68,160
48,89,137
64,61,125
70,74,144
86,63,149
74,21,95
78,70,148
44,19,63
13,58,71
59,16,75
97,40,137
62,28,90
82,91,173
51,82,133
39,13,52
28,99,127
18,94,112
67,91,158
10,74,84
84,71,155
62,53,115
20,98,118
59,48,107
37,97,134
45,36,81
16,45,61
74,69,143
66,53,119
53,56,109
77,23,100
93,19,112
65,49,114
67,85,152
42,72,114
51,72,123
90,31,121
67,84,151
89,23,112
55,46,101
86,42,128
40,22,62
86,44,130
91,74,165
31,46,77
24,85,109
27,95,122
73,76,149
34,85,119
15,70,85
32,66,98
21,73,94
11,94,105
40,17,57
46,35,81
69,29,98
46,37,83
26,7,33
93,77,170
16,95,111
15,23,38
98,86,184
61,47,108
86,62,148
67,95,162
92,71,163
31,86,117
48,14,62
46,16,62
9,92,101
36,43,79
33,23,56
24,58,82
52,22,74
41,35,76
94,76,170
45,54,99
83,96,179
10,31,41
44,54,98
30,62,92
77,10,87
12,26,38
49,89,138
89,14,103
68,54,122
41,62,103
25,87,112
78,33,111
23,83,106
52,79,131
42,75,117
19,61,80
77,15,92
19,93,112
23,22,45
94,40,134
96,30,126
30,12,42
18,88,106
98,32,130
95,12,107
99,41,140
46,79,125
63,52,115
48,11,59
87,82,169
67,12,79
7,97,104
97,33,130
84,58,142
22,85,107
21,89,110
100,45,145
31,42,73
56,86,142
78,64,142
25,16,41
95,58,153
71,19,90
37,28,65
63,11,74
42,28,70
95,77,172
95,68,163
58,18,76
48,25,73
39,53,92
47,12,59
63,30,93
58,72,130
17,53,70
41,53,94
92,92,184
43,10,53
45,28,73
76,9,85
82,41,123
27,7,34
30,65,95
8,30,38
48,91,139
52,29,81
63,86,149
55,62,117
10,52,62
71,63,134
62,99,161
27,42,69
16,84,100
73,20,93
10,15,25
27,69,96
52,83,135
67,99,166
57,19,76
70,54,124
81,19,100
64,73,137
61,97,158
68,75,143
70,41,111
72,81,153
58,22,80
12,49,61
24,28,52
51,35,86
22,31,53
81,71,152
43,56,99
62,37,99
22,59,81
50,47,97
85,20,105
57,89,146
11,77,88
24,33,57
84,81,165
21,22,43
95,89,184
90,20,110
24,15,39
66,7,73
70,40,110
56,15,71
79,36,115
53,64,117
75,21,96
15,29,44
70,35,105
40,77,117
75,73,148
47,75,122
56,11,67
52,94,146
63,21,84
59,86,145
50,13,63
23,84,107
7,19,26
56,63,119
68,66,134
64,12,76
29,72,101
58,86,144
100,57,157
40,85,125
61,18,79
69,64,133
19,66,85
31,8,39
34,45,79
64,66,130
38,92,130
15,77,92
94,16,110
68,57,125
11,51,62
96,19,115
65,55,120
88,14,102
56,16,72
83,43,126
46,31,77
66,18,84
34,70,104
71,67,138
59,15,74
29,11,40
72,10,82
10,89,99
82,15,97
61,95,156
75,76,151
97,88,185
63,50,113
23,58,81
19,54,73
36,27,63
17,92,109
97,17,114
34,11,45
31,72,103
34,37,71
19,88,107
65,70,135
48,45,93
65,98,163
82,83,165
14,76,90
8,20,28
41,69,110
79,93,172
79,14,93
48,12,60
69,14,83
72,18,90
90,35,125
59,78,137
45,36,81
11,76,87
78,75,153
73,17,90
94,38,132
90,21,111
73,81,154
22,10,32
31,92,123
80,30,110
20,85,105
27,51,78
25,38,63
94,81,175
11,49,60
79,92,171
18,47,65
75,90,165
72,38,110
50,13,63
39,90,129
87,66,153
92,10,102
14,18,32
81,56,137
76,90,166
18,32,50
28,81,109
66,23,89
71,43,114
12,26,38
80,8,88
15,64,79
82,50,132
20,68,88
26,16,42
12,48,60
61,75,136
24,82,106
89,95,184
70,49,119
28,100,128
81,29,110
79,84,163
13,82,95
7,60,67
93,16,109
51,74,125
50,66,116
15,17,32
47,50,97
62,91,153
95,46,141
9,98,107
43,10,53
57,55,112
98,86,184
10,97,107
76,62,138
97,42,139
35,81,116
66,52,118
34,48,82
16,59,75
69,77,146
89,54,143
76,34,110
81,91,172
63,38,101
61,94,155
37,19,56
100,66,166
66,80,146
24,96,120
65,7,72
100,40,140
46,85,131
71,97,168
22,42,64
35,59,94
48,39,87
58,43,101
82,45,127
32,86,118
35,43,78
66,93,159
46,30,76
91,18,109
77,88,165
10,54,64
70,21,91
40,88,128
44,70,114
36,76,112
80,51,131
7,7,14
61,76,137
37,43,80
84,31,115
45,44,89
95,46,141
85,91,176
73,57,130
45,30,75
87,91,178
18,61,79
10,38,48
12,93,105
65,32,97
94,91,185
75,49,124
65,77,142
7,70,77
13,83,96
72,33,105
98,56,154
83,18,101
82,94,176
75,92,167
67,69,136
21,84,105
91,18,109
19,42,61
86,20,106
81,85,166
84,25,109
100,70,170
78,79,157
8,85,93
68,100,168
20,29,49
17,90,107
77,87,164
86,50,136
16,22,38
84,51,135
42,96,138
67,53,120
27,93,120
90,50,140
74,65,139
24,7,31
69,50,119
86,62,148
78,63,141
76,13,89
89,8,97
28,76,104
96,80,176
11,51,62
44,10,54
67,7,74
27,88,115
56,88,144
100,93,193
38,14,52
46,19,65
87,12,99
36,39,75
92,58,150
50,25,75
60,56,116
36,98,134
68,70,138
31,63,94
33,20,53
68,41,109
51,100,151
9,56,65
80,20,100
16,30,46
75,24,99
70,11,81
47,92,139
92,18,110
61,9,70
36,48,84
61,88,149
34,70,104
92,91,183
16,78,94
84,68,152
10,88,98
44,9,53
41,93,134
74,40,114
48,28,76
10,99,109
65,34,99
29,41,70
87,69,156
97,16,113
63,67,130
25,22,47
83,32,115
46,43,89
11,15,26
87,82,169
12,89,101
21,45,66
21,76,97
27,95,122
26,92,118
93,20,113
53,61,114
92,31,123
75,92,167
17,62,79
18,58,76
54,20,74
14,74,88
10,14,24
36,63,99
52,85,137
8,77,85
23,10,33
65,44,109
20,53,73
32,94,126
34,96,130
48,17,65
88,11,99
10,14,24
27,85,112
19,59,78
11,39,50
69,38,107
78,19,97
75,42,117
84,27,111
57,69,126
61,26,87
29,30,59
27,89,116
20,85,105
39,74,113
29,84,113
15,37,52
65,9,74
35,43,78
47,71,118
93,89,182
85,79,164
52,48,100
91,56,147
13,8,21
98,17,115
11,48,59
70,45,115
98,29,127
25,100,125
48,34,82
83,55,138
98,100,198
20,54,74
66,8,74
15,37,52
14,98,112
59,100,159
10,67,77
69,79,148
13,95,108
38,38,76
63,29,92
89,56,145
54,17,71
46,81,127
65,67,132
15,14,29
27,49,76
75,33,108
16,61,77
7,93,100
69,36,105
16,93,109
52,9,61
69,63,132
38,62,100
90,89,179
92,85,177
61,52,113
57,36,93
11,47,58
18,36,54
83,80,163
97,25,122
96,96,192
86,25,111
31,80,111
58,78,136
35,11,46
98,37,135
58,18,76
89,96,185
79,14,93
90,22,112
53,41,94
50,59,109
18,97,115
13,17,30
27,18,45
32,83,115
16,43,59
57,47,104
67,11,78
25,95,120
86,28,114
89,87,176
92,47,139
67,54,121
54,64,118
94,81,175
60,83,143
54,71,125
44,80,124
70,44,114
17,51,68
20,67,87
100,33,133
78,75,153
72,16,88
14,77,91
33,61,94
90,94,184
67,28,95
20,56,76
71,93,164
92,83,175
86,57,143
80,66,146
68,94,162
76,7,83
34,70,104
35,79,114
11,68,79
59,93,152
99,54,153
17,47,64
16,81,97
80,56,136
44,72,116
73,60,133
39,29,68
97,31,128
89,19,108
86,11,97
43,14,57
45,94,139
41,12,53
85,62,147
33,51,84
63,17,80
85,85,170
61,77,138
63,17,80
100,83,183
99,72,171
69,80,149
46,87,133
57,92,149
93,86,179
97,51,148
80,46,126
92,14,106
95,31,126
53,69,122
50,86,136
22,81,103
65,55,120
96,70,166
11,50,61
34,88,122
84,39,123
24,27,51
44,26,70
97,36,133
20,22,42
51,97,148
76,22,98
78,54,132
90,26,116
76,59,135
79,100,179
7,12,19
37,23,60
14,67,81
62,86,148
32,7,39
55,62,117
82,85,167
29,31,60
11,47,58
31,26,57
35,61,96
35,27,62
59,22,81
18,9,27
46,63,109
85,65,150
64,50,114
57,15,72
57,91,148
53,83,136
27,54,81
32,100,132
28,27,55
11,9,20
24,76,100
60,90,150
26,25,51
100,8,108
46,70,116
79,8,87
91,21,112
74,62,136
85,55,140
64,23,87
97,7,104
38,15,53
76,99,175
56,80,136
55,96,151
49,53,102
20,54,74
81,58,139
33,13,46
64,76,140
72,17,89
16,83,99
14,99,113
85,72,157
44,30,74
22,27,49
74,75,149
54,95,149
94,63,157
24,99,123
75,17,92
33,45,78
9,38,47
70,68,138
57,59,116
92,48,140
44,51,95
98,27,125
77,49,126
87,76,163
20,84,104
24,77,101
23,21,44
7,38,45
76,30,106
51,23,74
88,73,161
19,82,101
86,69,155
54,7,61
82,49,131
13,97,110
16,28,44
69,86,155
83,53,136
53,54,107
99,46,145
64,66,130
70,48,118
80,31,111
24,55,79
70,57,127
10,37,47
18,47,65
40,70,110
27,53,80
36,93,129
36,76,112
16,68,84
83,52,135
10,99,109
60,12,72
47,44,91
35,100,135
33,71,104
45,66,111
31,84,115
87,54,141
99,74,173
20,55,75
38,13,51
99,34,133
44,21,65
8,42,50
44,92,136
24,90,114
72,13,85
29,38,67
7,21,28
16,50,66
47,52,99
97,34,131
31,46,77
17,60,77
39,15,54
67,75,142
59,31,90
12,46,58
86,84,170
95,18,113
58,31,89
68,83,151
67,26,93
79,95,174
32,94,126
55,53,108
9,34,43
71,9,80
93,64,157
87,26,113
81,72,153
46,78,124
59,23,82
52,51,103
28,37,65
8,40,48
88,98,186
56,10,66
96,65,161
40,73,113
61,61,122
56,42,98
23,82,105
62,81,143
24,56,80
57,68,125
76,73,149
98,89,187
42,98,140
68,59,127
88,18,106
24,85,109
47,88,135
59,65,124
44,99,143
81,61,142
85,65,150
20,95,115
46,81,127
51,13,64
37,80,117
56,27,83
88,15,103
46,13,59
39,93,132
94,41,135
17,67,84
96,51,147
26,29,55
83,79,162
100,21,121
14,63,77
23,94,117
46,83,129
13,39,52
82,75,157
70,70,140
47,21,68
15,50,65
14,52,66
49,27,76
21,45,66
15,37,52
61,46,107
57,84,141
27,95,122
45,11,56
74,57,131
92,26,118
59,96,155
93,56,149
94,75,169
29,21,50
79,92,171
52,67,119
66,65,131
95,23,118
14,62,76
13,18,31
77,23,100
39,57,96
98,74,172
73,14,87
10,55,65
43,72,115
72,51,123
62,9,71
84,97,181
10,22,32
26,11,37
35,45,80
73,34,107
9,23,32
73,16,89
54,92,146
33,45,78
69,57,126
22,30,52
8,92,100
88,19,107
52,32,84
96,64,160
15,37,52
85,54,139
12,21,33
76,74,150
81,19,100
39,10,49
76,46,122
64,63,127
58,65,123
11,77,88
82,41,123
89,59,148
79,7,86
28,51,79
30,71,101
37,34,71
100,31,131
81,87,168
100,28,128
9,87,96
94,35,129
51,47,98
67,28,95
54,40,94
96,19,115
32,34,66
70,38,108
96,93,189
51,66,117
50,74,124
10,21,31
42,89,131
67,70,137
40,74,114
75,77,152
87,7,94
94,92,186
92,97,189
51,37,88
78,20,98
61,49,110
55,96,151
60,20,80
68,85,153
80,8,88
50,60,110
78,66,144
25,75,100
51,79,130
40,22,62
25,88,113
65,18,83
67,57,124
20,20,40
28,12,40
95,28,123
31,40,71
19,90,109
46,65,111
59,75,134
39,68,107
37,19,56
10,62,72
24,90,114
34,41,75
76,87,163
79,8,87
86,59,145
72,7,79
25,82,107
96,79,175
96,12,108
64,95,159
36,81,117
61,9,70
67,90,157
68,88,156
40,97,137
18,70,88
81,63,144
20,79,99
51,23,74
72,50,122
85,54,139
25,26,51
24,17,41
33,63,96
11,70,81
65,71,136
31,72,103
42,45,87
60,13,73
30,73,103
45,89,134
10,53,63
79,61,140
64,7,71
38,72,110
77,95,172
77,20,97
75,34,109
89,42,131
27,37,64
33,16,49
40,46,86
52,9,61
24,77,101
67,20,87
55,68,123
74,97,171
66,83,149
54,11,65
54,34,88
72,58,130
11,48,59
81,58,139
60,64,124
88,68,156
36,73,109
29,34,63
99,34,133
89,98,187
43,27,70
21,45,66
45,77,122
18,16,34
64,93,157
26,14,40
53,45,98
49,85,134
78,75,153
76,72,148
10,51,61
23,17,40
77,42,119
46,10,56
16,7,23
39,39,78
90,35,125
15,38,53
13,88,101
75,88,163
74,84,158
64,19,83
22,54,76
89,29,118
66,97,163
78,19,97
48,78,126
9,22,31
44,77,121
48,57,105
80,26,106
99,74,173
26,60,86
67,77,144
7,79,86
38,19,57
91,46,137
38,33,71
74,97,171
100,21,121
73,98,171
73,30,103
14,36,50
99,24,123
98,84,182
60,84,144
20,98,118
21,97,118
9,15,24
34,78,112
54,21,75
61,94,155
66,90,156
51,55,106
34,92,126
96,13,109
92,73,165
11,78,89
32,33,65
85,82,167
28,90,118
9,99,108
46,35,81
97,82,179
93,78,171
32,46,78
68,35,103
14,74,88
51,32,83
32,71,103
94,41,135
74,45,119
87,87,174
100,99,199
50,76,126
93,35,128
51,92,143
71,33,104
38,21,59
68,56,124
89,70,159
52,7,59
92,23,115
92,58,150
62,25,87
72,23,95
12,18,30
81,76,157
60,27,87
34,43,77
45,71,116
53,51,104
17,20,37
30,66,96
41,53,94
65,8,73
87,12,99
18,82,100
67,15,82
100,93,193
36,95,131
81,97,178
90,96,186
86,30,116
10,72,82
71,78,149
36,98,134
82,16,98
11,57,68
83,64,147
22,44,66
29,29,58
11,32,43
64,94,158
9,47,56
24,48,72
8,85,93
16,39,55
81,54,135
21,38,59
8,96,104
14,57,71
62,56,118
22,32,54
96,100,196
96,74,170
42,20,62
30,30,60
69,91,160
86,35,121
9,77,86
91,47,138
80,88,168
10,56,66
88,64,152
71,100,171
92,31,123
15,85,100
100,57,157
63,97,160
78,38,116
83,86,169
91,25,116
49,36,85
67,32,99
48,60,108
51,73,124
94,17,111
86,21,107
26,28,54
7,30,37
100,56,156
39,40,79
60,19,79
67,79,146
20,57,77
91,15,106
92,82,174
55,36,91
30,42,72
34,18,52
19,71,90
18,81,99
29,83,112
36,16,52
99,54,153
77,81,158
17,36,53
39,51,90
29,96,125
25,57,82
11,71,82
100,28,128
22,13,35
50,16,66
82,91,173
98,69,167
40,70,110
40,57,97
54,21,75
91,40,131
73,41,114
61,41,102
68,95,163
9,53,62
53,72,125
67,31,98
50,88,138
92,55,147
7,24,31
40,96,136
66,45,111
20,65,85
93,79,172
7,27,34
15,66,81
69,91,160
85,7,92
32,58,90
98,18,116
13,86,99
30,54,84
97,79,176
33,69,102
67,32,99
13,56,69
7,27,34
44,49,93
55,73,128
62,62,124
89,52,141
18,14,32
16,80,96
75,73,148
72,90,162
79,86,165
48,65,113
92,60,152
90,39,129
39,34,73
60,67,127
16,71,87
59,77,136
52,60,112
38,81,119
68,100,168
77,86,163
80,58,138
9,61,70
25,21,46
27,18,45
72,58,130
99,56,155
18,34,52
8,24,32
93,41,134
71,35,106
10,85,95
89,39,128
76,28,104
29,21,50
57,87,144
66,49,115
94,40,134
22,70,92
44,69,113
29,58,87
64,65,129
59,19,78
90,63,153
96,25,121
37,57,94
18,16,34
72,46,118
28,93,121
77,44,121
80,87,167
58,45,103
72,27,99
21,85,106
41,63,104
58,65,123
29,24,53
92,7,99
27,31,58
62,73,135
13,63,76
67,17,84
23,38,61
31,78,109
21,68,89
10,68,78
29,41,70
95,32,127
90,9,99
70,27,97
49,46,95
88,66,154
94,94,188
95,56,151
97,84,181
87,18,105
41,97,138
91,49,140
20,92,112
26,72,98
43,46,89
45,64,109
42,50,92
86,91,177
7,97,104
18,96,114
37,65,102
92,58,150
44,71,115
27,18,45
80,51,131
39,44,83
7,37,44
42,19,61
79,9,88
22,82,104
43,23,66
27,7,34
100,11,111
51,29,80
30,81,111
39,20,59
25,51,76
62,68,130
19,31,50
88,45,133
50,47,97
78,40,118
33,20,53
49,17,66
98,72,170
8,23,31
55,18,73
61,31,92
16,58,74
49,36,85
72,46,118
56,13,69
83,59,142
91,20,111
7,52,59
72,33,105
59,89,148
42,22,64
7,30,37
17,33,50
11,26,37
9,39,48
13,96,109
87,34,121
25,67,92
65,40,105
58,24,82
32,16,48
13,52,65
84,20,104
61,51,112
68,94,162
24,95,119
11,10,21
61,14,75
21,92,113
21,72,93
71,45,116
49,31,80
55,11,66
7,42,49
13,57,70
83,55,138
99,23,122
48,24,72
59,83,142
71,64,135
78,56,134
77,24,101
21,52,73
19,66,85
73,25,98
38,62,100
15,30,45
58,11,69
88,58,146
26,27,53
20,69,89
10,28,38
25,98,123
40,68,108
63,99,162
94,97,191
16,47,63
66,75,141
35,80,115
9,46,55
32,96,128
37,93,130
38,18,56
25,45,70
99,68,167
62,50,112
51,63,114
42,58,100
51,52,103
94,57,151
56,56,112
41,39,80
16,35,51
26,79,105
92,24,116
77,87,164
92,8,100
49,70,119
20,58,78
52,63,115
83,86,169
48,40,88
57,16,73
90,54,144
44,72,116
18,30,48
88,41,129
86,61,147
34,42,76
82,61,143
31,51,82
15,56,71
44,88,132
81,78,159
19,10,29
49,45,94
22,72,94
22,96,118
29,28,57
79,44,123
31,8,39
50,38,88
22,20,42
82,97,179
45,33,78
74,85,159
38,62,100
18,45,63
67,49,116
33,43,76
71,99,170
60,59,119
25,13,38
31,30,61
50,7,57
9,33,42
88,28,116
83,12,95
24,84,108
52,65,117
64,24,88
11,66,77
64,89,153
99,8,107
50,18,68
72,56,128
73,17,90
73,48,121
9,81,90
65,94,159
38,69,107
7,18,25
46,51,97
71,96,167
72,43,115
36,83,119
51,8,59
77,100,177
19,32,51
51,68,119
47,40,87
17,62,79
43,60,103
81,92,173
14,80,94
32,8,40
10,34,44
72,32,104
22,84,106
47,31,78
18,50,68
90,31,121
40,19,59
80,53,133
22,89,111
11,51,62
71,63,134
83,50,133
11,64,75
46,7,53
68,46,114
46,50,96
34,14,48
60,83,143
42,21,63
54,69,123
17,64,81
21,13,34
35,85,120
28,65,93
97,85,182
34,69,103
48,100,148
65,62,127
20,35,55
56,53,109
39,87,126
48,47,95
69,16,85
79,49,128
44,100,144
100,22,122
18,23,41
50,77,127
86,27,113
61,100,161
31,51,82
71,27,98
59,32,91
11,40,51
21,12,33
82,38,120
85,39,124
36,49,85
54,88,142
73,12,85
13,85,98
12,47,59
92,53,145
48,10,58
98,92,190
55,80,135
83,95,178
52,68,120
46,16,62
19,94,113
17,75,92
61,47,108
49,59,108
71,38,109
95,59,154
36,42,78
82,77,159
44,13,57
35,54,89
67,65,132
56,31,87
42,84,126
73,34,107
17,75,92
66,53,119
54,16,70
78,83,161
68,70,138
94,57,151
21,91,112
47,43,90
16,73,89
66,25,91
89,60,149
28,78,106
90,30,120
54,36,90
26,82,108
26,25,51
59,14,73
36,38,74
65,40,105
94,43,137
54,12,66
65,62,127
23,10,33
41,53,94
12,51,63
71,88,159
37,52,89
52,53,105
13,22,35
66,85,151
96,58,154
39,39,78
45,22,67
100,41,141
29,33,62
54,28,82
16,15,31
100,28,128
36,80,116
42,82,124
87,89,176
75,96,171
15,18,33
78,70,148
64,98,162
70,34,104
50,100,150
81,40,121
88,47,135
44,37,81
82,45,127
95,10,105
74,99,173
31,78,109
16,23,39
76,90,166
49,90,139
76,16,92
23,81,104
97,17,114
26,83,109
30,60,90
21,27,48
13,45,58
31,93,124
80,50,130
97,31,128
71,91,162
52,19,71
66,56,122
10,47,57
52,69,121
48,60,108
61,56,117
53,87,140
23,56,79
65,21,86
58,44,102
37,10,47
54,64,118
42,45,87
64,48,112
87,69,156
51,36,87
83,44,127
60,60,120
55,64,119
29,47,76
88,19,107
63,76,139
88,62,150
75,80,155
51,91,142
98,76,174
30,88,118
49,57,106
63,72,135
54,18,72
58,38,96
39,29,68
13,38,51
8,98,106
95,79,174
72,83,155
98,79,177
29,42,71
100,15,115
15,55,70
77,92,169
42,26,68
53,84,137
21,58,79
72,22,94
35,32,67
71,98,169
34,48,82
79,22,101
40,27,67
20,90,110
42,15,57
25,30,55
31,36,67
58,54,112
92,8,100
15,100,115
39,87,126
9,68,77
10,19,29
86,26,112
25,36,61
43,36,79
68,76,144
94,39,133
13,17,30
94,20,114
47,26,73
87,95,182
22,95,117
27,52,79
64,78,142
29,50,79
83,20,103
73,55,128
62,98,160
40,97,137
57,18,75
40,91,131
33,7,40
30,70,100
67,58,125
22,41,63
33,73,106
30,7,37
95,12,107
70,72,142
15,18,33
71,13,84
84,26,110
11,50,61
62,77,139
18,21,39
80,83,163
12,23,35
93,27,120
46,22,68
90,46,136
83,21,104
72,69,141
35,41,76
27,100,127
77,73,150
90,40,130
96,21,117
9,49,58
60,44,104
44,24,68
8,100,108
13,24,37
91,86,177
19,81,100
49,59,108
52,16,68
40,19,59
43,84,127
30,69,99
42,67,109
96,54,150
68,57,125
26,64,90
49,75,124
17,65,82
75,40,115
73,68,141
46,48,94
33,26,59
100,31,131
11,67,78
19,16,35
19,47,66
37,36,73
48,59,107
69,23,92
96,60,156
66,43,109
75,16,91
22,32,54
57,67,124
19,11,30
8,100,108
69,26,95
41,57,98
51,77,128
17,83,100
33,22,55
91,98,189
29,66,95
61,20,81
87,48,135
69,20,89
12,34,46
53,19,72
71,80,151
10,24,34
100,100,200
54,58,112
72,99,171
42,26,68
98,57,155
48,71,119
28,29,57
93,13,106
93,76,169
96,40,136
20,39,59
47,87,134
15,18,33
74,71,145
20,90,110
14,22,36
71,79,150
61,24,85
24,70,94
15,29,44
17,78,95
97,39,136
30,23,53
76,31,107
52,52,104
99,76,175
65,68,133
48,69,117
89,58,147
32,49,81
64,20,84
86,87,173
30,80,110
46,27,73
22,24,46
36,81,117
15,17,32
83,31,114
38,87,125
79,98,177
57,71,128
7,79,86
7,67,74
51,95,146
63,51,114
36,44,80
39,66,105
84,75,159
53,33,86
84,16,100
9,11,20
74,42,116
45,25,70
11,35,46
89,83,172
38,92,130
11,33,44
40,80,120
34,55,89
70,86,156
39,52,91
35,89,124
33,38,71
9,26,35
70,44,114
37,33,70
89,10,99
99,78,177
35,7,42
10,14,24
15,81,96
54,16,70
8,42,50
76,14,90
67,23,90
82,63,145
42,69,111
97,74,171
68,21,89
31,52,83
79,77,156
55,17,72
42,22,64
31,70,101
30,42,72
48,19,67
86,76,162
98,16,114
11,54,65
37,36,73
38,99,137
93,61,154
18,88,106
10,61,71
69,69,138
97,13,110
73,27,100
93,96,189
69,62,131
39,42,81
10,46,56
78,9,87
36,61,97
95,28,123
63,57,120
44,99,143
64,46,110
25,39,64
53,33,86
31,31,62
48,64,112
32,86,118
83,85,168
7,95,102
44,34,78
53,91,144
26,56,82
75,52,127
89,70,159
45,93,138
24,20,44
84,22,106
94,67,161
44,64,108
82,33,115
55,69,124
45,72,117
25,93,118
79,7,86
13,38,51
32,79,111
51,52,103
11,20,31
47,89,136
72,22,94
73,15,88
75,23,98
28,61,89
72,14,86
26,19,45
100,60,160
35,12,47
9,25,34
21,35,56
28,85,113
52,9,61
35,70,105
51,92,143
89,38,127
50,23,73
19,75,94
77,30,107
78,9,87
56,15,71
25,47,72
55,32,87
28,49,77
88,83,171
39,53,92
37,81,118
53,22,75
34,8,42
47,100,147
51,26,77
18,56,74
71,87,158
90,46,136
38,94,132
92,65,157
98,67,165
12,88,100
49,70,119
88,51,139
94,60,154
62,72,134
20,30,50
40,84,124
39,62,101
73,15,88
89,63,152
93,28,121
32,7,39
100,52,152
82,48,130
7,81,88
75,66,141
17,35,52
79,19,98
29,90,119
86,60,146
44,77,121
89,48,137
45,9,54
63,15,78
12,69,81
80,11,91
37,96,133
72,50,122
53,79,132
80,76,156
7,39,46
32,10,42
69,49,118
72,21,93
98,33,131
7,48,55
15,21,36
70,18,88
16,32,48
76,71,147
86,40,126
95,87,182
36,68,104
89,31,120
16,45,61
20,54,74
29,18,47
83,65,148
19,62,81
91,86,177
76,16,92
13,53,66
13,95,108
86,54,140
22,90,112
60,91,151
49,63,112
71,9,80
35,31,66
69,54,123
43,28,71
85,46,131
94,69,163
56,72,128
29,82,111
39,94,133
89,83,172
69,80,149
50,92,142
41,74,115
71,100,171
9,72,81
54,52,106
32,79,111
74,26,100
99,28,127
97,77,174
22,74,96
49,70,119
34,100,134
84,43,127
22,38,60
16,54,70
97,89,186
9,96,105
46,96,142
76,79,155
97,59,156
11,63,74
46,65,111
8,80,88
36,28,64
53,16,69
21,64,85
84,61,145
87,7,94
12,38,50
46,43,89
48,83,131
9,96,105
9,46,55
59,34,93
46,68,114
12,100,112
60,77,137
84,77,161
40,19,59
72,7,79
95,98,193
29,63,92
21,45,66
67,47,114
8,96,104
7,22,29
68,73,141
37,30,67
62,83,145
38,75,113
91,48,139
43,84,127
26,52,78
48,83,131
95,18,113
25,48,73
46,14,60
8,14,22
19,38,57
76,83,159
42,64,106
87,58,145
29,90,119
39,43,82
29,7,36
89,79,168
40,99,139
44,47,91
30,24,54
93,10,103
9,37,46
37,83,120
57,91,148
48,77,125
65,46,111
23,18,41
43,23,66
24,52,76
39,37,76
80,89,169
46,39,85
67,19,86
60,82,142
13,26,39
28,81,109
34,90,124
91,92,183
36,83,119
23,29,52
33,83,116
72,46,118
77,50,127
58,41,99
92,100,192
77,63,140
57,44,101
29,44,73
17,41,58
67,66,133
20,94,114
40,59,99
55,85,140
42,85,127
56,98,154
52,78,130
24,92,116
90,85,175
75,20,95
99,65,164
24,76,100
11,89,100
11,59,70
50,27,77
86,70,156
39,11,50
38,18,56
11,89,100
19,86,105
88,90,178
38,84,122
54,32,86
84,80,164
59,13,72
90,39,129
95,72,167
69,64,133
9,36,45
62,82,144
72,33,105
86,81,167
51,15,66
98,67,165
85,86,171
59,87,146
57,88,145
51,89,140
55,89,144
39,54,93
78,25,103
74,59,133
88,69,157
15,26,41
33,85,118
9,39,48
65,36,101
80,69,149
80,94,174
39,72,111
12,49,61
14,62,76
75,42,117
90,73,163
90,71,161
60,87,147
33,24,57
45,82,127
14,67,81
95,100,195
8,100,108
56,69,125
64,29,93
67,43,110
79,16,95
68,9,77
63,88,151
45,34,79
23,7,30
22,51,73
79,19,98
96,65,161
47,31,78
47,76,123
70,45,115
39,82,121
74,39,113
94,41,135
90,25,115
75,14,89
72,84,156
92,70,162
66,62,128
55,7,62
58,36,94
70,7,77
31,92,123
52,88,140
78,23,101
57,88,145
80,40,120
65,83,148
43,24,67
26,81,107
57,99,156
9,37,46
37,88,125
17,32,49
20,15,35
32,39,71
34,21,55
14,21,35
61,39,100
96,68,164
66,79,145
86,81,167
29,62,91
62,49,111
26,66,92
58,91,149
79,40,119
8,39,47
85,41,126
57,54,111
55,70,125
86,46,132
52,63,115
49,89,138
74,70,144
82,45,127
8,42,50
46,21,67
43,36,79
82,14,96
73,99,172
27,30,57
48,20,68
9,94,103
84,68,152
31,10,41
57,44,101
49,59,108
43,90,133
84,98,182
99,24,123
20,63,83
15,60,75
51,68,119
90,100,190
75,7,82
37,15,52
15,22,37
90,33,123
88,27,115
56,40,96
84,10,94
9,15,24
40,14,54
39,76,115
24,83,107
55,27,82
77,59,136
10,60,70
83,88,171
25,99,124
63,91,154
36,93,129
68,29,97
16,13,29
90,83,173
60,16,76
24,97,121
12,25,37
74,85,159
82,67,149
69,95,164
60,51,111
35,37,72
84,80,164
72,17,89
75,73,148
47,99,146
26,32,58
25,63,88
12,46,58
29,29,58
28,56,84
79,96,175
81,100,181
78,41,119
55,71,126
16,18,34
9,20,29
77,30,107
91,32,123
17,7,24
50,24,74
88,93,181
72,38,110
53,10,63
43,45,88
44,41,85
54,26,80
35,51,86
70,77,147
75,94,169
46,46,92
97,29,126
85,18,103
68,95,163
78,63,141
84,82,166
63,69,132
28,96,124
17,49,66
98,47,145
19,57,76
27,37,64
85,96,181
80,35,115
52,11,63
91,92,183
57,68,125
74,76,150
80,34,114
36,65,101
57,43,100
60,8,68
55,10,65
99,88,187
20,98,118
98,14,112
53,59,112
87,84,171
9,23,32
35,91,126
81,11,92
27,46,73
41,7,48
46,61,107
62,20,82
97,97,194
88,97,185
56,41,97
56,91,147
42,35,77
29,75,104
86,71,157
28,50,78
93,50,143
58,69,127
13,66,79
86,37,123
96,73,169
37,45,82
56,53,109
50,24,74
89,92,181
21,29,50
44,84,128
50,26,76
57,83,140
9,16,25
56,26,82
36,73,109
8,95,103
48,19,67
14,63,77
68,50,118
16,78,94
11,41,52
47,42,89
16,22,38
79,35,114
58,28,86
97,54,151
100,8,108
34,42,76
8,100,108
31,74,105
73,26,99
16,44,60
93,17,110
34,62,96
14,75,89
20,69,89
24,48,72
22,37,59
84,24,108
24,18,42
21,59,80
25,32,57
78,50,128
85,36,121
16,43,59
66,92,158
88,17,105
12,20,32
34,74,108
77,69,146
78,91,169
51,55,106
95,18,113
83,70,153
24,53,77
93,40,133
24,11,35
8,85,93
16,29,45
59,10,69
20,63,83
69,23,92
53,43,96
74,14,88
24,40,64
62,44,106
63,70,133
61,23,84
54,24,78
8,63,71
62,63,125
91,63,154
91,42,133
82,51,133
51,92,143
96,73,169
43,16,59
55,87,142
22,75,97
57,44,101
43,15,58
95,43,138
23,31,54
24,21,45
15,27,42
53,83,136
87,33,120
18,26,44
47,23,70
64,55,119
10,56,66
39,81,120
41,33,74
9,95,104
77,77,154
17,93,110
63,58,121
53,23,76
87,13,100
90,7,97
73,52,125
48,28,76
74,65,139
90,8,98
23,24,47
10,83,93
67,33,100
45,72,117
26,99,125
48,69,117
59,13,72
25,79,104
86,37,123
83,100,183
57,44,101
94,33,127
99,14,113
73,37,110
87,28,115
15,97,112
80,33,113
50,75,125
94,21,115
72,57,129
38,83,121
48,55,103
33,95,128
67,20,87
47,95,142
60,74,134
53,36,89
85,94,179
49,51,100
23,35,58
28,68,96
75,57,132
82,32,114
46,20,66
32,58,90
16,59,75
56,80,136
20,7,27
84,31,115
81,90,171
49,79,128
49,49,98
35,43,78
31,50,81
35,37,72
30,32,62
94,83,177
37,19,56
71,35,106
97,85,182
68,72,140
38,26,64
58,59,117
50,27,77
20,11,31
27,23,50
22,7,29
42,87,129
89,62,151
21,87,108
14,40,54
85,27,112
30,97,127
92,84,176
8,9,17
98,68,166
61,69,130
37,7,44
34,40,74
66,16,82
53,60,113
62,25,87
22,58,80
35,39,74
46,69,115
56,19,75
10,96,106
39,50,89
57,85,142
16,57,73
55,79,134
98,57,155
23,78,101
99,79,178
10,51,61
61,76,137
17,20,37
18,80,98
64,79,143
99,64,163
24,47,71
92,62,154
71,42,113
32,30,62
58,92,150
95,55,150
93,73,166
41,27,68
93,86,179
54,77,131
73,59,132
43,66,109
71,88,159
21,99,120
18,76,94
77,40,117
7,78,85
62,23,85
57,83,140
24,41,65
31,64,95
85,63,148
62,18,80
36,28,64
82,54,136
7,13,20
16,61,77
9,42,51
31,30,61
93,37,130
19,12,31
56,60,116
93,55,148
37,48,85
22,34,56
51,92,143
22,95,117
13,35,48
57,31,88
25,28,53
92,25,117
54,39,93
21,18,39
77,69,146
54,65,119
83,48,131
22,40,62
90,72,162
47,8,55
24,99,123
27,94,121
97,15,112
77,17,94
52,51,103
99,64,163
52,52,104
76,23,99
66,86,152
42,28,70
33,40,73
89,54,143
63,73,136
31,45,76
67,16,83
89,74,163
67,25,92
24,30,54
90,26,116
28,17,45
56,85,141
28,52,80
91,70,161
58,18,76
49,68,117
95,62,157
75,59,134
87,22,109
96,85,181
36,23,59
62,11,73
81,59,140
54,73,127
51,8,59
59,65,124
61,28,89
39,18,57
14,71,85
87,90,177
70,61,131
51,13,64
99,68,167
63,66,129
33,21,54
88,84,172
22,18,40
66,84,150
97,84,181
55,84,139
10,37,47
52,84,136
71,49,120
46,13,59
25,36,61
35,62,97
83,79,162
33,73,106
58,27,85
21,19,40
42,90,132
75,24,99
32,86,118
86,44,130
80,27,107
100,44,144
94,100,194
49,69,118
37,47,84
30,29,59
74,67,141
99,24,123
37,41,78
36,70,106
18,37,55
62,48,110
11,36,47
68,37,105
87,46,133
34,75,109
61,10,71
35,18,53
30,56,86
14,88,102
83,23,106
25,73,98
74,23,97
97,19,116
68,100,168
14,31,45
69,81,150
46,38,84
44,21,65
91,11,102
78,21,99
60,81,141
94,52,146
28,25,53
44,97,141
98,46,144
50,92,142
28,90,118
43,38,81
37,38,75
41,84,125
23,64,87
38,50,88
16,19,35
97,45,142
81,24,105
24,11,35
10,64,74
13,64,77
79,73,152
27,12,39
44,22,66
27,61,88
58,73,131
28,26,54
66,93,159
64,40,104
45,29,74
51,28,79
34,39,73
82,95,177
78,65,143
28,36,64
82,12,94
10,74,84
44,94,138
33,87,120
48,16,64
47,53,100
20,30,50
77,26,103
94,48,142
83,51,134
76,73,149
40,33,73
71,13,84
92,23,115
19,61,80
27,53,80
15,44,59
88,50,138
86,18,104
34,55,89
18,100,118
25,79,104
57,23,80
89,56,145
24,52,76
75,56,131
99,92,191
64,44,108
46,42,88
8,50,58
100,11,111
48,67,115
48,52,100
92,80,172
43,83,126
29,18,47
64,75,139
99,47,146
83,40,123
90,41,131
10,51,61
9,65,74
68,41,109
90,98,188
66,88,154
32,44,76
41,23,64
53,59,112
52,60,112
12,95,107
16,83,99
15,17,32
47,86,133
32,31,63
88,24,112
23,79,102
79,26,105
55,24,79
14,8,22
70,84,154
50,55,105
84,88,172
85,63,148
58,65,123
79,64,143
15,45,60
76,52,128
67,61,128
44,20,64
60,65,125
12,93,105
48,45,93
79,95,174
86,44,130
30,83,113
28,26,54
86,11,97
37,74,111
88,35,123
28,37,65
54,48,102
45,25,70
49,62,111
56,19,75
27,99,126
51,8,59
75,35,110
61,87,148
31,74,105
25,61,86
14,57,71
72,39,111
85,24,109
27,69,96
76,16,92
84,35,119
16,43,59
78,74,152
84,35,119
43,72,115
64,48,112
41,33,74
34,31,65
24,9,33
33,31,64
40,85,125
18,96,114
62,10,72
81,11,92
42,99,141
19,17,36
27,48,75
13,83,96
62,62,124
67,20,87
9,77,86
75,30,105
55,98,153
36,97,133
46,73,119
95,51,146
65,35,100
27,91,118
78,92,170
70,79,149
84,64,148
46,74,120
70,47,117
51,25,76
33,47,80
54,9,63
70,99,169
21,51,72
83,25,108
34,29,63
38,87,125
59,35,94
71,57,128
10,49,59
50,87,137
11,82,93
58,27,85
80,33,113
22,67,89
68,87,155
37,53,90
13,51,64
91,85,176
20,27,47
50,20,70
27,48,75
16,19,35
51,57,108
26,67,93
55,32,87
71,57,128
35,63,98
67,59,126
24,58,82
87,58,145
39,25,64
85,83,168
76,69,145
60,97,157
39,23,62
92,21,113
10,17,27
88,96,184
18,86,104
86,30,116
28,36,64
18,45,63
77,19,96
14,91,105
50,78,128
15,10,25
21,8,29
61,49,110
30,62,92
94,92,186
26,80,106
89,92,181
100,18,118
49,25,74
15,62,77
40,77,117
79,68,147
65,80,145
74,93,167
61,54,115
36,98,134
43,34,77
30,28,58
68,26,94
68,80,148
55,29,84
79,81,160
85,28,113
75,35,110
11,92,103
13,70,83
92,25,117
94,60,154
64,17,81
100,44,144
84,60,144
87,95,182
91,36,127
34,60,94
39,89,128
8,34,42
9,54,63
75,67,142
61,97,158
94,37,131
97,49,146
34,98,132
24,44,68
26,88,114
53,39,92
26,89,115
93,64,157
22,82,104
19,72,91
85,34,119
86,38,124
14,14,28
26,72,98
56,44,100
78,97,175
76,93,169
21,80,101
78,55,133
85,73,158
66,96,162
64,35,99
75,89,164
27,19,46
56,81,137
48,85,133
71,44,115
37,76,113
77,10,87
35,29,64
56,57,113
94,85,179
86,36,122
26,19,45
38,41,79
81,18,99
73,79,152
44,59,103
28,18,46
24,70,94
70,20,90
74,82,156
73,93,166
75,38,113
50,72,122
26,68,94
94,54,148
73,85,158
95,15,110
55,85,140
82,27,109
61,86,147
38,68,106
71,23,94
79,47,126
37,46,83
58,80,138
9,99,108
22,74,96
54,71,125
56,88,144
78,19,97
60,81,141
8,11,19
95,39,134
26,85,111
9,65,74
23,22,45
18,20,38
43,75,118
50,96,146
58,78,136
61,38,99
78,22,100
37,31,68
67,50,117
32,64,96
28,50,78
50,85,135
16,63,79
39,98,137
56,40,96
82,73,155
45,68,113
96,73,169
83,52,135
64,78,142
74,82,156
19,94,113
100,89,189
45,66,111
13,81,94
84,31,115
71,45,116
81,13,94
98,91,189
11,88,99
35,34,69
68,85,153
47,25,72
34,94,128
56,28,84
82,19,101
49,25,74
49,19,68
95,10,105
87,89,176
62,63,125
89,97,186
66,18,84
97,48,145
25,74,99
48,67,115
14,26,40
79,51,130
64,24,88
79,16,95
64,83,147
22,79,101
61,10,71
9,72,81
17,30,47
22,70,92
14,78,92
61,92,153
32,19,51
90,24,114
17,67,84
79,72,151
80,79,159
37,86,123
98,51,149
7,21,28
97,18,115
41,59,100
13,36,49
64,89,153
34,29,63
27,33,60
50,26,76
8,11,19
9,100,109
29,18,47
88,29,117
41,54,95
76,37,113
71,73,144
53,65,118
36,100,136
72,51,123
58,83,141
35,88,123
80,9,89
92,96,188
75,85,160
21,46,67
41,36,77
36,80,116
88,84,172
47,10,57
15,51,66
99,88,187
73,17,90
37,8,45
50,58,108
14,56,70
53,46,99
80,87,167
11,53,64
26,99,125
82,58,140
85,81,166
21,91,112
56,68,124
36,20,56
19,67,86
38,42,80
89,50,139
12,71,83
48,65,113
62,30,92
92,19,111
18,51,69
75,89,164
59,97,156
47,9,56
47,27,74
70,78,148
88,50,138
54,35,89
89,27,116
69,20,89
44,53,97
83,35,118
61,53,114
100,81,181
68,19,87
40,27,67
95,71,166
67,65,132
61,31,92
52,21,73
19,29,48
44,21,65
67,52,119
70,69,139
39,93,132
77,50,127
57,47,104
62,25,87
21,11,32
46,72,118
57,36,93
25,11,36
14,97,111
63,57,120
23,48,71
21,23,44
28,47,75
11,80,91
67,67,134
86,83,169
12,48,60
22,17,39
91,65,156
9,59,68
12,92,104
30,41,71
54,69,123
98,99,197
28,37,65
59,18,77
85,12,97
95,50,145
95,99,194
26,22,48
73,87,160
82,49,131
7,41,48
59,20,79
63,37,100
8,85,93
40,73,113
37,67,104
16,20,36
64,22,86
37,7,44
32,44,76
43,78,121
30,96,126
22,76,98
26,34,60
100,86,186
98,84,182
33,19,52
54,36,90
64,77,141
77,28,105
19,12,31
44,95,139
42,78,120
19,70,89
48,62,110
58,74,132
70,9,79
44,60,104
76,32,108
70,13,83
100,17,117
78,29,107
95,57,152
16,21,37
44,60,104
91,83,174
93,18,111
78,85,163
41,33,74
87,19,106
37,62,99
57,91,148
70,100,170
26,7,33
42,8,50
45,87,132
88,58,146
96,23,119
33,70,103
45,98,143
68,88,156
8,92,100
73,75,148
21,46,67
43,11,54
8,40,48
90,8,98
16,25,41
16,64,80
43,75,118
84,23,107
59,88,147
100,82,182
16,38,54
12,92,104
72,100,172
34,64,98
64,15,79
86,59,145
29,71,100
37,40,77
83,72,155
60,39,99
98,49,147
99,26,125
26,35,61
46,95,141
91,16,107
21,8,29
28,32,60
51,81,132
86,84,170
96,46,142
40,7,47
38,58,96
94,17,111
20,96,116
98,46,144
62,37,99
47,54,101
97,24,121
42,84,126
64,21,85
35,67,102
12,80,92
82,92,174
7,94,101
9,99,108
40,52,92
80,58,138
7,34,41
24,59,83
69,71,140
63,37,100
74,15,89
8,38,46
41,40,81
27,74,101
38,53,91
14,95,109
64,14,78
19,34,53
95,58,153
100,10,110
76,11,87
8,11,19
76,55,131
96,82,178
57,24,81
95,24,119
12,97,109
67,24,91
96,84,180
49,82,131
86,23,109
64,42,106
33,23,56
48,11,59
30,84,114
42,76,118
79,96,175
52,44,96
13,95,108
19,38,57
82,33,115
78,62,140
11,76,87
78,16,94
40,52,92
32,38,70
84,74,158
91,10,101
82,93,175
39,81,120
39,45,84
48,76,124
52,24,76
17,35,52
90,18,108
52,10,62
18,84,102
64,79,143
84,49,133
39,78,117
17,70,87
16,73,89
63,68,131
49,34,83
46,43,89
23,20,43
79,51,130
91,42,133
69,33,102
54,49,103
34,99,133
12,97,109
10,99,109
76,59,135
17,33,50
97,17,114
50,30,80
54,48,102
60,7,67
35,85,120
52,12,64
91,21,112
77,63,140
56,94,150
46,58,104
73,33,106
92,21,113
22,80,102
52,88,140
45,95,140
12,76,88
80,25,105
87,14,101
36,99,135
51,76,127
94,72,166
70,8,78
43,38,81
39,17,56
47,34,81
69,78,147
28,72,100
56,68,124
43,67,110
54,41,95
100,79,179
49,63,112
83,95,178
55,68,123
29,70,99
31,7,38
97,93,190
50,96,146
92,18,110
89,21,110
45,12,57
15,55,70
21,69,90
43,15,58
46,75,121
44,52,96
27,26,53
82,19,101
86,16,102
14,69,83
21,77,98
97,90,187
92,63,155
41,13,54
50,61,111
29,71,100
26,78,104
53,17,70
67,74,141
56,73,129
41,12,53
33,17,50
36,79,115
99,31,130
57,50,107
49,8,57
59,23,82
68,99,167
83,98,181
51,49,100
85,94,179
13,48,61
21,19,40
43,90,133
89,20,109
89,12,101
75,48,123
60,81,141
10,96,106
16,33,49
8,48,56
28,50,78
78,94,172
14,92,106
13,10,23
58,54,112
43,62,105
11,90,101
55,57,112
25,54,79
37,7,44
10,8,18
85,77,162
82,11,93
44,99,143
83,82,165
55,96,151
12,73,85
45,29,74
69,96,165
8,94,102
85,58,143
35,52,87
25,51,76
41,99,140
20,37,57
96,71,167
92,14,106
9,18,27
73,86,159
61,40,101
91,19,110
37,90,127
26,69,95
86,20,106
27,69,96
60,89,149
93,46,139
53,13,66
56,47,103
54,98,152
7,36,43
43,69,112
9,91,100
84,50,134
86,54,140
88,64,152
14,100,114
27,87,114
8,30,38
71,49,120
87,60,147
33,9,42
13,30,43
38,27,65
55,8,63
58,38,96
7,98,105
12,25,37
75,26,101
77,20,97
94,52,146
57,81,138
17,69,86
63,81,144
52,47,99
30,26,56
29,69,98
64,48,112
85,89,174
27,55,82
46,84,130
35,61,96
66,45,111
85,73,158
33,64,97
19,41,60
63,91,154
34,11,45
12,98,110
31,72,103
87,94,181
37,77,114
81,66,147
9,67,76
11,24,35
20,82,102
42,81,123
70,88,158
73,37,110
27,70,97
34,84,118
42,94,136
72,36,108
92,29,121
96,82,178
62,9,71
86,85,171
87,59,146
48,78,126
69,100,169
75,37,112
12,39,51
14,30,44
90,15,105
69,100,169
48,38,86
35,53,88
67,55,122
16,8,24
36,43,79
99,63,162
66,66,132
33,24,57
94,76,170
50,83,133
50,71,121
88,15,103
27,51,78
52,18,70
82,21,103
88,51,139
97,69,166
88,7,95
73,73,146
73,50,123
34,57,91
72,96,168
42,87,129
81,72,153
34,16,50
46,89,135
94,15,109
16,93,109
82,10,92
28,58,86
84,35,119
62,83,145
20,28,48
43,99,142
56,35,91
64,84,148
61,55,116
37,38,75
62,69,131
80,100,180
8,29,37
68,47,115
78,16,94
18,54,72
91,84,175
46,51,97
7,29,36
45,80,125
77,20,97
53,79,132
97,57,154
90,36,126
87,18,105
95,56,151
24,99,123
22,55,77
51,47,98
84,34,118
99,23,122
36,19,55
19,63,82
66,56,122
34,43,77
42,24,66
97,100,197
38,30,68
26,50,76
45,15,60
73,88,161
12,98,110
83,91,174
20,72,92
56,12,68
86,88,174
84,99,183
76,31,107
98,11,109
66,23,89
21,38,59
8,45,53
94,96,190
24,65,89
48,88,136
31,52,83
33,59,92
50,81,131
57,51,108
37,94,131
87,70,157
21,90,111
97,28,125
76,17,93
20,22,42
43,56,99
7,16,23
74,8,82
41,18,59
21,38,59
16,73,89
31,47,78
81,95,176
63,14,77
11,64,75
73,71,144
79,70,149
40,29,69
30,42,72
8,45,53
40,87,127
76,46,122
78,12,90
82,40,122
98,95,193
67,48,115
35,41,76
35,49,84
42,44,86
46,10,56
80,24,104
42,74,116
79,94,173
62,57,119
34,84,118
43,23,66
30,45,75
94,23,117
11,64,75
49,39,88
58,59,117
92,14,106
40,56,96
88,50,138
12,19,31
62,91,153
88,44,132
67,16,83
86,34,120
75,87,162
14,56,70
10,72,82
31,10,41
7,80,87
66,71,137
31,34,65
89,40,129
23,18,41
90,46,136
17,96,113
83,100,183
29,88,117
19,99,118
68,39,107
44,66,110
55,65,120
63,17,80
61,54,115
18,73,91
25,82,107
33,87,120
40,41,81
61,72,133
21,65,86
57,100,157
56,18,74
24,78,102
37,22,59
57,54,111
26,36,62
8,95,103
65,44,109
38,98,136
95,74,169
59,54,113
25,57,82
77,84,161
54,51,105
44,94,138
25,98,123
17,92,109
8,87,95
51,59,110
44,83,127
42,38,80
29,99,128
30,84,114
32,97,129
69,58,127
12,85,97
21,35,56
64,10,74
24,93,117
65,32,97
55,33,88
90,12,102
71,18,89
8,12,20
94,8,102
26,73,99
85,35,120
94,74,168
10,66,76
53,14,67
57,80,137
96,21,117
78,60,138
21,46,67
46,59,105
25,24,49
77,23,100
85,83,168
84,26,110
20,42,62
20,12,32
97,48,145
19,63,82
16,19,35
89,90,179
73,11,84
84,27,111
84,23,107
84,62,146
40,31,71
85,49,134
15,59,74
62,59,121
23,72,95
18,84,102
13,16,29
63,68,131
99,69,168
30,13,43
10,84,94
29,58,87
70,63,133
93,77,170
82,40,122
10,25,35
25,69,94
98,53,151
23,31,54
53,63,116
59,95,154
89,19,108
85,18,103
43,76,119
83,64,147
40,38,78
13,41,54
92,54,146
20,78,98
71,18,89
59,37,96
75,34,109
35,67,102
23,73,96
16,36,52
84,30,114
85,34,119
92,77,169
27,99,126
93,55,148
55,67,122
13,72,85
21,28,49
43,47,90
9,96,105
93,55,148
59,27,86
18,63,81
51,93,144
99,46,145
44,65,109
100,58,158
75,64,139
47,34,81
46,86,132
92,74,166
80,84,164
77,46,123
15,23,38
24,95,119
61,67,128
85,36,121
17,96,113
89,16,105
25,94,119
70,8,78
65,77,142
96,42,138
13,30,43
39,52,91
45,23,68
43,13,56
33,46,79
56,87,143
42,95,137
98,15,113
67,16,83
87,72,159
41,50,91
90,47,137
70,87,157
81,91,172
78,45,123
21,96,117
75,45,120
7,13,20
13,30,43
27,82,109
93,17,110
76,62,138
80,72,152
47,37,84
57,54,111
80,35,115
51,9,60
77,77,154
73,14,87
88,76,164
43,23,66
65,81,146
35,19,54
9,33,42
86,93,179
71,18,89
39,71,110
35,42,77
76,27,103
83,71,154
48,100,148
83,13,96
56,51,107
63,78,141
24,14,38
48,8,56
34,28,62
75,46,121
39,49,88
95,10,105
29,60,89
64,55,119
47,78,125
17,57,74
96,83,179
89,95,184
15,43,58
43,35,78
38,9,47
56,38,94
49,77,126
52,10,62
16,45,61
39,42,81
7,99,106
13,46,59
8,89,97
12,28,40
96,16,112
14,92,106
82,88,170
88,14,102
39,63,102
17,59,76
17,97,114
13,49,62
43,95,138
95,98,193
34,64,98
7,91,98
85,40,125
71,97,168
69,80,149
29,25,54
17,45,62
100,22,122
18,43,61
72,24,96
67,32,99
45,9,54
44,9,53
30,25,55
88,71,159
21,99,120
32,97,129
76,25,101
85,89,174
58,28,86
88,90,178
69,37,106
62,58,120
42,73,115
85,24,109
46,32,78
86,83,169
36,45,81
98,75,173
40,58,98
33,67,100
89,54,143
38,79,117
83,20,103
66,93,159
12,76,88
95,59,154
13,44,57
10,83,93
73,23,96
89,12,101
51,46,97
80,95,175
44,43,87
54,76,130
73,27,100
45,82,127
100,53,153
92,66,158
51,80,131
9,42,51
66,58,124
65,85,150
56,33,89
99,95,194
38,34,72
82,41,123
92,90,182
60,19,79
66,7,73
16,49,65
85,23,108
96,61,157
36,56,92
56,9,65
85,27,112
34,97,131
12,53,65
64,74,138
58,36,94
29,86,115
49,19,68
58,87,145
89,48,137
24,92,116
38,82,120
35,14,49
97,17,114
41,59,100
82,31,113
15,52,67
23,47,70
21,44,65
40,99,139
88,81,169
53,28,81
18,22,40
41,10,51
48,88,136
63,88,151
93,30,123
100,47,147
16,46,62
20,12,32
59,24,83
43,18,61
32,71,103
56,55,111
18,12,30
67,17,84
41,49,90
7,8,15
60,59,119
93,85,178
8,69,77
92,80,172
55,34,89
63,89,152
59,52,111
63,47,110
66,34,100
34,91,125
64,97,161
70,33,103
75,60,135
30,37,67
20,33,53
88,92,180
87,84,171
45,13,58
40,80,120
8,76,84
72,31,103
45,92,137
21,76,97
57,22,79
41,29,70
49,11,60
96,67,163
38,98,136
88,38,126
44,75,119
70,15,85
61,42,103
22,81,103
22,25,47
81,56,137
27,34,61
69,64,133
23,81,104
33,50,83
53,97,150
59,7,66
87,58,145
61,33,94
75,48,123
84,76,160
52,75,127
22,80,102
85,18,103
86,37,123
33,63,96
20,64,84
17,22,39
98,88,186
95,17,112
22,63,85
7,71,78
41,64,105
48,74,122
43,64,107
12,89,101
91,24,115
10,35,45
97,24,121
19,71,90
50,85,135
90,11,101
33,15,48
26,30,56
55,32,87
8,90,98
65,34,99
64,59,123
22,48,70
78,26,104
62,36,98
65,43,108
84,64,148
63,57,120
60,24,84
97,12,109
98,81,179
46,24,70
37,69,106
28,91,119
10,36,46
51,32,83
99,86,185
27,58,85
24,81,105
66,35,101
55,27,82
57,64,121
50,17,67
96,74,170
78,83,161
24,7,31
73,64,137
90,78,168
45,55,100
86,13,99
84,79,163
94,40,134
38,92,130
19,48,67
56,19,75
85,43,128
35,62,97
67,60,127
95,71,166
27,66,93
29,65,94
44,91,135
91,30,121
98,37,135
78,93,171
52,24,76
55,50,105
53,32,85
40,13,53
36,13,49
77,25,102
43,95,138
78,90,168
14,45,59
79,30,109
86,74,160
60,7,67
43,42,85
79,58,137
39,9,48
58,45,103
75,44,119
94,42,136
75,79,154
64,95,159
24,88,112
56,18,74
58,65,123
21,50,71
8,73,81
75,70,145
21,22,43
70,35,105
78,66,144
77,52,129
79,13,92
50,42,92
62,95,157
38,68,106
90,23,113
59,52,111
95,67,162
49,29,78
26,84,110
35,87,122
52,41,93
99,10,109
25,83,108
78,15,93
32,11,43
19,47,66
29,24,53
99,35,134
22,31,53
79,60,139
77,65,142
92,25,117
94,58,152
42,10,52
21,22,43
94,45,139
84,68,152
16,42,58
67,15,82
15,34,49
70,41,111
42,94,136
16,48,64
12,71,83
24,22,46
7,13,20
32,91,123
23,82,105
80,62,142
30,84,114
28,90,118
54,42,96
18,54,72
69,80,149
85,84,169
37,48,85
53,37,90
46,17,63
26,11,37
27,10,37
83,41,124
38,70,108
94,11,105
52,8,60
41,65,106
16,39,55
42,28,70
72,21,93
54,45,99
53,69,122
21,29,50
92,83,175
71,14,85
81,40,121
15,82,97
36,47,83
14,11,25
9,23,32
55,65,120
41,14,55
85,83,168
29,65,94
61,66,127
70,77,147
44,45,89
18,40,58
57,54,111
58,23,81
50,15,65
40,46,86
73,44,117
84,45,129
8,16,24
53,27,80
99,98,197
83,91,174
60,85,145
63,61,124
50,34,84
13,68,81
75,44,119
60,78,138
95,20,115
74,47,121
49,97,146
40,91,131
39,7,46
18,53,71
57,99,156
16,96,112
75,35,110
57,99,156
31,37,68
99,33,132
70,8,78
9,88,97
59,90,149
24,76,100
56,68,124
63,42,105
47,92,139
84,41,125
7,30,37
28,38,66
91,71,162
34,20,54
18,69,87
15,69,84
44,15,59
96,12,108
41,16,57
94,77,171
38,62,100
86,92,178
13,88,101
47,83,130
8,7,15
91,98,189
33,82,115
97,87,184
40,64,104
86,69,155
78,39,117
89,63,152
20,70,90
83,18,101
48,23,71
12,14,26
97,71,168
77,29,106
17,88,105
82,10,92
27,25,52
37,36,73
83,59,142
99,49,148
100,29,129
99,38,137
49,81,130
98,25,123
46,51,97
37,100,137
34,82,116
32,80,112
36,81,117
79,96,175
72,35,107
20,67,87
40,78,118
45,78,123
59,28,87
34,100,134
40,63,103
43,11,54
69,21,90
75,54,129
8,55,63
20,46,66
22,90,112
52,9,61
32,53,85
28,16,44
84,40,124
57,46,103
80,41,121
52,14,66
24,53,77
92,87,179
7,29,36
14,9,23
88,91,179
24,79,103
19,90,109
43,62,105
54,48,102
28,47,75
96,73,169
23,75,98
42,88,130
24,48,72
8,53,61
63,7,70
54,28,82
22,75,97
28,18,46
91,31,122
90,94,184
17,91,108
40,36,76
82,23,105
85,42,127
55,48,103
75,17,92
54,77,131
95,49,144
26,47,73
50,44,94
20,56,76
28,88,116
92,60,152
83,98,181
48,96,144
20,29,49
30,25,55
67,80,147
56,74,130
97,83,180
35,93,128
33,41,74
98,70,168
25,69,94
62,55,117
81,47,128
51,58,109
95,21,116
36,14,50
86,7,93
79,20,99
45,35,80
46,60,106
15,83,98
51,79,130
85,53,138
80,60,140
81,100,181
81,69,150
60,52,112
100,76,176
44,76,120
33,45,78
74,50,124
24,32,56
32,90,122
18,33,51
95,13,108
9,52,61
83,88,171
37,75,112
56,8,64
64,20,84
55,42,97
68,31,99
11,61,72
88,63,151
7,50,57
22,59,81
11,87,98
9,45,54
13,45,58
39,54,93
72,98,170
94,10,104
39,90,129
44,24,68
20,88,108
78,55,133
34,13,47
21,96,117
59,23,82
98,51,149
61,14,75
62,68,130
55,43,98
41,49,90
47,31,78
38,35,73
43,15,58
94,72,166
76,79,155
30,44,74
38,14,52
9,82,91
47,62,109
10,76,86
19,72,91
86,19,105
52,43,95
8,28,36
87,29,116
97,49,146
72,22,94
52,13,65
85,79,164
8,74,82
27,51,78
32,92,124
100,61,161
41,89,130
60,70,130
92,84,176
36,51,87
65,68,133
44,47,91
91,62,153
88,20,108
21,75,96
53,20,73
68,93,161
46,32,78
52,31,83
47,18,65
11,12,23
74,44,118
78,59,137
70,7,77
11,12,23
81,83,164
41,70,111
75,84,159
68,100,168
60,23,83
82,53,135
99,42,141
19,31,50
14,92,106
95,97,192
88,53,141
92,50,142
53,84,137
44,77,121
9,62,71
92,61,153
35,76,111
88,81,169
9,74,83
55,20,75
45,10,55
22,96,118
84,74,158
56,81,137
37,21,58
80,95,175
11,26,37
13,77,90
15,84,99
63,45,108
74,36,110
99,58,157
49,39,88
93,78,171
93,54,147
33,30,63
15,81,96
90,29,119
29,51,80
30,14,44
94,30,124
23,82,105
67,13,80
79,60,139
92,65,157
87,79,166
18,87,105
95,87,182
16,38,54
49,86,135
39,74,113
91,80,171
92,41,133
41,80,121
80,81,161
54,18,72
42,22,64
35,29,64
80,82,162
98,43,141
11,25,36
28,64,92
22,28,50
57,18,75
45,92,137
92,59,151
14,27,41
23,88,111
69,63,132
56,14,70
43,81,124
66,38,104
34,84,118
88,86,174
83,64,147
44,25,69
44,36,80
19,8,27
52,63,115
90,63,153
41,14,55
81,29,110
37,88,125
50,36,86
83,26,109
91,36,127
91,41,132
93,89,182
82,48,130
32,18,50
36,63,99
68,17,85
14,11,25
14,80,94
63,53,116
51,63,114
44,66,110
81,48,129
29,99,128
96,49,145
73,65,138
57,75,132
46,75,121
89,22,111
8,65,73
87,97,184
50,33,83
35,20,55
21,33,54
7,23,30
86,87,173
77,83,160
90,98,188
22,26,48
30,56,86
91,16,107
29,30,59
30,31,61
12,51,63
19,36,55
68,49,117
100,57,157
16,76,92
100,93,193
58,33,91
81,84,165
20,79,99
35,96,131
68,54,122
13,49,62
85,88,173
61,61,122
59,64,123
57,65,122
90,64,154
68,98,166
47,76,123
24,9,33
66,87,153
38,18,56
100,14,114
68,85,153
93,90,183
55,35,90
44,97,141
41,21,62
80,23,103
59,63,122
19,65,84
45,38,83
34,49,83
74,36,110
75,40,115
94,23,117
37,16,53
99,99,198
46,18,64
57,70,127
81,71,152
81,81,162
30,75,105
52,43,95
47,65,112
40,95,135
28,77,105
98,31,129
21,82,103
35,69,104
95,23,118
57,18,75
95,9,104
71,27,98
36,90,126
78,19,97
58,27,85
80,31,111
82,79,161
80,25,105
97,98,195
40,64,104
74,21,95
40,22,62
86,14,100
28,28,56
17,19,36
69,52,121
32,91,123
10,60,70
62,45,107
78,78,156
18,17,35
59,93,152
19,62,81
12,91,103
52,8,60
30,12,42
28,19,47
85,42,127
67,70,137
100,48,148
84,31,115
66,20,86
22,97,119
61,86,147
13,26,39
15,20,35
15,68,83
10,93,103
55,18,73
50,71,121
93,65,158
25,98,123
16,21,37
100,57,157
72,50,122
43,32,75
78,60,138
91,59,150
91,24,115
36,94,130
85,46,131
41,8,49
45,83,128
17,63,80
11,33,44
23,72,95
84,18,102
91,26,117
23,9,32
39,69,108
88,18,106
31,30,61
48,89,137
77,98,175
37,72,109
11,58,69
37,53,90
32,66,98
53,82,135
70,76,146
23,28,51
31,28,59
79,96,175
61,80,141
9,39,48
89,32,121
72,100,172
36,21,57
44,57,101
87,50,137
29,56,85
22,66,88
60,90,150
68,66,134
33,43,76
82,24,106
98,40,138
39,75,114
100,60,160
34,48,82
17,74,91
41,43,84
33,23,56
58,23,81
51,91,142
29,27,56
38,35,73
13,16,29
48,74,122
88,44,132
95,47,142
37,37,74
95,19,114
98,82,180
8,88,96
43,61,104
80,72,152
70,73,143
88,52,140
64,92,156
60,80,140
39,78,117
70,64,134
83,32,115
30,23,53
39,55,94
67,77,144
27,70,97
38,42,80
7,30,37
51,68,119
80,72,152
25,35,60
38,31,69
87,86,173
98,16,114
34,49,83
51,26,77
87,15,102
98,94,192
88,30,118
76,51,127
75,77,152
68,63,131
53,27,80
37,42,79
14,75,89
9,20,29
85,16,101
91,99,190
91,99,190
96,37,133
14,77,91
74,29,103
70,16,86
92,97,189
76,47,123
69,70,139
81,41,122
8,15,23
59,18,77
29,87,116
43,94,137
68,76,144
90,14,104
26,82,108
28,60,88
94,100,194
45,58,103
78,75,153
43,28,71
55,15,70
13,23,36
59,44,103
52,27,79
91,44,135
66,59,125
18,23,41
98,22,120
40,12,52
74,9,83
71,59,130
41,9,50
86,20,106
76,72,148
21,52,73
34,64,98
100,12,112
96,76,172
21,76,97
73,29,102
64,92,156
50,39,89
56,13,69
49,20,69
37,24,61
72,15,87
87,96,183
72,24,96
79,69,148
7,75,82
55,15,70
96,66,162
62,77,139
89,52,141
8,66,74
33,38,71
73,88,161
100,17,117
41,22,63
64,25,89
15,53,68
30,15,45
86,80,166
60,28,88
69,33,102
51,73,124
70,48,118
95,15,110
23,95,118
76,11,87
75,98,173
35,87,122
88,7,95
55,65,120
40,68,108
89,72,161
16,14,30
98,43,141
72,19,91
67,34,101
75,47,122
55,76,131
48,45,93
44,88,132
64,89,153
99,8,107
23,93,116
48,71,119
63,17,80
94,50,144
50,34,84
79,79,158
26,95,121
63,92,155
43,7,50
64,63,127
45,83,128
51,93,144
57,27,84
31,65,96
94,93,187
71,10,81
69,86,155
78,20,98
46,75,121
46,99,145
21,97,118
43,53,96
37,37,74
78,61,139
77,59,136
25,25,50
25,84,109
80,41,121
58,39,97
83,89,172
26,53,79
94,90,184
40,10,50
63,52,115
39,58,97
80,15,95
84,41,125
93,53,146
31,67,98
12,24,36
51,41,92
79,22,101
88,17,105
29,52,81
84,32,116
48,66,114
67,69,136
20,66,86
51,86,137
86,93,179
25,95,120
35,81,116
77,91,168
30,97,127
64,41,105
56,98,154
13,72,85
93,28,121
68,34,102
41,45,86
16,13,29
77,60,137
85,28,113
86,58,144
7,98,105
62,59,121
38,65,103
40,21,61
44,13,57
11,60,71
51,68,119
20,94,114
28,79,107
72,23,95
97,24,121
64,95,159
98,57,155
90,22,112
44,13,57
47,46,93
30,76,106
27,33,60
36,22,58
44,43,87
68,63,131
61,64,125
32,15,47
94,76,170
39,85,124
20,73,93
15,84,99
38,40,78
73,26,99
60,65,125
83,38,121
82,27,109
62,47,109
54,98,152
67,99,166
16,60,76
100,76,176
67,29,96
18,87,105
66,59,125
54,14,68
69,31,100
61,20,81
65,45,110
60,63,123
16,81,97
75,79,154
85,66,151
58,29,87
20,43,63
60,10,70
9,57,66
64,38,102
17,42,59
30,9,39
33,22,55
26,62,88
28,78,106
24,64,88
48,28,76
54,31,85
94,40,134
8,90,98
61,53,114
89,60,149
83,31,114
7,36,43
91,60,151
95,45,140
79,79,158
30,48,78
12,41,53
89,88,177
10,44,54
12,14,26
36,14,50
35,37,72
77,45,122
10,14,24
23,25,48
14,41,55
15,33,48
99,21,120
41,15,56
30,9,39
34,69,103
33,79,112
84,54,138
91,36,127
42,66,108
82,81,163
66,65,131
67,32,99
14,18,32
65,30,95
15,78,93
22,41,63
85,90,175
100,76,176
81,31,112
8,100,108
75,16,91
20,60,80
93,42,135
47,76,123
68,10,78
65,68,133
46,97,143
91,49,140
53,7,60
62,9,71
38,31,69
13,8,21
51,34,85
70,43,113
85,33,118
100,7,107
88,49,137
17,89,106
71,76,147
31,52,83
65,37,102
64,15,79
18,94,112
56,48,104
10,78,88
39,94,133
22,97,119
11,91,102
37,20,57
49,83,132
21,24,45
58,53,111
99,100,199
97,81,178
39,35,74
66,26,92
72,13,85
70,95,165
82,18,100
63,52,115
79,83,162
38,15,53
82,24,106
42,25,67
16,58,74
78,84,162
59,51,110
76,9,85
28,40,68
35,61,96
17,19,36
55,20,75
33,60,93
66,63,129
17,96,113
20,69,89
60,24,84
77,92,169
23,45,68
12,19,31
75,18,93
70,81,151
47,10,57
59,42,101
85,43,128
87,39,126
61,13,74
91,19,110
32,48,80
97,15,112
43,97,140
95,91,186
31,83,114
80,40,120
86,13,99
61,13,74
76,37,113
18,87,105
81,14,95
84,22,106
31,56,87
16,75,91
40,7,47
75,55,130
81,50,131
79,59,138
82,90,172
87,17,104
84,20,104
53,84,137
12,75,87
16,91,107
69,64,133
64,24,88
75,88,163
59,91,150
89,61,150
55,14,69
74,66,140
40,93,133
50,95,145
62,35,97
64,40,104
76,31,107
30,38,68
34,44,78
30,37,67
78,12,90
54,61,115
84,62,146
67,34,101
17,99,116
22,44,66
12,38,50
94,15,109
48,69,117
34,17,51
44,19,63
67,40,107
83,30,113
28,45,73
19,58,77
76,35,111
80,73,153
77,98,175
66,78,144
28,78,106
67,14,81
65,57,122
23,91,114
59,45,104
16,55,71
52,41,93
30,100,130
76,89,165
50,27,77
71,89,160
36,34,70
71,38,109
70,9,79
96,48,144
72,80,152
40,38,78
28,77,105
7,86,93
23,46,69
84,76,160
46,20,66
79,80,159
39,8,47
20,30,50
83,16,99
8,17,25
28,81,109
26,81,107
42,73,115
47,52,99
91,30,121
24,16,40
21,88,109
100,68,168
80,19,99
100,54,154
93,76,169
32,9,41
46,29,75
97,12,109
16,84,100
64,30,94
11,56,67
87,43,130
14,97,111
34,70,104
48,69,117
73,16,89
64,12,76
83,92,175
26,9,35
33,30,63
77,76,153
32,76,108
48,23,71
24,44,68
27,33,60
88,53,141
83,61,144
28,15,43
78,85,163
74,94,168
81,55,136
34,83,117
46,20,66
56,74,130
55,12,67
13,86,99
23,71,94
64,78,142
65,91,156
60,34,94
30,52,82
33,29,62
66,91,157
92,29,121
54,73,127
79,10,89
97,84,181
20,25,45
71,69,140
55,92,147
23,93,116
46,72,118
62,49,111
28,36,64
13,51,64
48,43,91
23,53,76
27,14,41
22,7,29
63,83,146
19,22,41
39,90,129
99,89,188
76,57,133
90,96,186
96,29,125
91,73,164
31,20,51
34,86,120
85,96,181
100,90,190
9,46,55
80,15,95
26,79,105
52,75,127
37,65,102
15,72,87
84,48,132
38,97,135
71,46,117
51,30,81
75,31,106
19,66,85
45,91,136
61,40,101
65,56,121
55,98,153
12,60,72
82,29,111
40,45,85
41,35,76
34,69,103
31,62,93
69,63,132
73,56,129
10,77,87
82,63,145
23,76,99
7,10,17
92,48,140
40,13,53
19,84,103
70,46,116
55,18,73
24,92,116
62,40,102
21,89,110
38,16,54
82,9,91
40,74,114
49,36,85
39,15,54
32,20,52
75,38,113
57,97,154
63,36,99
61,82,143
56,43,99
40,48,88
21,70,91
36,45,81
10,40,50
29,57,86
54,87,141
25,54,79
18,86,104
64,67,131
50,78,128
48,31,79
95,93,188
34,43,77
58,22,80
60,19,79
8,25,33
30,26,56
81,9,90
47,23,70
99,90,189
83,76,159
28,29,57
18,12,30
53,81,134
54,96,150
22,13,35
12,77,89
53,25,78
76,41,117
69,88,157
79,79,158
47,51,98
56,97,153
83,36,119
66,37,103
51,90,141
25,62,87
74,19,93
43,72,115
36,78,114
74,49,123
74,20,94
38,86,124
77,25,102
23,28,51
100,56,156
70,7,77
19,70,89
44,79,123
62,64,126
84,40,124
80,21,101
93,88,181
42,16,58
53,77,130
87,64,151
85,9,94
82,55,137
18,17,35
76,79,155
44,71,115
59,93,152
60,89,149
26,90,116
78,82,160
15,32,47
29,91,120
25,56,81
19,80,99
69,47,116
75,15,90
73,40,113
84,35,119
58,96,154
94,25,119
56,52,108
73,14,87
36,44,80
81,47,128
42,32,74
98,41,139
20,97,117
34,98,132
24,25,49
66,57,123
83,67,150
63,43,106
15,8,23
64,16,80
84,98,182
52,11,63
81,93,174
60,57,117
72,13,85
27,44,71
30,34,64
82,88,170
81,10,91
68,62,130
22,21,43
20,87,107
42,49,91
93,20,113
96,7,103
86,60,146
62,62,124
73,35,108
93,37,130
91,49,140
37,11,48
92,88,180
50,12,62
9,57,66
44,63,107
38,100,138
50,44,94
40,30,70
71,70,141
43,30,73
17,34,51
98,75,173
83,25,108
48,31,79
55,40,95
92,48,140
29,47,76
91,40,131
80,45,125
64,85,149
30,48,78
9,40,49
90,84,174
12,78,90
46,43,89
78,37,115
91,76,167
58,33,91
37,54,91
94,82,176
87,100,187
49,49,98
88,30,118
43,31,74
58,88,146
87,56,143
53,71,124
100,13,113
49,22,71
33,52,85
93,27,120
60,82,142
68,23,91
76,18,94
7,58,65
81,12,93
79,7,86
93,69,162
38,74,112
35,75,110
28,49,77
98,15,113
72,95,167
59,26,85
53,76,129
50,97,147
64,72,136
31,64,95
39,87,126
23,40,63
87,16,103
98,31,129
25,39,64
67,99,166
58,41,99
18,87,105
43,61,104
31,90,121
9,50,59
67,74,141
23,41,64
96,28,124
59,52,111
56,8,64
83,51,134
28,50,78
35,42,77
16,30,46
71,38,109
82,88,170
95,37,132
95,36,131
20,74,94
54,88,142
42,62,104
59,32,91
72,92,164
18,85,103
43,8,51
62,40,102
28,65,93
80,34,114
20,10,30
90,72,162
99,41,140
95,22,117
97,66,163
56,25,81
33,14,47
64,36,100
63,41,104
69,69,138
22,89,111
31,36,67
61,27,88
35,88,123
21,51,72
50,30,80
33,9,42
30,8,38
13,42,55
36,39,75
36,19,55
76,83,159
14,43,57
75,22,97
46,72,118
20,71,91
100,32,132
62,66,128
47,18,65
9,51,60
42,12,54
37,76,113
87,9,96
53,74,127
27,73,100
42,13,55
26,19,45
44,12,56
17,22,39
43,56,99
38,18,56
98,89,187
86,16,102
68,91,159
46,65,111
57,54,111
58,8,66
7,34,41
43,79,122
40,64,104
66,7,73
19,21,40
89,49,138
78,53,131
9,25,34
53,74,127
58,52,110
36,62,98
85,37,122
24,86,110
74,23,97
89,38,127
17,55,72
69,27,96
58,51,109
79,94,173
42,49,91
51,24,75
60,87,147
9,61,70
99,70,169
41,27,68
37,67,104
50,43,93
12,89,101
89,60,149
85,25,110
39,93,132
49,38,87
78,100,178
82,13,95
68,82,150
77,40,117
57,75,132
88,88,176
19,29,48
73,42,115
11,17,28
35,73,108
74,20,94
20,27,47
69,92,161
79,90,169
63,63,126
73,69,142
37,21,58
89,12,101
32,16,48
89,85,174
87,12,99
50,55,105
87,49,136
31,100,131
59,40,99
44,40,84
58,96,154
27,67,94
31,93,124
61,42,103
27,90,117
59,24,83
54,62,116
19,96,115
49,87,136
27,29,56
54,50,104
25,89,114
70,7,77
73,87,160
59,92,151
27,8,35
98,89,187
66,26,92
82,31,113
28,65,93
37,10,47
27,50,77
42,27,69
98,98,196
47,45,92
98,98,196
27,60,87
38,38,76
9,16,25
83,96,179
93,89,182
69,82,151
74,13,87
22,39,61
9,52,61
54,57,111
27,22,49
11,67,78
28,35,63
63,37,100
66,95,161
51,44,95
71,55,126
38,11,49
49,58,107
19,59,78
77,78,155
33,71,104
49,45,94
21,34,55
63,58,121
69,81,150
20,98,118
23,85,108
90,41,131
7,73,80
75,11,86
32,58,90
60,99,159
48,7,55
50,72,122
71,74,145
95,21,116
92,45,137
95,54,149
83,71,154
63,36,99
52,36,88
62,18,80
76,89,165
93,73,166
47,94,141
69,23,92
22,59,81
97,45,142
52,22,74
70,30,100
97,97,194
93,36,129
49,40,89
85,94,179
61,74,135
31,55,86
25,75,100
33,75,108
23,42,65
95,64,159
80,18,98
83,70,153
31,94,125
12,80,92
76,15,91
26,23,49
93,96,189
13,25,38
32,55,87
64,54,118
79,87,166
9,88,97
24,48,72
50,90,140
69,52,121
61,7,68
82,9,91
34,96,130
36,31,67
65,65,130
13,29,42
12,60,72
24,51,75
38,23,61
51,55,106
54,25,79
95,99,194
32,82,114
85,91,176
81,9,90
81,75,156
44,11,55
7,56,63
88,52,140
27,12,39
56,99,155
99,62,161
47,15,62
86,16,102
61,82,143
93,48,141
98,24,122
37,33,70
40,73,113
88,57,145
70,41,111
96,12,108
75,83,158
63,97,160
98,46,144
89,86,175
42,40,82
85,93,178
76,28,104
56,55,111
30,52,82
89,82,171
18,77,95
85,66,151
43,95,138
58,50,108
39,74,113
38,46,84
34,40,74
43,58,101
16,41,57
75,19,94
57,45,102
41,39,80
83,25,108
60,44,104
45,65,110
27,42,69
55,18,73
83,81,164
77,10,87
74,100,174
74,37,111
17,95,112
58,27,85
83,88,171
13,32,45
79,97,176
87,44,131
90,25,115
11,95,106
16,26,42
30,49,79
40,82,122
81,90,171
11,22,33
64,98,162
19,96,115
15,92,107
65,68,133
44,86,130
97,24,121
89,9,98
22,38,60
43,34,77
37,45,82
94,66,160
55,59,114
41,40,81
62,34,96
54,53,107
18,54,72
11,58,69
9,46,55
55,31,86
31,97,128
40,75,115
83,30,113
68,99,167
46,10,56
26,90,116
50,13,63
21,26,47
48,32,80
93,35,128
68,87,155
46,50,96
15,42,57
8,34,42
22,30,52
60,59,119
54,43,97
71,19,90
94,68,162
41,91,132
20,66,86
80,14,94
62,11,73
13,74,87
83,68,151
59,24,83
30,77,107
55,100,155
39,9,48
70,16,86
78,8,86
45,74,119
93,95,188
85,34,119
52,93,145
19,22,41
16,31,47
79,69,148
78,13,91
22,39,61
91,8,99
49,80,129
57,49,106
59,73,132
49,90,139
12,25,37
14,77,91
20,82,102
66,82,148
17,11,28
42,100,142
31,47,78
51,18,69
28,64,92
36,93,129
12,33,45
71,92,163
93,86,179
53,8,61
63,8,71
64,68,132
90,95,185
29,41,70
46,98,144
56,91,147
37,71,108
8,14,22
83,59,142
68,22,90
31,50,81
74,11,85
68,93,161
60,65,125
26,15,41
38,81,119
21,21,42
22,45,67
58,96,154
20,59,79
39,45,84
58,32,90
63,48,111
36,79,115
28,63,91
78,73,151
81,19,100
80,48,128
43,33,76
39,95,134
7,92,99
70,12,82
38,27,65
75,59,134
66,45,111
55,72,127
74,58,132
56,21,77
76,13,89
98,20,118
49,43,92
29,100,129
59,67,126
41,39,80
75,28,103
68,75,143
29,59,88
38,45,83
57,53,110
100,75,175
10,75,85
48,99,147
49,91,140
70,33,103
66,13,79
26,95,121
85,60,145
73,82,155
63,85,148
29,87,116
91,30,121
93,21,114
85,76,161
51,43,94
33,89,122
89,68,157
28,58,86
68,71,139
80,54,134
50,60,110
85,77,162
23,25,48
91,93,184
52,85,137
64,48,112
34,67,101
41,93,134
74,85,159
56,21,77
87,95,182
88,58,146
68,7,75
39,47,86
10,45,55
98,84,182
8,89,97
70,90,160
92,79,171
20,28,48
73,57,130
20,94,114
79,88,167
28,21,49
46,22,68
33,36,69
9,34,43
87,31,118
26,77,103
43,84,127
44,35,79
67,96,163
62,49,111
73,70,143
86,96,182
88,41,129
91,80,171
11,39,50
42,52,94
64,26,90
80,47,127
32,63,95
18,41,59
50,48,98
72,94,166
49,71,120
13,18,31
96,12,108
100,60,160
88,61,149
64,100,164
68,20,88
54,87,141
91,81,172
90,36,126
35,73,108
19,59,78
30,16,46
32,20,52
28,27,55
58,31,89
75,43,118
79,64,143
32,27,59
90,59,149
54,73,127
39,88,127
45,66,111
27,77,104
33,43,76
46,17,63
43,44,87
28,87,115
92,62,154
78,39,117
44,13,57
16,39,55
54,16,70
59,34,93
15,16,31
31,63,94
61,57,118
64,96,160
33,89,122
80,96,176
89,60,149
49,30,79
89,50,139
25,84,109
51,91,142
56,11,67
32,81,113
22,33,55
38,25,63
71,57,128
41,94,135
59,9,68
96,90,186
99,57,156
45,89,134
68,80,148
43,30,73
95,59,154
40,85,125
47,61,108
25,36,61
96,23,119
14,66,80
29,58,87
100,36,136
22,74,96
61,38,99
82,75,157
12,92,104
54,71,125
31,39,70
76,59,135
80,15,95
97,49,146
77,21,98
13,52,65
73,51,124
83,71,154
64,73,137
32,67,99
11,59,70
94,87,181
44,10,54
29,11,40
41,37,78
29,76,105
11,98,109
60,32,92
83,18,101
84,86,170
61,23,84
97,13,110
53,69,122
40,36,76
26,20,46
88,38,126
41,90,131
100,17,117
28,57,85
69,17,86
90,43,133
51,83,134
35,81,116
65,28,93
70,7,77
17,54,71
20,59,79
93,29,122
85,21,106
70,45,115
81,56,137
72,22,94
58,77,135
19,70,89
34,47,81
16,51,67
10,96,106
8,30,38
16,51,67
73,61,134
29,99,128
55,33,88
68,50,118
36,97,133
43,56,99
64,51,115
64,85,149
97,13,110
13,65,78
49,83,132
45,49,94
25,47,72
80,15,95
30,95,125
68,92,160
98,45,143
26,51,77
84,37,121
62,96,158
50,66,116
84,14,98
65,52,117
86,25,111
67,58,125
72,36,108
31,69,100
88,31,119
53,89,142
42,23,65
83,35,118
42,49,91
39,36,75
65,17,82
38,54,92
81,46,127
62,50,112
19,82,101
100,14,114
56,95,151
85,37,122
77,99,176
74,89,163
22,31,53
24,73,97
43,38,81
50,75,125
89,42,131
99,82,181
74,92,166
94,99,193
23,11,34
81,78,159
52,62,114
84,83,167
60,43,103
18,63,81
52,42,94
90,14,104
71,21,92
63,17,80
67,38,105
42,28,70
69,8,77
17,66,83
34,71,105
61,81,142
41,43,84
97,68,165
38,82,120
88,51,139
43,47,90
63,90,153
84,93,177
42,53,95
38,90,128
82,14,96
55,56,111
64,71,135
53,51,104
65,85,150
26,53,79
76,69,145
11,43,54
99,95,194
78,75,153
25,40,65
57,45,102
35,57,92
45,77,122
31,73,104
45,26,71
77,44,121
28,62,90
41,29,70
8,13,21
51,19,70
96,39,135
98,88,186
49,63,112
93,88,181
90,58,148
78,23,101
7,74,81
93,72,165
50,22,72
96,92,188
68,72,140
66,7,73
97,62,159
85,68,153
7,80,87
17,99,116
68,47,115
63,80,143
82,30,112
48,92,140
66,21,87
29,68,97
34,22,56
88,10,98
24,97,121
77,86,163
59,60,119
75,50,125
9,30,39
68,83,151
32,48,80
55,58,113
93,57,150
41,71,112
68,19,87
19,14,33
42,29,71
80,82,162
69,51,120
59,38,97
81,100,181
17,13,30
46,85,131
42,47,89
97,72,169
58,78,136
60,67,127
86,75,161
80,26,106
26,84,110
34,35,69
56,31,87
97,37,134
22,47,69
100,41,141
76,27,103
42,45,87
64,74,138
58,70,128
78,73,151
32,72,104
23,13,36
58,77,135
87,93,180
28,55,83
32,56,88
26,9,35
59,57,116
21,27,48
12,66,78
53,33,86
95,49,144
84,11,95
22,7,29
45,45,90
32,43,75
14,43,57
75,32,107
22,52,74
36,46,82
20,62,82
100,22,122
95,19,114
59,41,100
77,22,99
67,91,158
25,21,46
72,34,106
35,21,56
56,76,132
11,19,30
100,52,152
61,66,127
93,60,153
63,62,125
22,61,83
78,8,86
67,99,166
12,10,22
76,43,119
32,81,113
64,8,72
43,71,114
13,35,48
76,73,149
60,55,115
42,78,120
88,7,95
58,84,142
92,55,147
23,77,100
32,89,121
83,13,96
61,83,144
93,68,161
89,10,99
95,96,191
60,94,154
32,12,44
29,53,82
91,12,103
42,66,108
58,30,88
93,75,168
19,8,27
90,52,142
36,31,67
15,9,24
78,61,139
48,58,106
27,13,40
18,30,48
47,55,102
29,36,65
55,12,67
46,51,97
93,36,129
19,47,66
58,54,112
52,12,64
63,47,110
50,14,64
70,20,90
52,24,76
25,33,58
36,49,85
15,9,24
57,33,90
41,28,69
62,49,111
34,74,108
66,49,115
33,82,115
89,99,188
82,84,166
81,31,112
62,7,69
92,18,110
20,45,65
68,98,166
45,94,139
15,52,67
72,63,135
54,82,136
91,17,108
33,82,115
14,50,64
43,43,86
66,34,100
62,84,146
19,30,49
51,20,71
94,43,137
40,46,86
99,27,126
98,88,186
61,26,87
8,76,84
18,38,56
34,88,122
90,95,185
81,54,135
63,19,82
28,78,106
98,29,127
87,36,123
47,85,132
55,21,76
8,53,61
24,46,70
32,82,114
14,89,103
50,51,101
40,63,103
41,76,117
80,73,153
37,28,65
23,92,115
92,28,120
19,77,96
87,7,94
12,58,70
38,94,132
86,22,108
67,33,100
44,92,136
86,73,159
77,34,111
51,11,62
72,73,145
9,58,67
39,44,83
38,94,132
48,28,76
46,50,96
51,58,109
44,66,110
32,68,100
72,25,97
100,73,173
37,30,67
53,66,119
27,16,43
52,96,148
90,29,119
37,62,99
23,98,121
94,13,107
44,97,141
46,76,122
64,12,76
27,100,127
53,37,90
56,41,97
42,9,51
74,10,84
17,88,105
56,11,67
10,42,52
28,53,81
66,86,152
39,26,65
97,21,118
81,85,166
72,89,161
11,62,73
62,30,92
21,43,64
46,75,121
38,13,51
67,15,82
38,82,120
68,99,167
72,27,99
84,89,173
36,19,55
12,64,76
16,22,38
48,26,74
74,16,90
36,76,112
7,36,43
40,13,53
68,19,87
15,87,102
52,38,90
83,82,165
94,97,191
58,77,135
39,77,116
84,40,124
75,74,149
67,76,143
16,42,58
46,16,62
80,20,100
14,58,72
72,53,125
94,15,109
73,83,156
73,87,160
62,100,162
56,69,125
18,38,56
61,34,95
89,55,144
67,77,144
99,10,109
95,87,182
33,87,120
40,50,90
94,82,176
79,99,178
8,97,105
87,85,172
69,64,133
87,83,170
18,22,40
18,33,51
83,97,180
95,86,181
88,9,97
68,69,137
15,98,113
14,54,68
89,90,179
73,21,94
36,52,88
95,15,110
86,56,142
92,60,152
15,34,49
12,43,55
51,13,64
7,99,106
57,37,94
81,54,135
76,95,171
64,45,109
75,86,161
18,62,80
42,72,114
44,32,76
58,60,118
78,88,166
13,9,22
13,75,88
15,60,75
53,92,145
86,72,158
24,33,57
56,37,93
43,12,55
14,53,67
99,50,149
33,53,86
54,21,75
90,45,135
79,86,165
77,94,171
10,33,43
23,75,98
77,78,155
33,84,117
86,56,142
11,60,71
19,41,60
64,91,155
62,63,125
57,41,98
38,68,106
86,79,165
25,57,82
45,9,54
14,36,50
97,19,116
13,73,86
40,30,70
17,78,95
81,58,139
36,46,82
63,27,90
72,98,170
85,38,123
43,95,138
77,95,172
49,65,114
36,25,61
43,92,135
45,38,83
45,35,80
23,100,123
47,95,142
9,100,109
57,39,96
58,85,143
31,26,57
14,50,64
13,10,23
19,84,103
81,42,123
100,82,182
70,26,96
21,31,52
13,25,38
63,63,126
30,65,95
18,25,43
9,12,21
23,98,121
23,81,104
26,7,33
59,20,79
34,44,78
90,29,119
83,24,107
34,94,128
74,42,116
16,42,58
81,69,150
50,30,80
21,90,111
36,85,121
57,69,126
25,69,94
25,14,39
85,81,166
29,50,79
84,88,172
58,30,88
37,28,65
76,73,149
77,30,107
70,37,107
30,47,77
47,56,103
44,88,132
29,86,115
46,92,138
43,44,87
8,52,60
70,31,101
40,61,101
31,96,127
35,85,120
77,33,110
68,61,129
33,61,94
42,91,133
19,100,119
20,83,103
92,29,121
44,95,139
87,40,127
31,56,87
63,58,121
35,15,50
12,82,94
90,11,101
83,84,167
40,73,113
45,88,133
19,74,93
83,73,156
50,56,106
16,21,37
85,23,108
16,94,110
17,39,56
36,9,45
27,27,54
55,59,114
74,91,165
100,36,136
94,68,162
10,35,45
36,27,63
75,51,126
18,32,50
84,23,107
31,96,127
86,91,177
79,95,174
67,50,117
80,72,152
24,87,111
11,35,46
64,74,138
39,96,135
96,43,139
87,15,102
98,99,197
91,22,113
51,17,68
88,88,176
20,60,80
21,99,120
47,55,102
76,54,130
51,13,64
84,68,152
92,8,100
10,56,66
25,27,52
8,38,46
75,12,87
7,50,57
66,59,125
58,47,105
55,47,102
11,78,89
9,85,94
42,81,123
54,34,88
95,62,157
42,13,55
78,71,149
67,33,100
37,50,87
22,59,81
72,62,134
71,83,154
7,53,60
22,47,69
28,11,39
97,74,171
45,50,95
68,31,99
91,58,149
89,24,113
66,73,139
33,94,127
89,39,128
32,88,120
37,92,129
86,64,150
19,26,45
84,47,131
91,25,116
41,26,67
82,26,108
61,25,86
59,47,106
91,15,106
52,43,95
48,39,87
43,56,99
79,77,156
89,36,125
77,10,87
86,59,145
84,97,181
52,9,61
72,44,116
92,77,169
56,69,125
41,36,77
71,92,163
30,93,123
22,79,101
83,87,170
9,87,96
42,63,105
98,54,152
99,8,107
40,74,114
17,92,109
49,100,149
74,30,104
82,15,97
27,86,113
48,16,64
90,44,134
59,16,75
84,79,163
51,38,89
31,8,39
50,26,76
13,50,63
58,79,137
79,33,112
20,70,90
91,63,154
94,21,115
51,93,144
96,73,169
85,21,106
53,64,117
64,98,162
44,84,128
51,93,144
17,60,77
95,81,176
60,91,151
51,84,135
92,23,115
11,40,51
95,11,106
86,30,116
87,56,143
56,45,101
66,41,107
74,11,85
94,11,105
23,96,119
87,77,164
33,49,82
8,87,95
41,37,78
39,37,76
97,22,119
18,64,82
44,56,100
53,69,122
81,24,105
87,34,121
35,33,68
77,58,135
93,41,134
31,73,104
49,59,108
17,68,85
67,95,162
8,22,30
45,61,106
80,38,118
78,56,134
81,48,129
68,56,124
98,44,142
45,53,98
17,34,51
78,79,157
66,20,86
9,76,85
40,64,104
24,22,46
63,86,149
20,89,109
28,39,67
10,21,31
99,77,176
28,55,83
88,22,110
36,69,105
11,96,107
19,11,30
78,89,167
80,91,171
76,31,107
50,98,148
36,17,53
39,54,93
98,66,164
34,49,83
61,51,112
96,13,109
75,25,100
46,77,123
28,47,75
45,33,78
9,76,85
48,16,64
44,36,80
7,61,68
80,99,179
74,93,167
14,16,30
53,67,120
67,84,151
76,25,101
22,91,113
14,10,24
47,65,112
85,93,178
97,80,177
32,80,112
54,88,142
76,63,139
65,100,165
81,71,152
81,45,126
72,19,91
58,73,131
78,62,140
17,77,94
79,100,179
90,86,176
74,93,167
71,70,141
66,98,164
49,47,96
34,39,73
13,84,97
100,73,173
96,62,158
18,57,75
10,61,71
48,95,143
18,68,86
87,41,128
7,39,46
43,12,55
89,77,166
52,11,63
94,30,124
39,65,104
58,11,69
84,28,112
99,50,149
89,45,134
55,62,117
29,18,47
77,24,101
97,67,164
70,25,95
31,94,125
65,21,86
31,32,63
46,70,116
69,51,120
23,38,61
93,28,121
27,66,93
96,51,147
94,44,138
7,64,71
29,30,59
27,25,52
67,75,142
62,32,94
41,8,49
59,44,103
64,95,159
90,57,147
87,62,149
17,25,42
83,15,98
81,12,93
63,84,147
72,30,102
90,77,167
7,79,86
8,96,104
9,29,38
55,45,100
9,36,45
20,24,44
61,57,118
71,54,125
45,95,140
26,34,60
85,48,133
91,83,174
79,87,166
25,63,88
16,42,58
43,40,83
98,71,169
65,31,96
93,75,168
66,42,108
14,30,44
7,24,31
72,63,135
12,56,68
23,47,70
35,29,64
92,42,134
94,50,144
16,95,111
92,51,143
36,22,58
70,99,169
88,44,132
79,95,174
86,38,124
29,16,45
87,85,172
29,83,112
94,8,102
40,14,54
54,79,133
13,20,33
75,38,113
89,38,127
48,98,146
55,40,95
86,36,122
43,100,143
48,71,119
12,9,21
71,21,92
58,9,67
53,8,61
88,43,131
76,44,120
89,7,96
89,59,148
77,81,158
90,27,117
36,69,105
25,9,34
22,11,33
15,29,44
22,93,115
59,12,71
24,57,81
63,10,73
38,71,109
68,25,93
73,30,103
91,42,133
51,60,111
46,36,82
60,60,120
9,23,32
81,47,128
46,28,74
46,44,90
37,45,82
34,44,78
8,51,59
50,29,79
14,22,36
12,68,80
28,18,46
94,33,127
80,12,92
28,27,55
63,49,112
93,63,156
15,82,97
70,47,117
21,16,37
75,30,105
34,83,117
84,87,171
65,56,121
65,42,107
67,81,148
46,21,67
36,12,48
19,29,48
65,12,77
76,15,91
90,85,175
51,83,134
64,35,99
72,85,157
85,81,166
27,92,119
11,62,73
95,20,115
22,86,108
99,44,143
46,61,107
15,91,106
81,48,129
87,63,150
28,91,119
81,84,165
64,65,129
10,59,69
35,56,91
14,28,42
94,19,113
92,66,158
72,84,156
53,62,115
46,97,143
66,57,123
90,63,153
66,94,160
98,88,186
62,20,82
36,92,128
37,37,74
95,73,168
14,89,103
85,28,113
21,30,51
25,71,96
95,42,137
54,68,122
32,76,108
48,32,80
74,18,92
46,81,127
56,65,121
20,37,57
30,25,55
23,15,38
72,80,152
46,30,76
82,68,150
41,64,105
9,35,44
67,14,81
56,49,105
42,12,54
35,71,106
30,14,44
54,63,117
12,87,99
65,43,108
8,23,31
79,28,107
15,27,42
32,50,82
28,9,37
69,78,147
74,69,143
20,38,58
93,12,105
15,30,45
83,15,98
74,13,87
83,52,135
84,100,184
41,63,104
34,63,97
59,53,112
18,28,46
53,12,65
95,16,111
8,59,67
40,32,72
99,7,106
32,93,125
27,33,60
39,100,139
56,44,100
57,25,82
71,98,169
15,32,47
61,78,139
98,9,107
33,100,133
64,66,130
41,41,82
68,80,148
62,11,73
22,91,113
56,28,84
35,23,58
16,77,93
21,97,118
32,53,85
85,43,128
95,37,132
99,74,173
39,13,52
72,29,101
65,71,136
43,25,68
88,48,136
56,58,114
85,88,173
7,7,14
56,62,118
33,70,103
25,47,72
69,87,156
34,58,92
92,33,125
32,61,93
10,59,69
98,11,109
22,33,55
9,55,64
25,98,123
17,79,96
62,26,88
26,38,64
24,41,65
68,81,149
63,51,114
100,40,140
64,27,91
17,35,52
65,36,101
73,45,118
76,71,147
53,46,99
77,40,117
57,38,95
8,33,41
45,94,139
23,46,69
55,37,92
70,40,110
78,36,114
73,55,128
43,35,78
93,23,116
83,87,170
22,66,88
83,80,163
35,21,56
56,44,100
11,37,48
88,31,119
19,65,84
18,69,87
52,52,104
46,92,138
35,62,97
27,75,102
96,42,138
8,22,30
52,72,124
75,42,117
55,51,106
98,25,123
35,99,134
52,34,86
20,86,106
63,57,120
59,74,133
24,34,58
61,66,127
33,27,60
92,32,124
89,20,109
43,14,57
28,67,95
79,66,145
97,31,128
21,11,32
11,22,33
73,50,123
67,71,138
31,53,84
76,19,95
79,95,174
47,60,107
32,69,101
22,14,36
40,79,119
81,94,175
60,99,159
89,94,183
61,12,73
69,97,166
76,80,156
37,52,89
39,87,126
100,95,195
91,33,124
31,96,127
67,70,137
100,18,118
10,63,73
85,45,130
37,39,76
59,78,137
16,14,30
95,35,130
36,41,77
32,18,50
76,47,123
82,95,177
82,94,176
24,33,57
91,100,191
94,87,181
27,32,59
75,80,155
72,28,100
89,18,107
84,98,182
76,32,108
30,28,58
39,57,96
83,55,138
37,60,97
83,79,162
83,14,97
49,94,143
83,51,134
80,24,104
67,50,117
11,63,74
24,76,100
76,100,176
17,83,100
31,76,107
71,57,128
78,99,177
71,99,170
53,42,95
18,20,38
54,24,78
31,91,122
62,42,104
96,96,192
39,37,76
8,70,78
35,91,126
100,73,173
95,88,183
39,43,82
68,92,160
89,28,117
96,61,157
91,90,181
98,34,132
28,41,69
40,74,114
15,21,36
31,60,91
43,94,137
58,57,115
47,74,121
52,45,97
33,98,131
66,21,87
89,79,168
30,51,81
26,60,86
46,16,62
52,34,86
93,48,141
16,16,32
94,29,123
76,84,160
28,10,38
22,42,64
13,24,37
64,77,141
58,74,132
13,38,51
42,14,56
11,69,80
77,81,158
79,66,145
17,13,30
76,86,162
96,85,181
53,64,117
15,93,108
29,17,46
90,80,170
62,67,129
13,19,32
68,60,128
51,91,142
84,31,115
93,41,134
69,96,165
13,80,93
40,13,53
51,62,113
79,12,91
76,65,141
11,52,63
8,15,23
17,62,79
48,92,140
21,7,28
9,51,60
23,77,100
35,15,50
42,59,101
43,44,87
94,32,126
47,54,101
61,44,105
99,95,194
69,36,105
7,81,88
84,77,161
43,47,90
54,9,63
46,76,122
9,55,64
42,10,52
81,7,88
54,59,113
35,43,78
94,18,112
30,69,99
40,18,58
88,92,180
77,17,94
34,83,117
22,16,38
86,24,110
57,78,135
20,74,94
71,10,81
96,36,132
100,17,117
16,39,55
58,76,134
47,75,122
82,53,135
12,91,103
44,63,107
59,67,126
52,79,131
11,86,97
21,99,120
34,38,72
91,67,158
87,33,120
76,35,111
20,89,109
47,35,82
99,56,155
26,12,38
14,89,103
87,44,131
19,62,81
13,59,72
92,59,151
21,38,59
37,90,127
13,64,77
82,85,167
72,20,92
64,74,138
61,65,126
32,47,79
86,75,161
65,11,76
68,50,118
57,76,133
80,62,142
69,97,166
53,90,143
94,12,106
59,74,133
45,28,73
91,70,161
56,46,102
69,91,160
28,85,113
92,86,178
12,30,42
35,23,58
87,15,102
66,78,144
40,79,119
56,70,126
77,10,87
97,33,130
11,66,77
100,41,141
51,89,140
97,91,188
94,51,145
63,62,125
68,53,121
10,49,59
71,80,151
9,23,32
81,37,118
62,68,130
63,40,103
47,96,143
18,84,102
83,64,147
46,37,83
76,83,159
32,10,42
83,90,173
22,48,70
48,39,87
20,46,66
63,52,115
76,80,156
66,49,115
94,42,136
92,48,140
17,19,36
87,9,96
33,45,78
79,56,135
42,38,80
41,69,110
40,96,136
96,11,107
52,35,87
50,42,92
40,42,82
86,94,180
97,29,126
48,63,111
29,17,46
50,18,68
94,66,160
90,80,170
7,29,36
29,25,54
98,46,144
48,80,128
71,49,120
18,11,29
51,13,64
33,90,123
13,78,91
63,51,114
45,78,123
44,77,121
39,94,133
26,52,78
32,11,43
100,19,119
38,65,103
10,80,90
37,37,74
7,55,62
23,92,115
9,59,68
30,86,116
58,78,136
18,17,35
60,87,147
27,66,93
47,7,54
57,18,75
64,16,80
73,49,122
13,94,107
26,82,108
56,52,108
85,10,95
55,93,148
12,76,88
86,71,157
76,28,104
27,98,125
50,43,93
67,21,88
47,93,140
61,79,140
99,77,176
21,53,74
62,39,101
67,10,77
13,22,35
71,80,151
28,62,90
84,94,178
99,95,194
69,7,76
35,56,91
70,8,78
97,7,104
31,9,40
36,57,93
49,69,118
27,11,38
14,94,108
34,24,58
94,54,148
48,99,147
23,22,45
13,96,109
75,78,153
53,50,103
59,90,149
65,59,124
99,97,196
94,74,168
47,69,116
95,43,138
97,19,116
52,52,104
87,46,133
19,90,109
8,25,33
34,87,121
44,58,102
79,78,157
46,49,95
100,68,168
10,30,40
52,86,138
15,44,59
58,59,117
70,42,112
67,16,83
52,30,82
17,76,93
95,96,191
64,78,142
61,97,158
44,43,87
75,100,175
100,73,173
80,49,129
14,21,35
84,24,108
67,31,98
17,50,67
27,22,49
29,26,55
51,54,105
69,29,98
56,91,147
80,52,132
7,57,64
44,26,70
22,26,48
20,20,40
43,75,118
64,35,99
56,67,123
17,40,57
61,67,128
97,84,181
29,59,88
71,24,95
67,8,75
43,8,51
86,9,95
51,21,72
98,70,168
30,55,85
28,71,99
53,100,153
41,73,114
32,67,99
76,70,146
55,85,140
65,96,161
19,24,43
28,10,38
89,25,114
72,31,103
61,40,101
14,39,53
14,59,73
92,41,133
74,43,117
71,52,123
87,98,185
45,63,108
81,44,125
23,12,35
29,63,92
42,16,58
65,10,75
50,91,141
7,7,14
99,95,194
47,53,100
73,97,170
27,53,80
51,29,80
92,81,173
21,78,99
46,29,75
100,11,111
37,73,110
83,97,180
59,12,71
77,18,95
23,67,90
50,72,122
93,35,128
82,52,134
34,21,55
24,43,67
50,15,65
70,26,96
67,73,140
91,9,100
67,70,137
11,71,82
56,79,135
67,32,99
79,83,162
34,49,83
35,100,135
34,30,64
50,97,147
20,36,56
65,77,142
28,32,60
44,28,72
48,60,108
8,92,100
16,76,92
13,29,42
28,95,123
24,73,97
7,83,90
30,76,106
73,20,93
12,16,28
29,46,75
29,10,39
98,86,184
69,19,88
68,12,80
13,85,98
18,88,106
26,25,51
61,25,86
54,27,81
35,35,70
57,38,95
34,19,53
26,27,53
19,40,59
13,22,35
34,48,82
19,91,110
46,38,84
54,39,93
41,96,137
83,34,117
38,100,138
59,83,142
88,58,146
89,97,186
13,93,106
94,10,104
47,67,114
64,21,85
89,58,147
15,34,49
91,55,146
69,45,114
70,26,96
87,37,124
32,57,89
99,53,152
40,17,57
59,54,113
88,58,146
58,40,98
13,36,49
55,49,104
62,73,135
19,10,29
92,64,156
33,53,86
26,56,82
59,19,78
9,25,34
52,100,152
7,59,66
20,16,36
55,78,133
8,62,70
100,92,192
48,90,138
100,60,160
50,43,93
13,49,62
21,61,82
99,87,186
71,27,98
15,14,29
37,60,97
92,49,141
54,65,119
33,94,127
98,99,197
94,69,163
97,34,131
92,73,165
51,57,108
97,25,122
55,58,113
74,7,81
89,76,165
65,42,107
60,14,74
58,92,150
46,97,143
66,10,76
79,43,122
47,71,118
37,11,48
60,78,138
11,88,99
29,30,59
19,39,58
79,83,162
71,61,132
25,45,70
49,47,96
17,19,36
82,46,128
41,96,137
63,43,106
92,64,156
27,99,126
62,7,69
85,68,153
12,40,52
65,51,116
16,29,45
45,97,142
60,37,97
35,83,118
53,24,77
79,28,107
44,73,117
65,42,107
45,23,68
70,79,149
67,19,86
36,71,107
50,60,110
16,82,98
92,19,111
93,59,152
34,47,81
52,62,114
34,56,90
79,37,116
90,42,132
94,29,123
34,36,70
11,15,26
23,94,117
49,90,139
10,31,41
17,27,44
33,66,99
17,86,103
87,56,143
46,62,108
94,56,150
19,55,74
28,56,84
12,83,95
39,17,56
85,79,164
43,39,82
70,97,167
64,24,88
89,60,149
18,56,74
54,75,129
48,11,59
10,15,25
67,31,98
98,82,180
78,61,139
94,83,177
51,76,127
95,88,183
63,44,107
92,54,146
69,37,106
74,52,126
16,52,68
52,93,145
59,15,74
13,38,51
100,40,140
70,52,122
82,96,178
100,28,128
43,13,56
77,27,104
71,68,139
7,82,89
94,61,155
28,45,73
9,27,36
55,73,128
39,52,91
88,14,102
60,66,126
95,27,122
58,64,122
55,36,91
51,79,130
74,20,94
49,28,77
93,27,120
10,13,23
96,12,108
78,75,153
22,72,94
77,73,150
85,52,137
67,86,153
96,73,169
80,98,178
51,47,98
71,27,98
47,14,61
19,29,48
59,86,145
79,12,91
92,89,181
91,10,101
10,12,22
57,82,139
45,99,144
33,44,77
17,48,65
62,24,86
79,74,153
69,78,147
18,24,42
36,70,106
57,9,66
22,88,110
23,60,83
24,19,43
85,12,97
25,73,98
23,56,79
75,82,157
56,26,82
20,87,107
15,30,45
15,55,70
43,64,107
8,86,94
33,99,132
59,75,134
88,92,180
13,43,56
89,24,113
25,50,75
58,21,79
65,16,81
67,100,167
9,54,63
28,53,81
89,54,143
96,40,136
62,40,102
71,97,168
77,28,105
70,80,150
16,83,99
64,31,95
63,99,162
64,49,113
45,42,87
47,73,120
51,65,116
71,51,122
72,19,91
94,28,122
96,38,134
15,90,105
86,13,99
30,100,130
43,71,114
71,45,116
63,93,156
20,50,70
91,99,190
78,74,152
80,16,96
82,45,127
23,64,87
44,60,104
75,98,173
87,72,159
39,62,101
65,71,136
32,45,77
75,94,169
93,64,157
7,88,95
97,28,125
63,24,87
47,12,59
51,7,58
96,97,193
15,19,34
21,61,82
65,76,141
75,36,111
50,96,146
63,55,118
36,29,65
8,60,68
78,76,154
80,97,177
75,35,110
37,90,127
87,61,148
52,7,59
95,56,151
13,78,91
34,91,125
81,39,120
15,32,47
9,30,39
73,47,120
67,58,125
34,55,89
77,28,105
42,27,69
68,33,101
67,91,158
69,21,90
19,37,56
48,84,132
57,61,118
60,47,107
37,25,62
21,31,52
89,29,118
22,83,105
100,60,160
64,45,109
34,93,127
37,91,128
57,98,155
65,64,129
83,32,115
76,58,134
67,68,135
21,97,118
20,17,37
54,81,135
80,73,153
62,37,99
47,50,97
55,77,132
24,90,114
61,28,89
15,71,86
44,34,78
9,70,79
12,93,105
98,100,198
59,36,95
69,20,89
75,85,160
97,52,149
56,59,115
14,74,88
44,69,113
32,9,41
26,96,122
79,88,167
18,45,63
68,97,165
42,48,90
88,80,168
96,13,109
34,8,42
73,64,137
63,68,131
20,45,65
97,84,181
58,43,101
78,52,130
100,12,112
36,97,133
57,33,90
19,16,35
7,38,45
88,51,139
68,89,157
91,54,145
34,34,68
56,10,66
86,35,121
15,100,115
75,76,151
80,12,92
76,98,174
89,20,109
29,95,124
7,98,105
99,20,119
21,80,101
57,80,137
38,57,95
11,37,48
19,91,110
83,94,177
38,36,74
55,63,118
17,77,94
55,88,143
82,30,112
41,58,99
43,28,71
39,43,82
76,22,98
70,20,90
25,49,74
39,62,101
20,44,64
74,43,117
12,97,109
34,47,81
8,38,46
75,68,143
90,75,165
21,21,42
89,47,136
93,9,102
15,20,35
52,46,98
8,10,18
77,78,155
46,50,96
77,93,170
57,97,154
33,13,46
89,28,117
81,25,106
28,75,103
68,75,143
78,20,98
87,52,139
33,63,96
78,39,117
26,26,52
20,43,63
60,88,148
94,57,151
65,69,134
14,72,86
68,68,136
78,29,107
83,99,182
43,16,59
34,57,91
18,74,92
97,78,175
11,45,56
30,61,91
51,24,75
30,20,50
96,9,105
78,37,115
60,41,101
13,28,41
63,22,85
100,65,165
76,27,103
59,22,81
95,7,102
45,92,137
26,13,39
92,30,122
48,51,99
8,53,61
70,20,90
12,30,42
66,13,79
72,32,104
21,26,47
71,42,113
46,74,120
95,18,113
18,49,67
30,99,129
8,64,72
83,69,152
35,68,103
23,91,114
46,29,75
60,78,138
22,99,121
99,80,179
21,94,115
18,29,47
52,63,115
18,96,114
21,43,64
100,43,143
60,97,157
46,29,75
82,66,148
52,43,95
10,67,77
94,71,165
95,12,107
14,20,34
66,45,111
82,36,118
71,9,80
46,62,108
46,88,134
82,78,160
35,63,98
26,51,77
80,63,143
13,78,91
45,100,145
13,77,90
93,38,131
62,10,72
78,85,163
24,83,107
32,11,43
30,61,91
76,92,168
29,76,105
35,34,69
27,87,114
11,90,101
96,51,147
93,93,186
69,71,140
24,89,113
54,57,111
79,11,90
87,78,165
100,75,175
77,31,108
65,91,156
26,81,107
32,34,66
98,45,143
96,99,195
73,8,81
43,91,134
15,81,96
14,86,100
40,91,131
14,90,104
7,45,52
70,58,128
53,95,148
12,56,68
80,8,88
57,83,140
98,60,158
78,32,110
39,35,74
9,51,60
94,62,156
89,20,109
92,71,163
76,56,132
94,96,190
85,56,141
88,49,137
13,46,59
21,65,86
50,52,102
77,51,128
47,84,131
76,98,174
7,50,57
82,93,175
47,84,131
34,28,62
89,92,181
76,75,151
81,57,138
25,29,54
53,70,123
52,100,152
92,69,161
38,90,128
93,53,146
92,68,160
11,98,109
54,43,97
54,98,152
8,69,77
85,70,155
73,8,81
89,23,112
15,53,68
56,85,141
91,47,138
49,59,108
72,61,133
7,44,51
75,51,126
86,74,160
18,80,98
83,37,120
39,97,136
77,37,114
69,84,153
19,74,93
96,56,152
97,17,114
76,48,124
17,24,41
17,25,42
81,19,100
42,38,80
27,43,70
92,86,178
37,73,110
49,16,65
17,85,102
87,33,120
80,98,178
51,67,118
40,79,119
12,35,47
92,67,159
60,61,121
79,11,90
35,76,111
73,100,173
75,76,151
67,79,146
80,90,170
58,82,140
13,23,36
56,94,150
94,83,177
8,32,40
48,100,148
12,77,89
24,94,118
58,20,78
95,99,194
11,45,56
62,72,134
75,16,91
32,8,40
97,15,112
43,77,120
51,26,77
100,30,130
80,16,96
30,26,56
29,8,37
80,34,114
98,27,125
45,68,113
20,63,83
78,24,102
57,44,101
45,7,52
68,86,154
83,96,179
61,86,147
46,84,130
8,8,16
86,70,156
19,52,71
13,41,54
51,46,97
41,88,129
60,13,73
68,34,102
92,23,115
35,73,108
36,79,115
38,72,110
13,55,68
79,30,109
7,47,54
34,66,100
8,58,66
39,40,79
50,11,61
8,24,32
53,27,80
37,69,106
21,55,76
66,58,124
58,55,113
67,24,91
99,14,113
99,39,138
44,73,117
52,79,131
25,94,119
49,30,79
10,97,107
98,33,131
33,79,112
36,86,122
11,23,34
10,50,60
97,40,137
24,36,60
85,60,145
13,41,54
60,49,109
65,40,105
30,31,61
96,67,163
68,83,151
71,93,164
75,54,129
42,54,96
73,71,144
57,61,118
20,72,92
96,7,103
28,25,53
82,44,126
23,65,88
87,85,172
14,92,106
63,75,138
9,20,29
39,100,139
91,62,153
100,50,150
54,57,111
80,57,137
60,73,133
14,77,91
98,91,189
40,45,85
89,34,123
51,11,62
98,72,170
33,27,60
56,47,103
97,88,185
52,8,60
61,10,71
72,86,158
32,11,43
34,38,72
67,38,105
91,99,190
17,79,96
54,43,97
99,56,155
21,64,85
87,43,130
57,62,119
68,99,167
36,99,135
60,84,144
14,35,49
14,77,91
98,42,140
67,73,140
34,11,45
52,79,131
14,10,24
75,66,141
28,69,97
26,22,48
16,70,86
99,37,136
55,20,75
70,44,114
64,77,141
45,63,108
87,32,119
87,74,161
55,92,147
38,63,101
98,86,184
86,77,163
48,62,110
74,79,153
47,78,125
31,20,51
84,72,156
95,37,132
47,54,101
15,92,107
76,62,138
78,19,97
30,65,95
93,56,149
38,99,137
35,85,120
81,9,90
54,85,139
82,23,105
97,22,119
51,62,113
95,96,191
19,27,46
60,51,111
60,27,87
36,10,46
19,71,90
69,56,125
38,25,63
19,63,82
26,24,50
8,10,18
38,70,108
59,96,155
16,41,57
80,21,101
100,100,200
89,62,151
98,60,158
33,88,121
7,36,43
56,77,133
46,78,124
95,10,105
49,40,89
49,68,117
24,91,115
71,79,150
97,58,155
55,20,75
21,77,98
7,64,71
11,61,72
50,77,127
72,11,83
50,29,79
40,86,126
100,84,184
44,99,143
80,60,140
64,84,148
66,91,157
9,90,99
86,68,154
20,95,115
76,73,149
65,29,94
48,76,124
37,37,74
42,23,65
42,50,92
24,22,46
96,45,141
28,63,91
72,90,162
34,20,54
43,34,77
20,62,82
93,54,147
70,50,120
85,80,165
17,48,65
30,75,105
88,40,128
18,83,101
100,82,182
43,82,125
67,34,101
89,83,172
48,37,85
52,47,99
47,12,59
40,85,125
78,12,90
32,21,53
97,79,176
79,59,138
28,79,107
79,38,117
28,70,98
74,27,101
40,43,83
18,48,66
92,86,178
34,41,75
60,99,159
63,85,148
82,21,103
47,67,114
16,46,62
30,63,93
8,32,40
74,26,100
76,51,127
9,93,102
35,64,99
11,41,52
84,58,142
35,99,134
30,74,104
55,98,153
7,11,18
84,40,124
86,95,181
83,32,115
51,9,60
83,55,138
13,69,82
92,84,176
41,37,78
75,26,101
31,20,51
80,73,153
16,50,66
69,51,120
43,92,135
18,79,97
50,39,89
20,20,40
72,54,126
89,68,157
81,88,169
47,10,57
61,72,133
37,80,117
52,64,116
31,85,116
83,74,157
40,85,125
57,95,152
37,89,126
37,61,98
69,42,111
95,16,111
18,45,63
7,12,19
52,64,116
8,89,97
34,56,90
44,72,116
50,9,59
32,46,78
57,17,74
76,66,142
75,77,152
48,32,80
34,55,89
63,51,114
14,7,21
55,19,74
37,62,99
94,48,142
69,23,92
74,28,102
100,65,165
82,82,164
54,96,150
37,39,76
34,23,57
42,86,128
49,24,73
73,91,164
64,29,93
77,20,97
25,89,114
81,76,157
66,61,127
67,24,91
11,12,23
7,35,42
46,55,101
98,74,172
75,42,117
31,26,57
26,14,40
10,52,62
66,42,108
46,26,72
65,85,150
62,42,104
55,88,143
76,38,114
73,51,124
58,30,88
93,36,129
100,99,199
29,89,118
91,53,144
59,99,158
13,65,78
43,94,137
62,75,137
81,53,134
77,33,110
12,40,52
40,36,76
23,93,116
21,74,95
78,40,118
39,83,122
67,25,92
76,46,122
74,18,92
83,81,164
8,61,69
76,14,90
15,85,100
84,8,92
59,93,152
61,94,155
70,35,105
90,92,182
28,71,99
17,78,95
57,8,65
51,46,97
73,7,80
88,51,139
40,76,116
53,92,145
8,36,44
40,8,48
88,25,113
75,17,92
33,36,69
50,51,101
69,88,157
91,26,117
17,61,78
17,20,37
53,90,143
78,53,131
90,75,165
90,54,144
55,87,142
11,43,54
97,70,167
80,27,107
43,57,100
90,61,151
88,69,157
38,50,88
95,95,190
93,99,192
69,90,159
97,33,130
71,54,125
96,34,130
94,28,122
48,52,100
46,41,87
94,56,150
51,71,122
85,55,140
39,58,97
66,78,144
100,59,159
95,79,174
60,22,82
16,39,55
80,99,179
49,73,122
17,70,87
65,95,160
50,91,141
94,74,168
14,100,114
19,33,52
10,15,25
97,26,123
60,89,149
77,54,131
79,89,168
80,28,108
67,34,101
45,52,97
39,83,122
82,17,99
12,59,71
26,81,107
82,46,128
31,93,124
91,12,103
34,39,73
22,58,80
77,67,144
69,85,154
100,42,142
87,80,167
90,56,146
65,65,130
62,33,95
22,67,89
32,47,79
97,64,161
60,31,91
64,82,146
71,77,148
75,92,167
88,42,130
90,14,104
94,12,106
12,100,112
20,7,27
49,15,64
26,65,91
38,15,53
11,100,111
7,23,30
83,15,98
38,26,64
31,54,85
71,25,96
28,46,74
35,89,124
64,27,91
57,52,109
12,75,87
74,50,124
86,83,169
41,14,55
76,35,111
14,52,66
50,94,144
99,53,152
56,98,154
61,93,154
92,85,177
90,88,178
96,30,126
70,30,100
12,41,53
88,70,158
36,92,128
68,25,93
39,41,80
20,57,77
28,32,60
45,46,91
56,56,112
53,48,101
95,23,118
26,34,60
34,11,45
36,89,125
85,91,176
51,21,72
60,28,88
88,82,170
41,77,118
41,92,133
62,93,155
38,91,129
20,16,36
11,90,101
14,46,60
94,32,126
59,13,72
24,61,85
82,71,153
24,13,37
90,41,131
19,94,113
9,16,25
25,23,48
33,78,111
27,93,120
21,23,44
33,100,133
30,50,80
94,35,129
79,8,87
19,39,58
86,27,113
75,81,156
24,54,78
76,12,88
90,47,137
27,20,47
35,89,124
63,54,117
84,76,160
59,75,134
43,17,60
63,78,141
60,66,126
7,11,18
87,87,174
73,24,97
43,88,131
77,78,155
48,54,102
11,60,71
29,74,103
46,83,129
76,53,129
37,71,108
86,59,145
23,68,91
87,46,133
95,99,194
18,84,102
83,95,178
89,92,181
54,16,70
29,17,46
41,81,122
20,63,83
15,14,29
76,40,116
86,32,118
75,81,156
49,64,113
20,29,49
46,14,60
42,98,140
62,29,91
94,69,163
75,57,132
39,86,125
53,37,90
81,20,101
40,15,55
32,97,129
90,8,98
94,30,124
88,82,170
50,7,57
9,74,83
30,28,58
9,52,61
64,33,97
16,48,64
61,24,85
44,36,80
52,36,88
45,39,84
52,83,135
76,89,165
78,63,141
52,34,86
21,65,86
16,14,30
88,70,158
82,83,165
25,91,116
66,41,107
93,76,169
25,35,60
18,42,60
65,53,118
90,28,118
78,60,138
51,47,98
76,80,156
50,93,143
12,37,49
21,8,29
14,35,49
45,65,110
22,36,58
23,91,114
7,37,44
38,88,126
87,65,152
35,34,69
71,36,107
42,93,135
86,62,148
55,36,91
62,93,155
45,51,96
86,19,105
41,18,59
71,14,85
8,42,50
23,90,113
80,73,153
59,94,153
78,78,156
66,93,159
42,12,54
55,21,76
84,60,144
89,94,183
91,95,186
67,42,109
30,66,96
59,99,158
17,83,100
24,96,120
65,45,110
91,42,133
92,71,163
28,49,77
53,67,120
75,94,169
48,100,148
76,7,83
35,39,74
80,16,96
8,64,72
89,34,123
16,80,96
84,94,178
81,38,119
29,42,71
28,34,62
37,45,82
36,19,55
37,32,69
9,66,75
54,91,145
93,67,160
7,87,94
55,84,139
41,81,122
36,49,85
65,69,134
83,53,136
33,72,105
99,18,117
32,61,93
13,73,86
61,29,90
76,41,117
50,36,86
76,80,156
87,39,126
87,67,154
42,67,109
41,88,129
11,13,24
92,85,177
28,60,88
18,95,113
52,86,138
28,54,82
78,7,85
90,72,162
53,70,123
18,19,37
70,98,168
81,83,164
78,49,127
99,40,139
91,97,188
56,89,145
45,10,55
35,10,45
82,72,154
33,27,60
39,47,86
20,65,85
18,73,91
59,42,101
40,86,126
13,84,97
42,59,101
14,7,21
43,61,104
30,15,45
83,27,110
86,32,118
81,64,145
69,44,113
57,88,145
36,67,103
20,32,52
61,100,161
75,24,99
16,74,90
17,36,53
63,12,75
8,38,46
36,69,105
44,94,138
32,18,50
30,22,52
24,13,37
39,33,72
78,24,102
90,57,147
26,22,48
46,54,100
61,37,98
100,20,120
15,54,69
65,84,149
82,72,154
36,13,49
83,37,120
8,44,52
79,59,138
67,97,164
86,21,107
49,92,141
86,90,176
68,56,124
86,94,180
18,88,106
35,41,76
48,45,93
40,78,118
67,96,163
96,31,127
77,26,103
50,94,144
78,20,98
76,33,109
66,45,111
9,9,18
76,95,171
100,17,117
27,100,127
50,67,117
39,73,112
43,8,51
68,86,154
59,14,73
45,66,111
53,42,95
94,49,143
97,79,176
53,86,139
57,83,140
17,100,117
83,95,178
44,54,98
67,47,114
43,55,98
76,60,136
84,28,112
76,88,164
57,59,116
64,23,87
68,94,162
81,14,95
55,28,83
18,73,91
39,48,87
60,76,136
61,17,78
62,51,113
27,96,123
69,41,110
52,81,133
75,39,114
10,16,26
33,94,127
38,97,135
65,88,153
93,61,154
53,91,144
49,16,65
32,87,119
72,57,129
82,78,160
8,100,108
31,48,79
47,85,132
92,11,103
71,94,165
99,55,154
63,27,90
78,22,100
12,27,39
47,45,92
56,51,107
75,84,159
86,96,182
28,22,50
26,85,111
31,85,116
61,17,78
97,97,194
44,10,54
82,34,116
45,50,95
88,71,159
57,86,143
40,29,69
22,22,44
72,21,93
39,83,122
61,100,161
67,74,141
29,76,105
74,72,146
68,31,99
90,71,161
27,89,116
53,82,135
9,74,83
47,61,108
26,47,73
16,93,109
44,43,87
18,77,95
10,81,91
40,26,66
72,19,91
82,44,126
88,11,99
71,56,127
95,49,144
66,37,103
63,63,126
72,99,171
7,64,71
90,55,145
25,35,60
42,18,60
30,13,43
79,60,139
9,23,32
99,19,118
51,61,112
81,62,143
73,58,131
38,22,60
66,57,123
22,32,54
29,88,117
48,14,62
77,96,173
85,77,162
52,42,94
97,35,132
37,80,117
18,34,52
73,49,122
24,70,94
74,34,108
92,28,120
58,93,151
23,25,48
18,57,75
89,61,150
56,91,147
34,64,98
8,15,23
83,38,121
11,38,49
87,91,178
62,89,151
67,54,121
11,72,83
87,44,131
21,92,113
66,40,106
15,32,47
11,66,77
75,52,127
15,40,55
54,39,93
21,82,103
45,77,122
30,22,52
24,23,47
11,67,78
93,73,166
30,73,103
99,26,125
63,72,135
68,61,129
34,84,118
77,65,142
39,91,130
75,88,163
67,47,114
11,58,69
77,76,153
75,68,143
35,68,103
88,32,120
45,21,66
60,66,126
41,24,65
53,93,146
61,72,133
71,11,82
73,17,90
75,43,118
24,86,110
20,53,73
94,47,141
25,41,66
36,13,49
33,65,98
21,52,73
14,38,52
92,65,157
85,21,106
18,31,49
62,97,159
16,75,91
37,38,75
12,54,66
23,39,62
52,41,93
78,57,135
53,59,112
47,51,98
84,51,135
11,13,24
33,12,45
43,23,66
53,97,150
23,11,34
42,80,122
26,52,78
68,87,155
54,88,142
55,36,91
69,73,142
46,61,107
17,99,116
71,63,134
43,56,99
52,11,63
34,43,77
28,89,117
93,19,112
72,16,88
46,45,91
37,96,133
69,46,115
52,55,107
33,36,69
14,36,50
78,76,154
24,46,70
52,66,118
70,11,81
20,20,40
37,57,94
68,79,147
32,98,130
46,7,53
97,53,150
49,47,96
18,10,28
12,61,73
22,42,64
7,67,74
100,43,143
14,75,89
70,46,116
71,26,97
12,96,108
50,24,74
37,62,99
80,98,178
70,11,81
20,90,110
22,58,80
13,25,38
31,43,74
38,44,82
53,64,117
51,62,113
34,95,129
56,77,133
48,74,122
42,75,117
23,26,49
94,14,108
95,54,149
57,52,109
53,22,75
7,62,69
27,62,89
16,98,114
67,19,86
37,42,79
92,51,143
47,85,132
79,34,113
8,88,96
38,55,93
65,47,112
50,100,150
72,14,86
73,58,131
46,12,58
36,24,60
32,12,44
72,30,102
56,97,153
16,82,98
47,47,94
56,62,118
13,57,70
34,12,46
57,89,146
51,54,105
31,75,106
61,63,124
35,97,132
70,66,136
91,57,148
41,48,89
28,11,39
24,53,77
10,28,38
51,28,79
26,20,46
86,57,143
25,53,78
50,92,142
22,93,115
31,84,115
42,82,124
100,87,187
16,44,60
100,27,127
62,61,123
17,47,64
95,19,114
52,45,97
41,92,133
63,67,130
98,65,163
23,73,96
36,70,106
56,33,89
12,48,60
43,35,78
56,10,66
26,47,73
38,88,126
43,16,59
90,36,126
97,64,161
27,20,47
18,77,95
82,68,150
57,24,81
29,66,95
59,94,153
67,48,115
7,49,56
79,64,143
60,13,73
76,98,174
86,11,97
33,18,51
84,10,94
82,7,89
47,100,147
41,63,104
11,29,40
12,72,84
48,69,117
38,99,137
30,18,48
48,75,123
29,47,76
48,54,102
31,60,91
62,70,132
97,59,156
27,69,96
87,33,120
92,22,114
12,38,50
36,73,109
26,86,112
11,69,80
90,96,186
59,81,140
94,57,151
28,32,60
10,56,66
19,63,82
28,63,91
22,85,107
21,44,65
32,58,90
89,100,189
86,72,158
60,98,158
47,89,136
21,71,92
86,13,99
46,7,53
11,98,109
42,66,108
73,81,154
14,86,100
31,65,96
60,58,118
96,28,124
36,50,86
80,53,133
17,61,78
11,47,58
53,38,91
43,65,108
10,20,30
96,56,152
77,84,161
76,9,85
70,53,123
87,14,101
91,94,185
71,53,124
36,30,66
56,10,66
28,48,76
91,8,99
88,15,103
20,49,69
92,23,115
63,67,130
30,55,85
85,27,112
76,9,85
87,36,123
56,66,122
58,95,153
86,50,136
77,39,116
79,44,123
50,7,57
52,50,102
45,8,53
91,19,110
78,92,170
7,36,43
60,70,130
42,69,111
97,81,178
89,11,100
15,89,104
86,94,180
70,36,106
89,21,110
15,89,104
56,69,125
49,47,96
77,47,124
60,51,111
48,28,76
39,49,88
40,69,109
60,91,151
57,52,109
46,17,63
14,24,38
32,87,119
85,11,96
18,12,30
41,51,92
9,75,84
17,23,40
80,20,100
70,71,141
31,80,111
87,91,178
66,33,99
73,68,141
75,16,91
59,90,149
22,67,89
62,11,73
97,50,147
70,14,84
95,79,174
44,77,121
86,63,149
84,49,133
74,42,116
91,100,191
99,77,176
45,12,57
73,58,131
21,17,38
19,34,53
85,34,119
77,65,142
56,58,114
73,61,134
72,23,95
60,70,130
44,17,61
68,94,162
22,86,108
12,64,76
11,46,57
54,42,96
74,91,165
48,14,62
49,43,92
85,95,180
45,85,130
64,32,96
77,95,172
32,82,114
43,34,77
43,95,138
28,51,79
40,76,116
8,84,92
32,41,73
12,93,105
68,96,164
7,80,87
62,87,149
86,47,133
30,46,76
73,51,124
25,23,48
62,89,151
48,40,88
35,28,63
13,51,64
43,61,104
53,89,142
9,15,24
16,52,68
90,30,120
91,67,158
42,50,92
13,41,54
47,69,116
88,50,138
55,60,115
36,48,84
18,22,40
9,91,100
79,94,173
62,23,85
86,29,115
12,73,85
100,28,128
61,97,158
67,9,76
58,33,91
38,65,103
29,72,101
21,62,83
87,76,163
53,40,93
91,42,133
81,24,105
62,72,134
61,35,96
37,69,106
35,30,65
60,70,130
52,57,109
41,32,73
90,33,123
30,27,57
55,42,97
24,12,36
86,67,153
86,100,186
25,95,120
99,35,134
42,21,63
41,53,94
38,68,106
23,20,43
87,71,158
81,66,147
33,44,77
75,97,172
59,50,109
78,37,115
31,15,46
10,8,18
49,57,106
54,30,84
21,61,82
23,53,76
26,95,121
96,26,122
98,86,184
100,8,108
48,16,64
17,69,86
88,74,162
73,36,109
97,97,194
8,31,39
70,47,117
34,31,65
17,92,109
93,85,178
8,35,43
18,60,78
87,32,119
44,16,60
85,82,167
37,57,94
28,14,42
19,97,116
54,88,142
51,26,77
99,95,194
24,52,76
11,43,54
29,73,102
22,9,31
96,39,135
76,55,131
71,96,167
30,67,97
51,88,139
24,24,48
96,42,138
78,13,91
72,36,108
80,70,150
88,33,121
24,21,45
92,66,158
95,32,127
88,34,122
86,63,149
89,67,156
26,73,99
35,72,107
100,55,155
18,17,35
74,52,126
40,55,95
20,10,30
22,90,112
29,17,46
87,98,185
21,81,102
57,46,103
50,59,109
36,78,114
76,44,120
52,88,140
13,17,30
74,41,115
47,68,115
50,45,95
15,11,26
39,52,91
23,39,62
31,37,68
42,95,137
23,88,111
66,48,114
15,20,35
19,53,72
14,18,32
32,21,53
61,82,143
87,25,112
63,85,148
60,51,111
22,56,78
79,76,155
24,87,111
57,76,133
9,51,60
56,7,63
51,21,72
57,60,117
47,14,61
90,17,107
47,93,140
46,7,53
89,50,139
22,65,87
86,40,126
62,97,159
85,53,138
51,63,114
13,14,27
72,8,80
48,20,68
54,80,134
74,58,132
26,9,35
73,75,148
12,85,97
62,30,92
48,25,73
76,49,125
57,54,111
81,29,110
76,87,163
23,92,115
16,78,94
74,78,152
10,48,58
12,85,97
74,11,85
98,75,173
33,68,101
67,60,127
14,24,38
99,64,163
83,10,93
8,9,17
7,52,59
12,72,84
72,98,170
14,14,28
51,87,138
94,78,172
62,43,105
99,97,196
77,85,162
8,7,15
81,12,93
54,58,112
74,60,134
12,98,110
34,64,98
22,8,30
43,71,114
13,88,101
55,88,143
29,96,125
58,80,138
83,32,115
57,88,145
85,46,131
70,43,113
97,33,130
74,14,88
62,59,121
61,23,84
86,100,186
87,19,106
57,29,86
55,57,112
25,60,85
29,66,95
7,77,84
37,49,86
98,36,134
83,35,118
17,85,102
42,25,67
40,47,87
62,74,136
20,28,48
53,18,71
89,15,104
15,11,26
29,49,78
97,61,158
84,20,104
35,37,72
16,58,74
16,38,54
34,49,83
40,24,64
55,100,155
50,81,131
95,89,184
47,39,86
85,43,128
59,9,68
31,72,103
64,93,157
12,94,106
26,93,119
53,13,66
65,40,105
23,49,72
90,26,116
26,74,100
68,70,138
37,75,112
42,67,109
92,15,107
99,93,192
34,9,43
78,71,149
85,69,154
73,40,113
13,82,95
99,23,122
7,50,57
90,86,176
16,7,23
48,92,140
35,32,67
25,25,50
89,37,126
86,49,135
19,83,102
78,78,156
82,55,137
93,73,166
10,44,54
96,59,155
70,65,135
46,52,98
48,30,78
92,41,133
16,85,101
30,45,75
78,40,118
9,29,38
99,98,197
8,12,20
61,85,146
44,78,122
10,39,49
64,59,123
79,53,132
30,26,56
23,40,63
70,56,126
87,98,185
11,16,27
78,75,153
58,46,104
58,97,155
95,33,128
94,76,170
85,79,164
7,34,41
36,50,86
14,83,97
83,56,139
67,20,87
19,66,85
63,95,158
100,20,120
30,51,81
58,63,121
22,15,37
80,90,170
33,78,111
90,66,156
41,29,70
22,23,45
86,84,170
83,84,167
90,47,137
79,78,157
20,93,113
27,83,110
88,20,108
49,36,85
13,42,55
49,76,125
81,95,176
54,97,151
65,58,123
22,21,43
93,80,173
96,87,183
96,29,125
33,92,125
82,71,153
48,18,66
22,20,42
15,37,52
40,83,123
60,22,82
27,73,100
68,96,164
65,55,120
31,84,115
80,68,148
25,51,76
32,43,75
60,75,135
55,43,98
47,25,72
40,94,134
79,44,123
77,37,114
30,53,83
44,83,127
12,61,73
74,16,90
69,79,148
96,81,177
59,29,88
68,71,139
15,40,55
41,87,128
46,11,57
48,78,126
64,22,86
50,24,74
96,21,117
86,95,181
42,61,103
29,64,93
38,54,92
80,8,88
35,28,63
79,40,119
44,88,132
52,73,125
79,13,92
30,28,58
40,95,135
25,49,74
54,36,90
57,31,88
52,11,63
70,86,156
47,9,56
27,55,82
50,92,142
90,43,133
85,25,110
25,32,57
51,79,130
16,80,96
81,25,106
31,60,91
51,84,135
24,52,76
28,35,63
78,97,175
63,37,100
95,99,194
82,70,152
20,60,80
48,25,73
92,69,161
47,98,145
42,76,118
91,42,133
43,34,77
9,62,71
60,15,75
84,88,172
97,42,139
12,10,22
22,17,39
74,79,153
69,72,141
30,22,52
68,90,158
43,10,53
82,31,113
89,21,110
76,29,105
72,9,81
57,65,122
46,18,64
62,30,92
74,32,106
97,9,106
53,54,107
70,57,127
49,98,147
81,82,163
83,30,113
28,25,53
77,48,125
42,11,53
99,31,130
26,100,126
74,54,128
28,41,69
85,89,174
81,17,98
47,84,131
37,43,80
8,56,64
26,46,72
20,78,98
75,16,91
97,95,192
79,28,107
11,51,62
93,15,108
90,80,170
11,67,78
73,16,89
28,100,128
64,25,89
73,88,161
35,96,131
99,76,175
83,99,182
96,63,159
45,16,61
28,91,119
25,72,97
84,80,164
26,44,70
43,48,91
24,82,106
31,60,91
57,83,140
78,71,149
24,90,114
69,57,126
69,60,129
39,12,51
12,32,44
72,26,98
51,66,117
43,8,51
51,23,74
51,51,102
63,51,114
92,41,133
66,89,155
51,53,104
91,59,150
74,20,94
47,65,112
62,91,153
31,83,114
12,60,72
11,94,105
11,24,35
31,89,120
64,23,87
79,37,116
16,54,70
53,17,70
13,53,66
76,24,100
92,24,116
57,18,75
82,47,129
24,90,114
98,13,111
43,7,50
11,18,29
55,41,96
64,54,118
91,49,140
85,33,118
94,97,191
64,54,118
65,15,80
8,42,50
82,73,155
51,27,78
89,43,132
96,38,134
21,29,50
18,38,56
95,9,104
96,64,160
67,61,128
60,11,71
94,56,150
50,86,136
100,82,182
12,51,63
72,78,150
14,59,73
47,32,79
66,9,75
55,29,84
47,13,60
21,12,33
69,87,156
90,37,127
50,25,75
35,85,120
33,55,88
88,62,150
80,40,120
15,25,40
100,84,184
71,91,162
55,20,75
31,26,57
44,62,106
28,78,106
81,90,171
94,93,187
17,88,105
56,40,96
9,28,37
75,7,82
75,90,165
49,99,148
93,87,180
26,13,39
71,41,112
95,8,103
18,96,114
91,95,186
48,70,118
11,9,20
10,69,79
47,69,116
23,50,73
18,58,76
61,75,136
65,26,91
23,68,91
34,21,55
39,47,86
19,11,30
9,54,63
78,50,128
78,88,166
75,32,107
46,93,139
95,54,149
28,27,55
17,32,49
11,43,54
82,50,132
79,19,98
16,33,49
12,94,106
47,76,123
82,31,113
44,55,99
94,11,105
66,51,117
74,43,117
11,34,45
77,90,167
11,41,52
65,18,83
34,9,43
57,13,70
95,27,122
12,41,53
53,56,109
68,48,116
95,11,106
74,63,137
83,63,146
37,25,62
60,79,139
37,35,72
28,43,71
41,69,110
17,26,43
10,38,48
8,10,18
17,91,108
59,98,157
26,38,64
22,96,118
91,77,168
41,25,66
42,27,69
62,77,139
56,41,97
28,7,35
54,61,115
18,92,110
53,9,62
87,56,143
87,80,167
48,40,88
100,38,138
52,97,149
72,42,114
59,33,92
64,40,104
17,66,83
66,26,92
97,89,186
74,50,124
27,83,110
88,80,168
57,44,101
89,93,182
22,14,36
35,74,109
12,91,103
43,99,142
85,65,150
87,63,150
24,21,45
23,20,43
88,48,136
83,80,163
51,71,122
55,76,131
71,35,106
36,91,127
75,82,157
77,56,133
7,39,46
80,86,166
56,58,114
48,77,125
63,99,162
83,42,125
39,92,131
40,38,78
93,30,123
97,22,119
85,33,118
37,30,67
55,82,137
36,67,103
46,80,126
22,77,99
38,32,70
94,92,186
29,93,122
71,61,132
46,35,81
69,23,92
23,19,42
85,99,184
88,59,147
45,17,62
56,56,112
42,8,50
93,64,157
83,66,149
48,50,98
27,98,125
13,11,24
26,79,105
82,67,149
13,70,83
32,71,103
93,70,163
58,89,147
59,81,140
49,26,75
14,39,53
90,78,168
60,25,85
92,49,141
10,39,49
29,37,66
40,85,125
63,37,100
85,34,119
61,26,87
94,61,155
79,63,142
88,100,188
71,38,109
47,72,119
44,63,107
56,66,122
44,13,57
22,63,85
73,62,135
42,41,83
51,89,140
35,49,84
21,81,102
50,47,97
81,60,141
44,47,91
75,86,161
27,97,124
81,76,157
36,42,78
19,48,67
47,31,78
67,96,163
26,55,81
56,98,154
67,64,131
54,38,92
12,13,25
19,54,73
93,94,187
90,66,156
13,96,109
83,98,181
96,98,194
79,24,103
41,64,105
18,89,107
63,85,148
21,61,82
35,33,68
44,62,106
81,88,169
21,14,35
41,93,134
51,41,92
7,57,64
76,32,108
47,32,79
57,76,133
54,40,94
41,87,128
33,40,73
48,72,120
86,11,97
39,82,121
44,84,128
84,97,181
78,91,169
65,46,111
78,52,130
81,33,114
27,94,121
98,62,160
91,68,159
85,50,135
28,32,60
84,38,122
17,54,71
79,58,137
99,98,197
18,34,52
69,67,136
79,75,154
86,25,111
92,74,166
50,85,135
66,51,117
40,37,77
33,78,111
98,82,180
85,63,148
82,32,114
73,71,144
14,27,41
100,72,172
54,13,67
39,76,115
99,46,145
17,19,36
17,62,79
89,43,132
34,61,95
93,46,139
44,13,57
44,91,135
13,79,92
67,15,82
45,24,69
7,80,87
74,13,87
43,9,52
40,89,129
22,63,85
17,88,105
84,26,110
35,79,114
86,97,183
25,28,53
63,25,88
8,59,67
12,78,90
57,62,119
84,41,125
40,79,119
94,90,184
58,39,97
20,19,39
40,27,67
24,52,76
19,30,49
17,79,96
81,90,171
93,37,130
69,95,164
38,74,112
89,66,155
28,8,36
54,37,91
59,93,152
59,85,144
30,26,56
89,48,137
42,91,133
51,12,63
18,48,66
81,46,127
8,26,34
37,85,122
58,50,108
34,48,82
36,27,63
8,45,53
92,57,149
17,80,97
81,30,111
75,16,91
81,34,115
28,77,105
97,38,135
18,16,34
73,8,81
64,94,158
81,45,126
95,70,165
35,13,48
73,47,120
32,79,111
62,16,78
96,41,137
26,92,118
40,65,105
26,51,77
97,8,105
94,59,153
22,86,108
94,79,173
43,38,81
75,29,104
98,86,184
81,39,120
40,81,121
60,89,149
59,65,124
9,15,24
9,43,52
29,19,48
10,34,44
66,39,105
68,33,101
78,54,132
41,25,66
52,70,122
63,92,155
14,81,95
16,30,46
97,71,168
77,85,162
66,43,109
60,19,79
18,57,75
33,82,115
74,26,100
48,13,61
50,8,58
51,16,67
48,72,120
87,8,95
31,39,70
16,73,89
66,97,163
8,91,99
63,99,162
95,45,140
85,19,104
87,15,102
38,37,75
10,15,25
15,34,49
13,15,28
15,33,48
31,96,127
15,72,87
20,94,114
29,97,126
65,44,109
75,55,130
50,21,71
18,79,97
93,75,168
68,24,92
16,78,94
14,69,83
79,75,154
38,99,137
78,93,171
85,19,104
76,79,155
90,59,149
13,88,101
39,53,92
73,29,102
41,100,141
41,74,115
83,52,135
22,98,120
45,45,90
92,69,161
91,85,176
33,13,46
83,52,135
43,79,122
59,59,118
21,33,54
99,56,155
52,58,110
8,76,84
13,74,87
54,51,105
81,86,167
90,98,188
8,37,45
97,47,144
69,82,151
45,8,53
76,83,159
89,100,189
79,9,88
94,23,117
22,87,109
9,15,24
79,21,100
83,69,152
92,17,109
23,23,46
15,74,89
61,75,136
92,7,99
40,77,117
91,44,135
32,34,66
95,77,172
69,15,84
70,95,165
17,58,75
73,7,80
73,17,90
71,68,139
10,71,81
10,90,100
43,61,104
16,99,115
23,27,50
73,26,99
50,44,94
36,23,59
98,75,173
80,38,118
91,10,101
12,29,41
29,52,81
93,25,118
20,13,33
20,7,27
18,70,88
50,80,130
89,33,122
60,72,132
15,25,40
78,52,130
46,88,134
18,8,26
17,83,100
90,15,105
8,96,104
31,90,121
34,36,70
67,70,137
70,16,86
15,82,97
69,70,139
37,52,89
73,75,148
99,15,114
74,51,125
61,91,152
8,20,28
87,77,164
29,34,63
62,37,99
43,11,54
26,79,105
25,21,46
57,12,69
56,38,94
75,55,130
22,79,101
38,42,80
12,84,96
49,84,133
60,30,90
89,71,160
58,34,92
37,65,102
18,77,95
76,31,107
19,45,64
90,76,166
59,71,130
81,41,122
83,80,163
14,76,90
27,24,51
47,7,54
12,69,81
61,36,97
94,86,180
78,36,114
98,58,156
19,20,39
39,32,71
70,68,138
12,51,63
25,100,125
13,92,105
44,68,112
54,46,100
99,25,124
7,27,34
13,10,23
47,15,62
17,73,90
20,95,115
48,45,93
10,72,82
18,30,48
40,79,119
95,43,138
30,91,121
32,90,122
13,38,51
77,82,159
72,72,144
91,93,184
49,62,111
93,73,166
13,8,21
26,75,101
8,9,17
15,76,91
73,57,130
98,86,184
71,71,142
15,51,66
32,82,114
15,63,78
55,91,146
18,78,96
11,83,94
94,36,130
93,92,185
19,82,101
92,57,149
72,43,115
96,74,170
22,62,84
71,61,132
62,83,145
16,16,32
40,41,81
35,25,60
70,13,83
46,97,143
80,98,178
31,34,65
74,74,148
33,28,61
58,60,118
30,50,80
42,25,67
64,87,151
54,99,153
67,35,102
38,58,96
59,75,134
10,35,45
52,45,97
71,58,129
56,53,109
49,86,135
94,56,150
46,29,75
67,77,144
8,88,96
43,21,64
39,59,98
42,46,88
85,80,165
8,62,70
44,8,52
35,70,105
78,11,89
76,98,174
65,66,131
75,18,93
86,28,114
81,8,89
70,35,105
100,73,173
66,100,166
46,80,126
66,74,140
22,11,33
77,59,136
11,42,53
95,87,182
70,30,100
83,12,95
96,30,126
19,81,100
91,44,135
7,66,73
88,20,108
37,79,116
9,29,38
37,77,114
21,37,58
87,41,128
91,76,167
19,48,67
85,7,92
51,91,142
15,89,104
75,91,166
26,47,73
8,27,35
49,43,92
11,12,23
84,83,167
9,17,26
38,48,86
92,42,134
8,22,30
22,52,74
56,27,83
12,58,70
74,12,86
13,10,23
69,90,159
98,88,186
17,12,29
20,95,115
56,11,67
8,79,87
53,38,91
86,75,161
43,95,138
89,27,116
74,56,130
26,62,88
18,61,79
41,85,126
72,100,172
54,83,137
52,35,87
79,51,130
35,93,128
29,67,96
28,34,62
60,64,124
57,49,106
88,28,116
65,58,123
43,38,81
98,73,171
87,69,156
98,48,146
67,55,122
79,96,175
26,43,69
57,49,106
33,20,53
41,78,119
53,50,103
76,32,108
28,55,83
61,89,150
89,26,115
89,69,158
42,35,77
85,70,155
100,45,145
11,30,41
37,49,86
31,27,58
94,94,188
21,10,31
25,98,123
18,35,53
19,99,118
86,12,98
12,14,26
64,67,131
24,59,83
37,25,62
58,62,120
9,51,60
68,26,94
44,35,79
89,77,166
28,90,118
38,93,131
88,74,162
23,46,69
87,39,126
94,98,192
31,61,92
71,79,150
11,28,39
84,56,140
94,68,162
36,56,92
78,8,86
37,39,76
71,44,115
54,28,82
14,81,95
33,73,106
57,93,150
34,69,103
16,59,75
63,38,101
80,58,138
95,28,123
64,29,93
53,92,145
39,57,96
51,22,73
86,14,100
17,55,72
62,73,135
11,40,51
56,87,143
12,15,27
66,48,114
28,59,87
48,44,92
66,91,157
92,10,102
81,89,170
61,95,156
84,60,144
84,83,167
99,70,169
10,100,110
24,25,49
37,92,129
25,86,111
88,52,140
29,60,89
9,62,71
28,38,66
63,16,79
75,25,100
40,68,108
75,38,113
76,48,124
81,29,110
45,91,136
33,26,59
97,90,187
92,14,106
11,10,21
100,9,109
100,46,146
37,45,82
19,66,85
68,36,104
96,64,160
22,57,79
45,32,77
13,26,39
79,89,168
42,98,140
100,10,110
88,51,139
18,42,60
7,66,73
24,84,108
96,75,171
62,55,117
40,42,82
52,13,65
67,72,139
62,40,102
97,87,184
70,62,132
95,71,166
26,33,59
9,46,55
29,66,95
23,51,74
7,35,42
15,69,84
30,38,68
70,18,88
31,14,45
95,100,195
14,95,109
99,22,121
83,26,109
19,61,80
72,55,127
79,30,109
18,100,118
57,79,136
83,59,142
29,22,51
33,32,65
73,39,112
79,82,161
45,12,57
57,50,107
81,96,177
69,41,110
14,95,109
24,45,69
92,58,150
71,24,95
94,28,122
60,27,87
78,25,103
64,91,155
66,86,152
70,88,158
78,70,148
50,16,66
15,19,34
70,62,132
26,71,97
63,10,73
19,53,72
28,42,70
49,96,145
30,83,113
51,27,78
63,99,162
27,17,44
63,13,76
29,34,63
83,85,168
65,69,134
22,85,107
73,59,132
20,69,89
78,22,100
97,9,106
33,76,109
44,79,123
11,8,19
71,20,91
23,52,75
91,43,134
83,29,112
91,81,172
66,41,107
45,54,99
93,66,159
64,74,138
71,65,136
49,81,130
17,20,37
60,88,148
9,54,63
96,47,143
95,49,144
41,88,129
61,82,143
38,51,89
7,92,99
93,86,179
38,89,127
71,64,135
86,50,136
25,70,95
82,95,177
99,71,170
17,67,84
33,86,119
72,36,108
55,98,153
82,55,137
63,76,139
87,19,106
100,20,120
98,25,123
32,82,114
28,46,74
95,28,123
70,28,98
45,63,108
47,65,112
12,64,76
65,63,128
67,73,140
49,51,100
16,14,30
56,35,91
59,88,147
65,79,144
10,12,22
12,47,59
18,63,81
67,84,151
95,75,170
73,36,109
86,80,166
43,11,54
90,44,134
60,44,104
69,41,110
46,37,83
76,25,101
81,66,147
94,78,172
28,51,79
64,90,154
32,93,125
99,31,130
20,93,113
100,39,139
40,88,128
66,77,143
50,41,91
10,74,84
30,85,115
10,49,59
66,61,127
83,94,177
64,28,92
93,17,110
34,27,61
26,25,51
51,79,130
67,90,157
82,12,94
37,99,136
91,86,177
12,9,21
11,73,84
58,95,153
38,48,86
17,56,73
78,46,124
38,63,101
85,85,170
73,70,143
35,95,130
13,60,73
88,18,106
62,89,151
23,76,99
39,43,82
35,18,53
63,46,109
39,19,58
29,31,60
28,70,98
75,26,101
71,11,82
63,98,161
22,39,61
18,91,109
90,9,99
50,59,109
21,38,59
75,55,130
87,51,138
58,25,83
8,37,45
65,63,128
75,100,175
45,88,133
47,77,124
69,11,80
92,84,176
46,40,86
82,81,163
41,43,84
100,8,108
15,44,59
40,45,85
33,62,95
15,31,46
54,60,114
12,60,72
19,41,60
87,9,96
19,82,101
7,12,19
18,76,94
70,75,145
71,97,168
17,73,90
87,34,121
65,24,89
79,37,116
68,21,89
79,16,95
73,64,137
48,21,69
56,10,66
33,57,90
15,9,24
27,7,34
98,22,120
39,17,56
59,58,117
59,30,89
46,58,104
25,51,76
95,65,160
48,51,99
61,15,76
22,48,70
54,35,89
35,36,71
94,15,109
85,39,124
67,99,166
70,26,96
86,70,156
35,96,131
71,34,105
20,19,39
65,20,85
38,69,107
24,18,42
48,10,58
72,16,88
43,38,81
15,25,40
69,80,149
34,12,46
50,79,129
71,98,169
42,99,141
38,33,71
8,37,45
47,22,69
69,57,126
19,20,39
59,85,144
47,30,77
17,97,114
37,28,65
82,23,105
34,53,87
10,70,80
16,21,37
80,93,173
71,36,107
91,68,159
42,33,75
37,25,62
67,8,75
21,67,88
64,67,131
95,61,156
53,57,110
14,23,37
88,29,117
34,49,83
11,86,97
38,79,117
86,11,97
39,32,71
82,83,165
17,92,109
58,83,141
39,41,80
72,31,103
37,54,91
38,21,59
77,47,124
9,79,88
77,56,133
69,33,102
25,41,66
23,96,119
88,98,186
76,58,134
84,80,164
96,26,122
83,49,132
41,25,66
67,24,91
49,25,74
57,88,145
35,44,79
47,20,67
49,69,118
95,40,135
28,87,115
90,54,144
63,21,84
88,81,169
71,83,154
56,56,112
67,21,88
94,80,174
25,97,122
44,85,129
82,41,123
71,95,166
64,73,137
13,87,100
50,73,123
37,45,82
35,25,60
82,74,156
11,81,92
21,67,88
26,75,101
59,34,93
64,79,143
66,75,141
97,94,191
23,47,70
45,98,143
81,35,116
56,47,103
34,58,92
42,20,62
57,52,109
73,56,129
63,32,95
12,45,57
38,37,75
64,53,117
28,13,41
8,38,46
18,21,39
21,12,33
16,33,49
12,42,54
88,94,182
19,71,90
46,89,135
92,18,110
33,97,130
48,44,92
61,8,69
82,49,131
64,32,96
82,71,153
82,21,103
24,51,75
79,33,112
21,17,38
60,56,116
56,10,66
46,62,108
44,40,84
58,33,91
24,52,76
51,72,123
40,89,129
11,93,104
17,87,104
74,71,145
19,67,86
91,79,170
83,77,160
24,8,32
39,29,68
72,56,128
7,30,37
50,12,62
14,88,102
33,26,59
38,50,88
32,51,83
8,30,38
44,46,90
53,55,108
92,40,132
46,90,136
71,30,101
59,70,129
22,32,54
52,36,88
47,46,93
28,27,55
58,71,129
47,65,112
55,43,98
25,94,119
8,41,49
10,82,92
85,31,116
12,84,96
80,54,134
95,11,106
54,54,108
12,97,109
72,70,142
71,93,164
10,95,105
97,49,146
49,23,72
39,15,54
68,25,93
73,83,156
12,86,98
7,39,46
61,23,84
56,77,133
83,49,132
29,67,96
26,33,59
60,85,145
67,34,101
10,62,72
71,33,104
37,65,102
35,60,95
46,7,53
100,13,113
18,100,118
77,83,160
38,33,71
14,60,74
70,55,125
58,61,119
41,77,118
13,81,94
70,78,148
42,39,81
49,47,96
86,92,178
72,74,146
38,45,83
51,55,106
30,76,106
81,21,102
36,99,135
48,23,71
14,17,31
60,17,77
44,17,61
98,45,143
80,64,144
40,20,60
82,23,105
77,16,93
63,50,113
96,85,181
54,12,66
20,50,70
98,8,106
10,93,103
58,80,138
44,74,118
31,86,117
16,49,65
99,72,171
83,38,121
42,9,51
18,57,75
85,54,139
26,27,53
21,78,99
70,36,106
39,73,112
68,35,103
31,44,75
14,20,34
8,50,58
41,93,134
88,17,105
46,45,91
13,90,103
66,11,77
59,96,155
25,56,81
61,13,74
24,71,95
69,95,164
32,93,125
90,77,167
90,30,120
28,88,116
49,100,149
96,98,194
8,29,37
69,70,139
90,56,146
100,22,122
91,21,112
19,22,41
90,20,110
48,14,62
28,8,36
88,69,157
56,52,108
63,52,115
32,90,122
89,39,128
42,33,75
96,10,106
100,98,198
73,54,127
69,19,88
96,88,184
59,50,109
100,24,124
28,99,127
39,94,133
18,44,62
24,82,106
49,46,95
31,47,78
80,74,154
13,49,62
21,73,94
12,49,61
62,18,80
22,73,95
68,100,168
24,70,94
55,31,86
15,83,98
79,13,92
80,18,98
59,88,147
49,54,103
76,84,160
95,13,108
51,54,105
55,96,151
25,96,121
24,47,71
22,85,107
61,41,102
48,52,100
56,98,154
90,80,170
23,77,100
20,44,64
46,27,73
33,19,52
89,51,140
42,80,122
57,59,116
77,36,113
29,74,103
86,93,179
75,76,151
95,27,122
55,40,95
96,92,188
33,80,113
63,52,115
99,37,136
30,96,126
65,34,99
51,97,148
28,40,68
90,24,114
53,17,70
75,93,168
70,27,97
22,10,32
68,87,155
37,17,54
52,26,78
22,51,73
54,10,64
49,68,117
59,64,123
14,24,38
35,72,107
22,61,83
17,12,29
8,33,41
37,70,107
36,32,68
54,82,136
74,92,166
80,10,90
91,34,125
14,22,36
76,66,142
68,82,150
80,75,155
35,33,68
34,37,71
32,90,122
29,14,43
54,71,125
18,11,29
81,91,172
33,52,85
79,63,142
95,54,149
92,46,138
67,85,152
94,98,192
72,64,136
48,47,95
80,60,140
9,57,66
67,70,137
97,68,165
56,28,84
91,35,126
68,20,88
93,58,151
33,39,72
74,77,151
27,87,114
85,10,95
94,100,194
64,87,151
76,72,148
73,72,145
22,31,53
68,42,110
21,75,96
11,82,93
55,98,153
10,83,93
60,26,86
51,28,79
76,84,160
38,41,79
71,53,124
85,58,143
24,82,106
22,88,110
54,69,123
27,40,67
67,73,140
95,12,107
24,53,77
42,89,131
27,43,70
59,32,91
10,82,92
41,30,71
56,53,109
7,65,72
56,8,64
82,38,120
48,71,119
35,31,66
70,38,108
52,17,69
41,57,98
21,28,49
20,43,63
72,69,141
97,38,135
36,53,89
12,9,21
24,52,76
86,12,98
9,81,90
19,66,85
84,75,159
15,55,70
54,88,142
70,34,104
66,23,89
30,81,111
59,19,78
62,71,133
97,19,116
12,59,71
95,48,143
57,58,115
76,73,149
33,76,109
68,16,84
90,63,153
25,93,118
53,21,74
48,86,134
78,87,165
11,69,80
22,63,85
19,56,75
10,56,66
40,86,126
37,73,110
21,56,77
37,21,58
51,99,150
31,55,86
49,33,82
72,31,103
60,56,116
90,24,114
99,83,182
90,14,104
71,90,161
18,21,39
95,59,154
18,65,83
70,71,141
57,69,126
97,41,138
98,33,131
81,86,167
80,70,150
28,14,42
83,90,173
88,39,127
11,38,49
31,23,54
82,46,128
71,20,91
89,18,107
11,73,84
84,8,92
40,66,106
55,58,113
90,17,107
87,19,106
63,50,113
11,82,93
80,41,121
67,46,113
100,71,171
59,52,111
12,39,51
36,60,96
25,97,122
84,49,133
60,16,76
91,73,164
97,59,156
8,55,63
56,87,143
69,95,164
71,51,122
99,56,155
45,71,116
65,79,144
8,21,29
22,15,37
76,15,91
47,54,101
51,84,135
28,67,95
58,31,89
49,10,59
93,67,160
68,17,85
7,23,30
99,75,174
38,77,115
42,61,103
15,46,61
26,33,59
54,44,98
41,81,122
43,25,68
26,19,45
68,48,116
42,58,100
38,60,98
58,85,143
78,86,164
26,64,90
70,98,168
39,26,65
39,48,87
77,59,136
39,51,90
12,92,104
66,65,131
91,22,113
89,22,111
94,51,145
61,20,81
18,89,107
73,85,158
43,21,64
89,33,122
34,62,96
17,25,42
21,26,47
27,31,58
66,75,141
42,91,133
25,20,45
14,71,85
56,18,74
20,37,57
80,37,117
12,84,96
27,44,71
11,55,66
48,10,58
17,14,31
78,50,128
97,24,121
21,35,56
10,57,67
82,36,118
47,20,67
40,93,133
72,94,166
98,47,145
34,32,66
58,32,90
89,42,131
72,10,82
87,78,165
85,30,115
41,12,53
9,16,25
71,87,158
85,32,117
98,24,122
26,44,70
94,75,169
10,48,58
48,8,56
51,45,96
65,60,125
65,17,82
98,72,170
22,92,114
20,48,68
23,31,54
74,90,164
19,29,48
94,55,149
82,29,111
75,80,155
54,32,86
36,33,69
21,90,111
9,8,17
69,54,123
86,66,152
13,68,81
23,78,101
61,50,111
52,93,145
88,56,144
98,7,105
66,19,85
17,68,85
61,47,108
79,94,173
76,73,149
84,29,113
23,43,66
12,42,54
37,70,107
65,51,116
48,99,147
28,61,89
46,39,85
25,25,50
24,43,67
29,67,96
27,99,126
35,100,135
62,71,133
94,62,156
27,70,97
53,15,68
75,71,146
19,85,104
51,90,141
42,57,99
62,31,93
93,86,179
73,65,138
91,92,183
80,93,173
19,18,37
25,66,91
63,44,107
45,48,93
7,68,75
8,77,85
48,43,91
84,8,92
68,69,137
90,82,172
84,50,134
30,30,60
47,80,127
77,66,143
78,55,133
48,32,80
77,27,104
54,46,100
34,92,126
66,100,166
47,81,128
57,95,152
49,75,124
21,95,116
36,40,76
41,73,114
68,12,80
17,50,67
18,93,111
51,73,124
98,17,115
82,20,102
79,17,96
8,79,87
66,80,146
30,62,92
63,90,153
53,85,138
23,10,33
67,36,103
56,48,104
14,88,102
29,25,54
45,68,113
38,77,115
93,32,125
37,22,59
71,96,167
55,26,81
83,22,105
53,100,153
55,14,69
60,57,117
89,93,182
46,34,80
41,31,72
54,30,84
38,24,62
58,26,84
49,57,106
40,29,69
38,80,118
97,50,147
84,72,156
87,77,164
72,88,160
75,83,158
41,35,76
92,97,189
19,61,80
23,67,90
8,15,23
66,73,139
97,67,164
49,100,149
33,95,128
72,27,99
94,8,102
68,26,94
78,29,107
100,79,179
36,71,107
17,64,81
77,74,151
71,70,141
99,19,118
88,64,152
90,7,97
53,69,122
94,85,179
53,8,61
50,30,80
60,93,153
7,72,79
18,79,97
46,96,142
84,28,112
41,84,125
31,57,88
60,7,67
70,57,127
54,38,92
39,49,88
52,54,106
72,75,147
75,95,170
93,80,173
70,56,126
58,30,88
60,81,141
82,92,174
29,95,124
27,87,114
81,36,117
48,40,88
15,24,39
65,55,120
27,71,98
15,42,57
56,76,132
85,70,155
37,33,70
21,67,88
58,46,104
74,54,128
55,32,87
67,99,166
93,57,150
59,61,120
23,30,53
29,89,118
94,47,141
83,18,101
18,59,77
87,75,162
65,68,133
73,51,124
35,13,48
76,59,135
100,24,124
58,46,104
12,34,46
27,79,106
32,89,121
29,48,77
62,15,77
77,9,86
74,29,103
50,7,57
94,29,123
28,21,49
85,50,135
57,55,112
20,14,34
50,19,69
86,86,172
89,73,162
51,25,76
21,83,104
29,80,109
57,87,144
83,67,150
67,90,157
63,63,126
95,74,169
90,94,184
46,92,138
19,29,48
48,65,113
71,70,141
59,57,116
76,28,104
76,30,106
14,24,38
61,86,147
55,24,79
100,73,173
20,39,59
31,14,45
93,21,114
50,93,143
74,52,126
93,90,183
40,75,115
59,17,76
65,98,163
77,47,124
19,100,119
39,14,53
86,22,108
18,12,30
80,62,142
33,98,131
64,10,74
26,48,74
64,94,158
57,39,96
96,49,145
39,72,111
42,62,104
94,85,179
74,91,165
67,63,130
93,15,108
24,29,53
31,42,73
99,12,111
9,85,94
50,66,116
36,76,112
44,77,121
57,35,92
37,24,61
45,71,116
29,93,122
85,79,164
69,91,160
62,86,148
98,92,190
8,68,76
46,12,58
92,23,115
45,31,76
98,85,183
46,82,128
55,69,124
73,94,167
90,35,125
61,25,86
25,75,100
27,79,106
88,94,182
18,48,66
88,34,122
9,79,88
21,56,77
53,82,135
41,22,63
51,47,98
84,88,172
100,60,160
43,34,77
39,56,95
89,30,119
77,60,137
8,7,15
67,10,77
96,51,147
85,58,143
26,9,35
61,50,111
34,18,52
12,53,65
14,75,89
8,19,27
88,39,127
92,80,172
96,72,168
45,78,123
84,59,143
100,30,130
57,95,152
82,78,160
65,98,163
11,96,107
83,52,135
86,89,175
23,34,57
97,54,151
87,36,123
16,32,48
32,90,122
54,59,113
31,51,82
16,98,114
93,15,108
25,59,84
61,65,126
16,95,111
8,54,62
84,14,98
42,11,53
81,36,117
42,86,128
48,50,98
90,51,141
53,39,92
12,43,55
17,57,74
80,9,89
95,69,164
73,16,89
9,18,27
16,34,50
62,51,113
47,79,126
41,88,129
86,69,155
60,25,85
95,81,176
43,69,112
26,45,71
73,76,149
14,27,41
44,50,94
18,99,117
19,71,90
63,20,83
24,51,75
85,19,104
79,47,126
59,53,112
68,17,85
51,18,69
91,60,151
31,87,118
25,40,65
41,35,76
80,10,90
26,43,69
87,36,123
78,8,86
80,29,109
48,25,73
36,14,50
67,26,93
42,22,64
41,61,102
56,26,82
80,52,132
71,19,90
50,100,150
37,66,103
47,76,123
64,15,79
66,89,155
53,61,114
26,91,117
29,77,106
84,29,113
15,79,94
79,18,97
18,61,79
88,14,102
89,79,168
26,70,96
88,85,173
31,68,99
80,47,127
32,45,77
25,34,59
94,28,122
81,44,125
77,61,138
78,33,111
27,59,86
100,18,118
26,18,44
27,42,69
94,53,147
96,22,118
33,91,124
89,22,111
11,76,87
56,76,132
96,65,161
56,38,94
94,59,153
44,10,54
77,32,109
39,42,81
51,49,100
14,28,42
100,21,121
11,7,18
43,97,140
52,95,147
34,100,134
13,53,66
45,20,65
47,76,123
99,55,154
16,22,38
48,99,147
92,30,122
43,41,84
92,97,189
83,77,160
94,26,120
77,66,143
79,41,120
17,56,73
79,50,129
20,16,36
75,86,161
47,18,65
22,97,119
95,76,171
76,68,144
23,43,66
66,28,94
79,21,100
12,46,58
69,45,114
33,17,50
67,87,154
22,95,117
74,64,138
22,76,98
55,64,119
88,13,101
91,52,143
74,33,107
54,48,102
25,22,47
25,40,65
52,47,99
88,81,169
94,35,129
91,23,114
20,12,32
96,24,120
100,31,131
90,13,103
10,68,78
18,24,42
48,79,127
94,9,103
31,60,91
23,40,63
58,40,98
55,35,90
78,48,126
54,86,140
9,55,64
76,89,165
61,33,94
34,65,99
27,8,35
63,91,154
54,53,107
84,13,97
81,50,131
17,91,108
52,27,79
48,24,72
78,57,135
44,50,94
80,32,112
24,64,88
27,90,117
19,15,34
41,37,78
40,20,60
43,30,73
32,68,100
55,94,149
50,59,109
70,51,121
37,41,78
69,41,110
18,53,71
94,94,188
30,20,50
100,21,121
92,88,180
93,41,134
53,68,121
45,12,57
67,90,157
37,90,127
88,11,99
65,82,147
14,30,44
99,44,143
97,40,137
88,20,108
24,11,35
62,90,152
76,90,166
69,39,108
93,58,151
71,29,100
97,25,122
95,15,110
39,61,100
64,72,136
59,75,134
22,45,67
44,14,58
70,10,80
12,15,27
61,58,119
47,53,100
56,77,133
51,10,61
16,30,46
66,42,108
96,59,155
33,10,43
16,51,67
15,20,35
24,72,96
63,26,89
30,60,90
12,29,41
95,57,152
32,69,101
57,77,134
57,63,120
92,48,140
92,81,173
46,86,132
50,8,58
46,10,56
45,67,112
71,35,106
78,51,129
47,45,92
44,95,139
40,45,85
83,28,111
44,46,90
55,93,148
51,100,151
98,93,191
65,16,81
78,42,120
84,50,134
77,74,151
45,95,140
26,44,70
45,69,114
18,94,112
94,54,148
24,51,75
80,99,179
48,61,109
42,24,66
68,73,141
83,78,161
75,87,162
81,56,137
27,87,114
24,76,100
67,94,161
10,89,99
52,74,126
66,84,150
24,22,46
89,7,96
88,83,171
70,87,157
36,54,90
42,48,90
50,93,143
75,30,105
38,77,115
93,51,144
12,99,111
41,12,53
43,98,141
98,29,127
55,62,117
20,60,80
10,87,97
61,70,131
56,21,77
56,58,114
98,90,188
69,32,101
50,73,123
57,70,127
66,13,79
63,85,148
54,33,87
92,34,126
39,19,58
63,40,103
14,64,78
61,43,104
8,85,93
29,59,88
27,46,73
37,59,96
54,83,137
93,66,159
61,86,147
12,80,92
66,22,88
90,82,172
96,44,140
47,69,116
37,52,89
20,39,59
95,21,116
64,62,126
48,73,121
7,20,27
59,71,130
83,27,110
30,86,116
63,20,83
37,19,56
42,24,66
80,29,109
81,14,95
17,75,92
16,83,99
31,83,114
95,46,141
28,64,92
60,70,130
94,38,132
46,69,115
97,89,186
42,20,62
50,75,125
29,54,83
87,14,101
60,98,158
63,27,90
22,90,112
59,75,134
67,25,92
24,26,50
73,41,114
95,52,147
60,23,83
82,83,165
26,98,124
12,75,87
51,52,103
87,90,177
18,50,68
40,27,67
29,70,99
82,72,154
50,33,83
66,48,114
56,60,116
22,78,100
18,90,108
41,15,56
80,33,113
16,100,116
99,42,141
24,85,109
20,7,27
14,54,68
42,24,66
37,90,127
27,36,63
18,55,73
69,66,135
7,63,70
70,40,110
80,13,93
57,96,153
8,26,34
28,100,128
29,86,115
29,70,99
82,85,167
89,64,153
50,26,76
76,38,114
38,24,62
81,54,135
95,94,189
100,10,110
93,14,107
45,10,55
90,63,153
61,36,97
37,100,137
44,36,80
55,83,138
47,98,145
51,71,122
81,69,150
64,64,128
47,68,115
71,93,164
35,18,53
63,88,151
68,60,128
32,19,51
15,95,110
76,80,156
30,60,90
51,79,130
70,31,101
76,58,134
20,84,104
96,35,131
44,37,81
82,48,130
74,81,155
27,94,121
49,7,56
60,42,102
16,52,68
99,21,120
12,38,50
19,25,44
12,78,90
63,37,100
20,36,56
35,19,54
95,51,146
26,8,34
81,47,128
9,33,42
31,64,95
62,65,127
39,74,113
8,33,41
83,50,133
71,7,78
94,79,173
61,64,125
86,41,127
89,43,132
53,98,151
89,95,184
67,36,103
70,42,112
36,35,71
48,79,127
92,65,157
77,63,140
86,31,117
59,49,108
54,26,80
21,62,83
93,42,135
86,100,186
88,30,118
83,7,90
19,13,32
41,80,121
10,37,47
20,95,115
9,27,36
29,75,104
45,71,116
41,98,139
39,18,57
20,89,109
7,80,87
94,29,123
66,24,90
83,66,149
63,35,98
58,54,112
92,45,137
45,74,119
81,90,171
73,100,173
99,28,127
24,28,52
67,39,106
82,53,135
32,74,106
7,57,64
59,98,157
58,73,131
17,47,64
18,83,101
60,18,78
20,31,51
46,75,121
94,76,170
90,96,186
94,99,193
32,36,68
27,63,90
17,30,47
55,74,129
34,14,48
34,31,65
73,93,166
44,85,129
76,20,96
9,13,22
58,45,103
78,28,106
17,89,106
42,53,95
100,91,191
61,28,89
86,7,93
89,63,152
32,11,43
48,48,96
95,26,121
76,60,136
56,30,86
94,52,146
65,40,105
68,68,136
36,81,117
76,19,95
44,33,77
90,65,155
99,29,128
91,41,132
39,17,56
88,86,174
80,13,93
30,53,83
94,21,115
19,24,43
95,69,164
60,35,95
8,11,19
80,68,148
82,71,153
56,22,78
68,59,127
21,34,55
58,61,119
37,53,90
43,24,67
85,68,153
7,23,30
72,48,120
11,80,91
99,62,161
89,43,132
13,51,64
52,30,82
88,38,126
53,24,77
74,26,100
84,79,163
91,99,190
43,69,112
91,75,166
78,73,151
94,21,115
62,83,145
28,21,49
9,57,66
63,37,100
100,96,196
69,91,160
55,70,125
33,67,100
81,66,147
38,30,68
34,92,126
92,81,173
33,58,91
14,54,68
93,84,177
46,89,135
51,47,98
8,33,41
59,25,84
15,92,107
35,95,130
48,20,68
14,22,36
55,34,89
51,27,78
85,94,179
31,38,69
11,79,90
100,38,138
91,39,130
41,7,48
47,14,61
54,96,150
63,61,124
16,11,27
14,55,69
64,15,79
83,50,133
90,14,104
91,41,132
80,18,98
73,57,130
60,72,132
64,98,162
19,81,100
58,28,86
87,27,114
13,72,85
68,99,167
41,23,64
78,36,114
42,15,57
47,33,80
26,60,86
84,91,175
81,16,97
36,70,106
84,32,116
47,85,132
87,84,171
59,9,68
30,22,52
71,89,160
82,72,154
65,89,154
50,81,131
69,97,166
65,50,115
96,46,142
66,30,96
8,33,41
66,20,86
73,97,170
51,50,101
85,33,118
85,84,169
47,100,147
74,46,120
84,12,96
60,49,109
92,75,167
92,8,100
75,91,166
55,64,119
62,31,93
30,35,65
38,19,57
87,74,161
27,89,116
59,69,128
99,25,124
64,64,128
9,30,39
44,24,68
63,76,139
51,66,117
19,34,53
99,36,135
92,67,159
29,75,104
98,43,141
70,62,132
81,20,101
79,60,139
42,72,114
31,13,44
56,60,116
28,12,40
79,42,121
34,74,108
40,32,72
26,40,66
41,18,59
39,22,61
92,56,148
39,27,66
72,92,164
15,78,93
94,43,137
87,93,180
92,71,163
81,11,92
39,37,76
34,42,76
66,11,77
60,90,150
38,77,115
9,68,77
19,81,100
50,44,94
92,77,169
18,45,63
80,56,136
28,25,53
49,69,118
27,94,121
42,26,68
54,72,126
75,67,142
94,30,124
21,96,117
61,76,137
80,10,90
20,51,71
57,12,69
44,63,107
74,78,152
43,50,93
28,13,41
81,63,144
37,11,48
64,99,163
98,97,195
32,59,91
52,100,152
62,62,124
22,28,50
75,91,166
87,44,131
29,44,73
22,95,117
21,50,71
71,36,107
39,77,116
14,34,48
93,49,142
37,37,74
90,37,127
100,17,117
87,35,122
29,81,110
42,59,101
39,62,101
41,30,71
97,51,148
100,51,151
68,99,167
31,10,41
42,33,75
17,12,29
73,46,119
42,30,72
67,15,82
84,79,163
69,45,114
22,38,60
77,45,122
64,21,85
25,65,90
97,50,147
95,24,119
98,23,121
29,58,87
86,59,145
34,7,41
70,64,134
18,37,55
81,56,137
80,63,143
16,38,54
31,84,115
83,28,111
53,17,70
65,95,160
100,88,188
82,87,169
62,27,89
76,24,100
59,87,146
84,28,112
100,60,160
40,91,131
60,34,94
75,80,155
38,11,49
63,47,110
28,57,85
19,36,55
74,20,94
49,49,98
70,42,112
83,34,117
28,54,82
41,23,64
87,50,137
70,58,128
20,100,120
75,38,113
70,28,98
18,16,34
80,96,176
53,64,117
65,19,84
66,88,154
72,80,152
11,14,25
63,44,107
48,19,67
34,23,57
100,10,110
29,64,93
79,68,147
49,47,96
39,97,136
7,87,94
86,68,154
15,84,99
45,11,56
44,30,74
56,21,77
49,34,83
66,38,104
95,99,194
38,37,75
30,99,129
8,18,26
75,70,145
59,29,88
14,76,90
29,34,63
29,100,129
12,82,94
73,31,104
21,25,46
88,63,151
86,15,101
68,13,81
75,82,157
33,90,123
55,12,67
55,96,151
21,20,41
9,96,105
93,73,166
69,60,129
46,9,55
79,79,158
23,84,107
43,7,50
90,39,129
15,44,59
45,58,103
11,82,93
68,42,110
50,23,73
89,38,127
28,42,70
90,52,142
23,43,66
92,93,185
16,70,86
81,86,167
81,25,106
62,61,123
53,35,88
40,18,58
77,62,139
17,7,24
15,27,42
80,14,94
70,89,159
58,66,124
70,32,102
7,15,22
18,34,52
40,20,60
22,44,66
46,63,109
72,63,135
34,80,114
96,42,138
88,85,173
21,17,38
67,49,116
70,34,104
44,26,70
25,73,98
23,78,101
40,54,94
76,53,129
39,68,107
39,9,48
77,10,87
43,84,127
64,19,83
64,17,81
55,44,99
100,34,134
40,21,61
91,86,177
17,53,70
82,35,117
17,18,35
42,18,60
85,30,115
71,29,100
53,45,98
41,18,59
45,12,57
29,84,113
92,99,191
40,65,105
52,21,73
64,81,145
68,89,157
34,55,89
38,100,138
85,97,182
56,52,108
87,74,161
29,76,105
78,16,94
36,11,47
80,11,91
63,48,111
46,70,116
68,85,153
79,62,141
24,28,52
32,39,71
67,61,128
34,79,113
28,67,95
53,61,114
49,41,90
98,11,109
54,84,138
55,53,108
20,84,104
44,59,103
84,89,173
28,83,111
73,9,82
63,86,149
13,84,97
24,69,93
41,77,118
70,50,120
90,62,152
72,76,148
77,58,135
44,52,96
24,69,93
50,28,78
36,21,57
87,55,142
39,74,113
22,84,106
64,89,153
53,100,153
20,96,116
10,93,103
72,72,144
15,19,34
17,45,62
21,27,48
16,9,25
47,20,67
64,94,158
57,16,73
33,65,98
58,81,139
55,34,89
57,63,120
16,40,56
67,88,155
31,67,98
58,70,128
25,26,51
99,92,191
12,78,90
76,30,106
29,70,99
79,74,153
98,97,195
43,19,62
51,45,96
83,10,93
78,76,154
74,19,93
62,92,154
68,25,93
51,54,105
68,80,148
50,37,87
39,13,52
21,41,62
73,50,123
25,72,97
99,83,182
94,28,122
94,19,113
48,46,94
48,100,148
95,48,143
93,83,176
62,52,114
18,76,94
39,42,81
26,41,67
81,84,165
40,56,96
94,12,106
97,60,157
77,68,145
80,76,156
44,42,86
78,28,106
91,35,126
42,42,84
51,18,69
24,43,67
74,37,111
22,90,112
7,100,107
26,31,57
56,77,133
40,72,112
56,62,118
83,62,145
21,18,39
92,33,125
33,40,73
15,36,51
72,45,117
33,94,127
14,53,67
37,25,62
17,57,74
71,55,126
35,24,59
47,40,87
14,18,32
73,20,93
16,35,51
18,25,43
31,41,72
56,8,64
62,54,116
100,50,150
55,21,76
30,82,112
27,77,104
99,16,115
46,71,117
7,26,33
87,63,150
88,23,111
37,57,94
55,22,77
71,46,117
96,40,136
86,51,137
59,45,104
50,45,95
42,77,119
39,68,107
94,80,174
66,32,98
53,89,142
99,68,167
55,12,67
47,57,104
49,18,67
84,9,93
12,80,92
60,95,155
38,46,84
25,79,104
21,85,106
86,20,106
83,92,175
85,7,92
8,64,72
53,51,104
34,59,93
38,61,99
73,27,100
20,71,91
82,39,121
58,87,145
88,8,96
55,98,153
79,72,151
84,32,116
7,31,38
95,62,157
30,93,123
52,30,82
72,77,149
64,37,101
15,80,95
17,42,59
80,60,140
64,60,124
87,55,142
84,62,146
89,62,151
69,78,147
24,51,75
23,62,85
21,99,120
19,80,99
49,78,127
27,40,67
59,50,109
62,52,114
46,74,120
45,26,71
23,10,33
95,98,193
72,85,157
93,50,143
38,40,78
50,67,117
43,51,94
54,86,140
56,54,110
85,85,170
91,74,165
69,72,141
75,57,132
70,36,106
21,40,61
51,11,62
100,31,131
71,7,78
62,32,94
26,86,112
17,74,91
34,45,79
87,28,115
31,10,41
78,100,178
32,71,103
52,20,72
64,73,137
64,51,115
8,80,88
9,69,78
53,68,121
29,16,45
90,26,116
71,98,169
21,20,41
75,32,107
33,62,95
46,93,139
44,90,134
91,67,158
97,67,164
54,93,147
97,99,196
65,51,116
72,19,91
65,76,141
91,67,158
62,21,83
54,72,126
85,88,173
17,13,30
43,26,69
14,82,96
12,47,59
30,75,105
36,82,118
26,91,117
18,95,113
49,17,66
95,77,172
16,79,95
66,38,104
21,60,81
99,97,196
7,30,37
14,73,87
91,20,111
87,47,134
11,34,45
72,8,80
87,63,150
59,85,144
58,42,100
23,39,62
57,100,157
34,81,115
62,30,92
34,31,65
34,83,117
32,17,49
49,88,137
31,77,108
20,63,83
18,20,38
12,38,50
86,76,162
90,81,171
96,73,169
59,15,74
88,61,149
49,28,77
7,11,18
89,86,175
96,9,105
70,33,103
27,50,77
26,41,67
64,21,85
89,82,171
32,11,43
16,68,84
42,99,141
21,20,41
8,15,23
51,43,94
60,27,87
85,13,98
45,21,66
15,39,54
21,98,119
52,55,107
41,79,120
20,40,60
60,69,129
81,77,158
47,69,116
18,34,52
67,12,79
8,42,50
64,59,123
24,17,41
21,20,41
15,7,22
32,50,82
14,72,86
19,37,56
24,42,66
75,20,95
50,28,78
20,92,112
45,33,78
90,70,160
74,27,101
54,95,149
40,29,69
90,8,98
85,36,121
7,31,38
47,19,66
12,46,58
82,63,145
27,84,111
36,54,90
75,44,119
52,38,90
66,47,113
19,25,44
58,31,89
16,89,105
79,29,108
71,99,170
56,58,114
45,43,88
93,88,181
88,15,103
90,83,173
75,76,151
39,23,62
83,89,172
87,68,155
13,56,69
100,44,144
26,68,94
67,60,127
34,67,101
63,58,121
58,94,152
57,36,93
29,82,111
80,16,96
28,64,92
50,27,77
54,85,139
68,12,80
27,31,58
28,68,96
14,72,86
9,79,88
60,95,155
88,20,108
62,97,159
70,39,109
52,88,140
31,41,72
70,41,111
70,53,123
78,42,120
74,8,82
23,83,106
11,65,76
48,40,88
17,23,40
31,89,120
64,26,90
14,77,91
67,81,148
82,75,157
40,72,112
91,56,147
47,31,78
17,84,101
73,72,145
11,48,59
60,26,86
33,85,118
82,99,181
15,41,56
95,94,189
99,76,175
22,64,86
85,54,139
42,83,125
68,100,168
56,85,141
40,20,60
54,29,83
73,62,135
18,38,56
86,70,156
63,84,147
36,30,66
41,31,72
99,28,127
47,80,127
59,95,154
86,84,170
34,40,74
14,62,76
75,68,143
72,75,147
71,75,146
97,23,120
69,64,133
58,30,88
19,31,50
21,26,47
48,87,135
88,20,108
45,62,107
87,74,161
85,33,118
23,34,57
35,80,115
53,31,84
54,7,61
75,13,88
98,32,130
68,55,123
12,42,54
26,65,91
67,33,100
33,75,108
26,67,93
29,24,53
97,74,171
53,67,120
76,38,114
92,87,179
13,15,28
18,24,42
59,75,134
56,27,83
100,30,130
96,22,118
35,47,82
21,40,61
58,69,127
9,72,81
9,15,24
29,10,39
98,75,173
52,27,79
67,64,131
85,15,100
23,27,50
31,93,124
45,33,78
20,46,66
70,72,142
54,59,113
51,52,103
39,45,84
62,59,121
32,85,117
93,17,110
57,77,134
15,11,26
32,95,127
60,36,96
34,48,82
64,27,91
97,65,162
81,42,123
83,23,106
28,69,97
74,83,157
10,20,30
69,28,97
58,46,104
29,78,107
66,24,90
8,40,48
91,29,120
82,50,132
36,66,102
87,65,152
17,54,71
18,67,85
11,7,18
23,53,76
90,97,187
94,93,187
72,28,100
59,59,118
40,57,97
61,15,76
97,72,169
47,97,144
68,47,115
35,58,93
91,64,155
54,60,114
92,95,187
33,39,72
54,9,63
28,71,99
34,23,57
14,25,39
32,33,65
50,13,63
96,43,139
48,33,81
15,100,115
72,7,79
11,84,95
52,61,113
21,37,58
86,7,93
72,20,92
51,93,144
15,37,52
98,51,149
9,74,83
8,50,58
47,60,107
71,14,85
31,89,120
45,8,53
7,32,39
89,77,166
71,12,83
74,47,121
41,47,88
22,73,95
13,12,25
60,15,75
15,47,62
29,16,45
43,94,137
25,16,41
39,87,126
10,88,98
52,57,109
8,89,97
86,11,97
31,28,59
7,45,52
98,68,166
14,10,24
22,84,106
53,86,139
31,27,58
29,31,60
67,100,167
26,67,93
62,99,161
20,98,118
59,82,141
35,95,130
44,73,117
33,31,64
73,39,112
90,83,173
21,8,29
80,32,112
36,20,56
96,19,115
62,82,144
75,13,88
90,12,102
31,38,69
38,86,124
78,87,165
99,96,195
98,99,197
26,19,45
42,16,58
100,25,125
68,90,158
97,38,135
83,72,155
52,16,68
19,65,84
62,38,100
96,16,112
94,80,174
21,39,60
15,9,24
80,24,104
53,80,133
61,27,88
35,49,84
39,91,130
32,89,121
24,60,84
26,54,80
60,88,148
20,64,84
90,33,123
78,59,137
17,90,107
96,35,131
95,7,102
63,64,127
47,36,83
22,79,101
30,28,58
74,50,124
68,43,111
37,10,47
42,61,103
93,60,153
68,21,89
89,51,140
89,82,171
42,63,105
46,23,69
77,43,120
69,74,143
34,59,93
44,16,60
59,91,150
68,30,98
80,17,97
31,45,76
26,86,112
77,92,169
28,98,126
35,16,51
12,87,99
41,70,111
51,48,99
14,93,107
34,98,132
65,51,116
44,92,136
87,34,121
94,43,137
92,17,109
79,19,98
28,14,42
86,69,155
75,46,121
57,32,89
84,9,93
85,95,180
62,85,147
28,18,46
59,72,131
96,11,107
74,13,87
18,21,39
93,22,115
81,26,107
98,96,194
24,40,64
65,100,165
43,31,74
8,92,100
55,72,127
15,34,49
53,93,146
47,35,82
66,15,81
94,16,110
62,24,86
99,82,181
59,49,108
72,18,90
58,19,77
78,92,170
23,60,83
92,91,183
79,50,129
24,94,118
49,64,113
99,68,167
72,49,121
82,89,171
29,67,96
54,94,148
50,62,112
90,29,119
52,65,117
78,42,120
30,82,112
58,25,83
20,93,113
51,85,136
75,60,135
55,19,74
59,90,149
63,65,128
23,35,58
56,87,143
96,85,181
93,59,152
95,71,166
97,75,172
86,53,139
10,25,35
14,96,110
56,83,139
23,93,116
48,80,128
27,78,105
24,24,48
31,32,63
81,47,128
75,53,128
33,75,108
83,66,149
74,91,165
63,46,109
28,54,82
10,77,87
27,70,97
53,20,73
92,80,172
47,9,56
43,90,133
65,69,134
96,97,193
13,38,51
68,47,115
84,95,179
36,16,52
49,42,91
84,73,157
41,98,139
44,45,89
9,13,22
99,21,120
44,86,130
16,86,102
87,76,163
48,44,92
22,43,65
57,71,128
91,7,98
34,11,45
58,18,76
37,50,87
67,38,105
31,16,47
50,7,57
49,46,95
43,18,61
42,75,117
63,40,103
57,98,155
56,95,151
97,70,167
50,16,66
77,48,125
91,76,167
30,25,55
69,11,80
80,49,129
66,60,126
31,59,90
53,17,70
89,15,104
56,45,101
26,34,60
98,24,122
45,29,74
32,97,129
43,25,68
94,85,179
8,87,95
96,63,159
63,9,72
79,30,109
87,61,148
76,62,138
94,39,133
53,59,112
75,32,107
42,23,65
32,54,86
28,76,104
88,15,103
58,99,157
56,70,126
15,12,27
54,58,112
73,52,125
7,20,27
95,34,129
25,84,109
37,96,133
36,92,128
92,40,132
89,47,136
56,35,91
31,48,79
58,42,100
73,78,151
52,7,59
21,85,106
96,83,179
72,34,106
97,48,145
85,36,121
40,46,86
49,98,147
39,77,116
44,33,77
63,32,95
95,84,179
37,23,60
32,8,40
46,53,99
71,59,130
69,70,139
12,25,37
22,29,51
15,44,59
27,33,60
100,34,134
22,20,42
18,70,88
73,45,118
56,58,114
84,24,108
62,58,120
44,76,120
77,96,173
33,54,87
50,46,96
15,56,71
90,29,119
61,14,75
27,95,122
95,59,154
82,34,116
48,55,103
45,43,88
8,15,23
32,64,96
65,90,155
68,9,77
35,79,114
21,33,54
97,33,130
49,61,110
70,44,114
53,39,92
90,47,137
46,18,64
46,59,105
35,19,54
96,38,134
61,48,109
78,82,160
85,8,93
7,90,97
33,51,84
22,96,118
35,30,65
7,100,107
47,94,141
34,94,128
28,31,59
46,90,136
20,94,114
82,90,172
88,89,177
13,45,58
54,32,86
80,10,90
16,27,43
83,59,142
92,67,159
88,28,116
73,89,162
67,81,148
62,24,86
13,71,84
17,50,67
38,7,45
55,73,128
55,48,103
35,71,106
16,23,39
13,76,89
44,53,97
51,21,72
88,50,138
89,47,136
73,62,135
39,60,99
18,33,51
64,77,141
86,66,152
53,13,66
70,17,87
54,80,134
76,12,88
29,21,50
30,43,73
11,94,105
66,27,93
100,95,195
7,90,97
9,48,57
9,32,41
32,27,59
82,28,110
44,69,113
9,15,24
36,42,78
88,12,100
100,62,162
13,52,65
28,64,92
85,23,108
66,87,153
53,89,142
78,72,150
63,22,85
22,44,66
46,17,63
81,85,166
45,54,99
26,31,57
77,77,154
37,75,112
35,9,44
87,36,123
18,86,104
24,47,71
39,71,110
49,73,122
8,39,47
47,25,72
60,8,68
27,35,62
94,92,186
87,13,100
21,29,50
86,24,110
32,54,86
72,72,144
44,80,124
71,80,151
33,48,81
21,95,116
33,66,99
82,40,122
86,84,170
27,23,50
97,55,152
22,64,86
28,27,55
44,10,54
32,89,121
50,99,149
48,78,126
80,38,118
56,64,120
11,56,67
46,67,113
34,11,45
31,37,68
45,58,103
58,18,76
74,87,161
94,36,130
9,40,49
25,87,112
23,59,82
50,16,66
90,62,152
56,99,155
25,99,124
92,32,124
11,71,82
81,79,160
96,7,103
35,19,54
43,76,119
19,34,53
58,47,105
24,97,121
81,86,167
14,43,57
69,87,156
73,33,106
87,49,136
95,52,147
49,64,113
90,35,125
87,28,115
32,84,116
79,64,143
51,82,133
41,64,105
55,59,114
54,74,128
60,13,73
72,56,128
21,51,72
9,26,35
72,56,128
17,21,38
44,34,78
85,85,170
10,17,27
20,68,88
55,37,92
17,75,92
46,85,131
77,82,159
12,83,95
68,99,167
34,15,49
44,61,105
21,24,45
68,27,95
68,17,85
8,15,23
93,19,112
54,35,89
17,58,75
14,66,80
17,84,101
59,30,89
54,74,128
19,27,46
69,76,145
75,54,129
60,35,95
30,98,128
17,99,116
23,49,72
24,51,75
59,46,105
25,76,101
68,58,126
59,57,116
44,91,135
57,37,94
55,19,74
17,67,84
94,93,187
63,71,134
41,39,80
12,8,20
29,29,58
34,52,86
22,37,59
11,17,28
92,65,157
91,73,164
62,14,76
35,81,116
21,11,32
98,29,127
57,10,67
52,78,130
30,69,99
55,33,88
59,62,121
13,53,66
13,67,80
26,19,45
54,76,130
99,26,125
20,46,66
86,88,174
45,83,128
70,10,80
14,83,97
17,90,107
45,29,74
24,71,95
82,92,174
21,19,40
63,7,70
95,80,175
79,28,107
48,32,80
56,81,137
54,43,97
43,40,83
68,37,105
25,7,32
11,99,110
74,97,171
45,41,86
57,33,90
77,56,133
91,46,137
47,8,55
24,17,41
98,42,140
52,92,144
10,27,37
52,60,112
48,8,56
80,33,113
73,51,124
32,14,46
89,42,131
78,60,138
62,92,154
62,37,99
57,30,87
34,29,63
26,50,76
92,87,179
18,11,29
15,67,82
15,31,46
10,24,34
33,70,103
23,73,96
8,71,79
80,14,94
35,91,126
63,19,82
38,73,111
84,9,93
55,78,133
18,17,35
42,80,122
27,36,63
68,32,100
34,88,122
90,37,127
71,23,94
75,44,119
82,83,165
90,14,104
30,92,122
75,64,139
27,36,63
97,86,183
96,10,106
36,7,43
67,62,129
90,39,129
84,77,161
69,42,111
33,75,108
49,41,90
63,54,117
49,45,94
99,61,160
97,56,153
69,33,102
86,46,132
49,10,59
10,59,69
59,99,158
70,51,121
59,26,85
93,67,160
59,9,68
29,76,105
16,58,74
19,14,33
39,49,88
46,76,122
89,10,99
41,99,140
75,83,158
35,70,105
83,96,179
28,53,81
55,66,121
60,39,99
19,90,109
100,91,191
51,60,111
25,56,81
73,85,158
40,53,93
88,56,144
32,16,48
50,17,67
76,77,153
73,98,171
29,81,110
60,14,74
26,29,55
19,94,113
55,93,148
79,41,120
21,50,71
16,40,56
76,87,163
76,52,128
21,15,36
96,12,108
85,15,100
92,75,167
38,55,93
24,72,96
52,9,61
97,64,161
37,64,101
33,41,74
76,41,117
87,45,132
7,83,90
22,76,98
72,68,140
64,71,135
50,37,87
20,36,56
9,53,62
51,85,136
34,33,67
28,42,70
56,57,113
48,83,131
41,96,137
79,97,176
99,74,173
81,60,141
19,76,95
75,86,161
49,77,126
7,72,79
15,96,111
9,71,80
44,32,76
17,20,37
92,20,112
34,100,134
7,93,100
59,54,113
78,55,133
73,48,121
58,92,150
63,30,93
76,58,134
46,74,120
94,89,183
19,28,47
71,85,156
16,67,83
27,95,122
93,26,119
87,58,145
77,72,149
95,84,179
92,100,192
41,97,138
21,10,31
64,71,135
11,95,106
14,55,69
54,7,61
30,91,121
40,13,53
63,76,139
31,30,61
63,15,78
13,64,77
67,90,157
98,49,147
53,29,82
79,74,153
89,33,122
12,73,85
33,54,87
44,43,87
12,88,100
89,49,138
67,86,153
33,19,52
19,50,69
49,38,87
82,39,121
21,45,66
83,84,167
7,38,45
12,44,56
27,64,91
70,50,120
34,50,84
25,88,113
51,11,62
61,82,143
47,21,68
63,30,93
78,98,176
23,94,117
8,49,57
56,57,113
27,80,107
94,9,103
27,32,59
48,100,148
50,53,103
98,67,165
41,66,107
19,70,89
50,42,92
92,98,190
79,12,91
90,11,101
29,67,96
11,45,56
100,62,162
42,64,106
29,47,76
12,62,74
44,18,62
68,97,165
60,83,143
79,60,139
72,44,116
60,58,118
36,27,63
30,98,128
40,45,85
76,26,102
93,42,135
95,79,174
42,19,61
43,16,59
25,77,102
31,45,76
96,57,153
8,49,57
82,86,168
34,15,49
21,14,35
79,48,127
25,60,85
81,89,170
33,69,102
50,29,79
18,95,113
32,100,132
99,70,169
53,21,74
79,11,90
63,46,109
82,82,164
78,27,105
77,76,153
100,97,197
7,44,51
71,61,132
96,90,186
93,54,147
17,41,58
35,69,104
99,80,179
90,62,152
19,93,112
61,56,117
54,72,126
30,10,40
11,52,63
46,7,53
85,85,170
68,30,98
39,24,63
62,89,151
71,65,136
83,22,105
28,39,67
42,96,138
66,57,123
29,49,78
8,57,65
71,50,121
24,21,45
96,10,106
66,18,84
59,8,67
70,58,128
24,14,38
61,87,148
58,31,89
15,33,48
51,94,145
97,31,128
67,93,160
33,50,83
30,62,92
36,85,121
18,93,111
78,76,154
20,82,102
92,49,141
84,14,98
13,55,68
48,85,133
48,76,124
25,83,108
77,39,116
22,99,121
65,28,93
61,16,77
56,40,96
100,13,113
89,60,149
32,13,45
85,16,101
66,76,142
31,44,75
69,46,115
82,20,102
9,23,32
28,95,123
91,100,191
60,87,147
96,20,116
67,35,102
22,71,93
19,94,113
44,24,68
97,100,197
69,15,84
70,31,101
25,60,85
44,28,72
95,86,181
32,86,118
26,29,55
41,19,60
56,34,90
90,34,124
88,39,127
85,14,99
45,82,127
61,45,106
83,40,123
33,68,101
48,55,103
42,62,104
100,21,121
47,64,111
9,82,91
72,35,107
79,94,173
87,57,144
48,69,117
75,22,97
61,57,118
81,70,151
43,41,84
22,9,31
32,56,88
79,21,100
21,28,49
92,29,121
92,38,130
82,100,182
45,35,80
80,36,116
30,88,118
70,8,78
60,61,121
81,82,163
100,26,126
12,43,55
50,28,78
46,50,96
12,70,82
95,17,112
74,78,152
88,80,168
55,84,139
94,69,163
10,94,104
31,80,111
59,34,93
59,12,71
85,24,109
25,68,93
44,48,92
51,61,112
66,12,78
70,16,86
10,99,109
53,14,67
64,97,161
97,24,121
31,78,109
41,21,62
65,13,78
69,76,145
64,81,145
25,64,89
66,27,93
82,100,182
61,12,73
65,13,78
59,76,135
9,98,107
44,39,83
62,94,156
85,44,129
33,98,131
37,40,77
12,11,23
67,71,138
38,39,77
98,34,132
13,31,44
63,92,155
98,82,180
64,40,104
99,74,173
25,84,109
29,52,81
29,50,79
91,12,103
71,54,125
39,85,124
86,61,147
65,44,109
100,42,142
72,46,118
63,35,98
65,61,126
32,46,78
81,52,133
67,27,94
90,40,130
42,11,53
37,90,127
9,18,27
27,59,86
85,24,109
90,32,122
67,32,99
100,41,141
9,34,43
24,55,79
66,61,127
12,57,69
96,57,153
7,60,67
44,31,75
73,16,89
31,22,53
40,96,136
53,95,148
68,26,94
80,31,111
42,10,52
64,23,87
70,30,100
52,100,152
29,92,121
57,48,105
58,61,119
24,19,43
29,31,60
91,58,149
9,14,23
53,35,88
39,36,75
48,31,79
50,15,65
31,43,74
58,18,76
83,65,148
36,13,49
98,17,115
47,14,61
78,57,135
73,48,121
11,15,26
72,87,159
45,28,73
90,26,116
48,53,101
28,40,68
81,61,142
55,82,137
32,25,57
27,10,37
42,45,87
74,74,148
43,46,89
28,37,65
87,50,137
58,81,139
44,68,112
56,12,68
36,16,52
90,13,103
62,47,109
87,82,169
61,49,110
17,55,72
77,20,97
92,32,124
15,97,112
12,93,105
94,98,192
56,73,129
33,36,69
13,23,36
28,24,52
83,40,123
21,32,53
48,88,136
76,52,128
83,10,93
100,7,107
34,82,116
13,71,84
80,82,162
50,72,122
37,29,66
97,18,115
92,35,127
76,89,165
63,14,77
18,22,40
41,80,121
78,82,160
25,57,82
53,22,75
55,28,83
86,8,94
57,10,67
37,45,82
84,96,180
26,9,35
56,75,131
87,93,180
43,48,91
46,16,62
63,23,86
65,9,74
37,60,97
39,22,61
38,62,100
9,40,49
36,97,133
87,35,122
17,23,40
78,37,115
77,59,136
80,9,89
31,30,61
76,12,88
12,8,20
7,30,37
73,7,80
53,26,79
14,60,74
93,30,123
22,57,79
22,56,78
36,38,74
37,95,132
39,90,129
10,45,55
67,44,111
15,74,89
31,21,52
99,31,130
81,9,90
94,44,138
14,62,76
73,26,99
7,44,51
28,94,122
47,39,86
89,33,122
66,68,134
29,23,52
74,76,150
49,34,83
14,71,85
83,34,117
75,25,100
10,28,38
27,90,117
84,18,102
83,33,116
10,57,67
13,35,48
13,12,25
28,18,46
84,73,157
54,76,130
69,70,139
56,71,127
8,51,59
41,24,65
13,37,50
84,8,92
54,8,62
83,86,169
37,90,127
36,28,64
70,10,80
52,23,75
90,41,131
25,66,91
11,12,23
24,39,63
9,7,16
89,63,152
100,61,161
47,11,58
56,99,155
76,63,139
79,86,165
59,58,117
10,93,103
36,47,83
100,22,122
10,71,81
56,7,63
47,68,115
68,100,168
67,28,95
74,62,136
86,20,106
18,28,46
34,28,62
35,41,76
67,7,74
48,86,134
37,56,93
63,90,153
7,80,87
81,11,92
77,12,89
70,54,124
70,99,169
66,89,155
99,56,155
90,9,99
29,84,113
44,15,59
14,38,52
81,80,161
53,70,123
82,50,132
33,69,102
58,45,103
33,13,46
22,85,107
15,30,45
30,7,37
42,11,53
59,70,129
41,54,95
47,77,124
48,55,103
29,17,46
75,71,146
97,68,165
30,43,73
13,62,75
71,7,78
19,88,107
95,15,110
80,73,153
55,69,124
97,36,133
46,14,60
86,30,116
68,9,77
36,22,58
9,89,98
59,99,158
37,88,125
92,14,106
65,49,114
46,95,141
82,96,178
11,26,37
92,91,183
25,26,51
25,36,61
29,76,105
82,63,145
22,96,118
86,74,160
16,41,57
78,57,135
68,38,106
91,84,175
21,80,101
65,99,164
61,23,84
56,21,77
74,47,121
34,86,120
43,70,113
78,60,138
78,51,129
55,52,107
47,76,123
75,11,86
51,60,111
34,54,88
57,34,91
22,47,69
77,86,163
67,79,146
32,51,83
41,14,55
52,93,145
33,76,109
90,39,129
82,64,146
73,76,149
95,30,125
89,80,169
16,8,24
91,48,139
42,99,141
14,59,73
47,95,142
29,29,58
93,97,190
33,45,78
71,90,161
96,38,134
41,60,101
96,92,188
84,17,101
70,29,99
49,52,101
83,55,138
67,87,154
78,35,113
20,32,52
72,60,132
53,55,108
95,61,156
81,77,158
96,34,130
99,18,117
61,79,140
82,20,102
35,66,101
22,14,36
80,7,87
51,86,137
97,47,144
28,70,98
52,54,106
66,22,88
81,69,150
72,89,161
73,71,144
44,9,53
50,57,107
62,68,130
29,74,103
78,32,110
44,73,117
58,98,156
84,24,108
43,18,61
39,97,136
81,78,159
20,45,65
91,12,103
42,7,49
15,40,55
81,77,158
38,29,67
74,52,126
35,64,99
13,90,103
51,99,150
92,52,144
26,94,120
67,14,81
28,33,61
25,73,98
88,95,183
49,38,87
42,39,81
45,35,80
73,93,166
72,15,87
42,54,96
45,96,141
69,30,99
7,24,31
32,9,41
86,14,100
22,35,57
51,64,115
67,84,151
62,52,114
73,49,122
75,8,83
64,18,82
93,66,159
34,66,100
33,44,77
76,21,97
90,55,145
39,52,91
60,64,124
59,48,107
94,98,192
48,55,103
61,7,68
98,87,185
30,65,95
25,51,76
14,53,67
74,25,99
38,92,130
50,21,71
80,64,144
57,98,155
55,87,142
44,49,93
58,67,125
53,86,139
46,58,104
37,78,115
49,72,121
95,10,105
91,77,168
94,93,187
68,22,90
65,10,75
97,72,169
7,49,56
25,74,99
18,95,113
10,39,49
92,90,182
41,51,92
46,43,89
40,85,125
60,39,99
62,37,99
63,38,101
39,38,77
50,37,87
18,84,102
85,22,107
18,48,66
79,21,100
78,23,101
60,87,147
81,70,151
51,44,95
26,31,57
76,14,90
22,46,68
90,30,120
44,89,133
84,39,123
21,18,39
40,93,133
71,44,115
17,41,58
43,87,130
33,81,114
40,73,113
53,11,64
58,100,158
56,27,83
53,67,120
37,78,115
56,78,134
23,89,112
23,12,35
25,76,101
41,98,139
100,25,125
58,23,81
69,17,86
47,91,138
38,11,49
83,31,114
61,31,92
15,72,87
96,38,134
32,98,130
15,96,111
24,70,94
90,94,184
62,18,80
87,39,126
65,51,116
63,94,157
89,80,169
34,19,53
7,30,37
69,29,98
97,30,127
98,94,192
68,76,144
80,87,167
25,90,115
46,87,133
40,65,105
83,24,107
31,75,106
15,34,49
61,38,99
83,73,156
48,93,141
38,67,105
55,51,106
93,64,157
67,81,148
71,47,118
73,93,166
16,54,70
50,54,104
74,67,141
63,99,162
76,78,154
66,18,84
11,34,45
90,30,120
60,98,158
24,24,48
40,24,64
30,72,102
27,30,57
12,53,65
59,13,72
17,33,50
94,75,169
77,79,156
20,25,45
91,97,188
89,73,162
49,46,95
39,31,70
62,90,152
17,70,87
34,17,51
37,75,112
37,72,109
77,50,127
32,96,128
43,56,99
34,37,71
32,34,66
59,96,155
29,62,91
46,79,125
43,27,70
34,52,86
43,44,87
39,13,52
41,70,111
88,46,134
68,48,116
55,22,77
99,47,146
58,96,154
36,41,77
91,78,169
71,34,105
60,98,158
60,74,134
99,90,189
71,65,136
89,84,173
17,65,82
90,30,120
10,41,51
14,30,44
37,67,104
68,82,150
14,95,109
31,27,58
24,92,116
90,91,181
77,21,98
93,75,168
34,42,76
74,52,126
45,48,93
56,42,98
11,92,103
46,12,58
83,75,158
15,21,36
44,9,53
34,27,61
27,65,92
84,74,158
74,56,130
99,41,140
7,28,35
29,30,59
78,20,98
18,92,110
19,62,81
7,61,68
38,21,59
78,61,139
61,27,88
41,88,129
17,53,70
80,91,171
84,72,156
37,24,61
99,75,174
84,32,116
45,95,140
38,52,90
28,41,69
44,82,126
97,20,117
54,62,116
82,73,155
63,68,131
60,73,133
74,55,129
26,40,66
77,25,102
60,48,108
17,20,37
17,44,61
28,7,35
7,40,47
34,90,124
63,16,79
26,41,67
52,28,80
60,13,73
36,78,114
49,78,127
39,91,130
84,29,113
77,28,105
10,54,64
58,14,72
45,86,131
77,7,84
56,62,118
87,39,126
57,18,75
57,31,88
33,25,58
8,65,73
59,56,115
91,36,127
13,72,85
71,95,166
76,37,113
22,89,111
43,95,138
58,48,106
20,62,82
32,27,59
37,59,96
95,14,109
55,77,132
69,58,127
20,99,119
67,26,93
8,95,103
59,33,92
98,82,180
71,63,134
81,77,158
33,41,74
85,38,123
13,34,47
40,77,117
82,88,170
39,76,115
93,49,142
84,43,127
88,17,105
58,44,102
21,51,72
89,69,158
53,96,149
17,99,116
78,93,171
11,66,77
78,73,151
19,45,64
92,53,145
34,98,132
58,56,114
90,85,175
84,79,163
98,38,136
45,7,52
79,47,126
60,94,154
95,93,188
17,100,117
97,29,126
92,21,113
74,41,115
9,17,26
92,45,137
73,67,140
91,65,156
85,26,111
39,54,93
95,45,140
62,89,151
52,48,100
28,32,60
26,16,42
92,22,114
40,51,91
8,84,92
68,50,118
92,15,107
11,57,68
65,54,119
39,33,72
54,25,79
14,9,23
91,62,153
71,82,153
79,45,124
67,18,85
30,24,54
48,9,57
25,26,51
11,91,102
32,100,132
75,44,119
93,87,180
53,39,92
44,64,108
11,12,23
55,8,63
61,83,144
38,12,50
51,99,150
8,72,80
85,78,163
68,12,80
41,8,49
40,23,63
57,58,115
94,99,193
27,48,75
85,38,123
53,69,122
28,73,101
83,9,92
13,69,82
51,16,67
34,48,82
9,62,71
50,8,58
63,89,152
100,51,151
7,24,31
79,55,134
94,37,131
43,95,138
87,99,186
70,87,157
70,69,139
79,66,145
28,27,55
90,97,187
51,46,97
89,88,177
75,14,89
54,66,120
70,7,77
9,88,97
38,81,119
97,18,115
97,81,178
47,72,119
46,85,131
38,97,135
43,86,129
41,81,122
46,29,75
16,82,98
14,31,45
33,94,127
76,94,170
16,19,35
44,41,85
92,87,179
71,29,100
24,49,73
90,76,166
63,44,107
77,92,169
95,72,167
82,86,168
25,10,35
39,23,62
95,43,138
97,91,188
49,90,139
98,38,136
100,80,180
62,13,75
48,76,124
82,78,160
100,41,141
88,17,105
84,40,124
8,9,17
65,39,104
43,59,102
81,20,101
7,7,14
75,67,142
50,70,120
71,29,100
83,41,124
54,89,143
17,91,108
14,65,79
63,74,137
43,31,74
50,46,96
26,96,122
98,74,172
31,66,97
28,62,90
81,9,90
7,22,29
51,32,83
70,98,168
27,79,106
86,100,186
11,12,23
88,38,126
49,77,126
84,72,156
80,63,143
98,62,160
45,94,139
13,22,35
9,72,81
18,53,71
60,90,150
88,29,117
25,18,43
49,33,82
26,27,53
50,14,64
37,50,87
96,11,107
64,26,90
13,77,90
20,36,56
57,33,90
11,42,53
56,42,98
40,94,134
15,23,38
54,10,64
73,98,171
74,38,112
89,17,106
68,46,114
12,13,25
14,11,25
10,54,64
72,33,105
18,62,80
90,79,169
22,78,100
43,75,118
98,65,163
42,69,111
50,45,95
88,32,120
34,28,62
7,39,46
39,29,68
96,30,126
19,90,109
16,43,59
39,65,104
19,34,53
68,29,97
21,42,63
24,98,122
65,61,126
60,11,71
23,44,67
75,35,110
74,36,110
12,93,105
98,20,118
96,61,157
82,68,150
50,46,96
67,59,126
81,64,145
75,30,105
52,9,61
27,73,100
90,47,137
70,54,124
28,75,103
58,32,90
17,64,81
35,33,68
14,10,24
46,7,53
49,60,109
60,36,96
27,56,83
74,17,91
58,95,153
75,15,90
63,75,138
54,85,139
57,72,129
35,10,45
86,22,108
19,51,70
86,97,183
44,41,85
7,86,93
55,42,97
42,96,138
48,55,103
66,40,106
35,8,43
94,59,153
85,81,166
97,14,111
31,95,126
38,81,119
76,71,147
18,100,118
82,43,125
50,74,124
81,12,93
96,47,143
24,93,117
75,95,170
24,60,84
85,100,185
49,18,67
48,96,144
70,50,120
81,94,175
51,54,105
17,89,106
56,73,129
29,84,113
30,57,87
94,27,121
50,43,93
46,55,101
95,44,139
65,27,92
65,56,121
45,93,138
41,64,105
24,91,115
54,74,128
92,10,102
53,59,112
58,34,92
99,28,127
62,72,134
16,98,114
20,34,54
97,26,123
87,34,121
91,15,106
86,26,112
49,20,69
65,36,101
50,12,62
89,86,175
80,60,140
20,97,117
53,21,74
82,74,156
81,81,162
83,24,107
29,55,84
46,20,66
11,56,67
44,11,55
61,75,136
33,53,86
69,25,94
73,77,150
86,36,122
32,18,50
23,28,51
60,21,81
45,63,108
91,58,149
16,24,40
82,8,90
53,11,64
86,62,148
67,34,101
59,48,107
29,97,126
48,85,133
63,71,134
70,12,82
31,42,73
63,20,83
70,50,120
44,40,84
18,54,72
58,90,148
42,86,128
73,12,85
30,43,73
39,95,134
36,73,109
75,9,84
38,75,113
98,40,138
88,45,133
65,55,120
92,69,161
10,13,23
49,38,87
92,9,101
47,56,103
9,46,55
71,82,153
47,54,101
27,86,113
24,63,87
59,79,138
94,46,140
17,59,76
37,58,95
37,81,118
54,43,97
28,15,43
12,73,85
30,46,76
59,60,119
84,13,97
96,94,190
18,16,34
89,88,177
34,77,111
50,20,70
50,22,72
36,56,92
9,84,93
83,82,165
87,41,128
89,91,180
63,10,73
19,100,119
48,29,77
31,24,55
42,35,77
23,19,42
23,85,108
96,28,124
7,51,58
12,13,25
29,35,64
53,55,108
82,26,108
57,32,89
14,89,103
89,49,138
27,94,121
78,72,150
99,94,193
84,72,156
41,52,93
80,95,175
29,54,83
57,72,129
14,43,57
51,41,92
44,78,122
89,46,135
99,100,199
24,80,104
60,19,79
40,69,109
66,52,118
99,63,162
88,36,124
14,67,81
95,41,136
95,13,108
65,47,112
95,54,149
31,48,79
87,71,158
34,25,59
23,13,36
74,65,139
15,15,30
68,100,168
17,25,42
70,9,79
61,21,82
76,57,133
100,48,148
68,87,155
40,67,107
76,41,117
67,72,139
90,81,171
13,38,51
62,85,147
65,45,110
35,52,87
53,91,144
27,56,83
27,52,79
86,30,116
44,92,136
64,30,94
39,73,112
50,87,137
88,52,140
8,70,78
16,24,40
24,21,45
49,87,136
67,10,77
11,20,31
90,49,139
19,45,64
97,84,181
27,26,53
49,36,85
54,86,140
55,63,118
66,23,89
28,45,73
60,39,99
73,99,172
22,8,30
67,66,133
98,86,184
12,73,85
88,95,183
21,40,61
79,21,100
91,78,169
92,64,156
54,30,84
51,54,105
36,11,47
76,34,110
81,58,139
85,100,185
34,18,52
70,18,88
10,26,36
46,16,62
54,11,65
44,76,120
70,59,129
99,50,149
46,23,69
16,35,51
8,94,102
82,95,177
41,20,61
85,60,145
12,82,94
21,91,112
62,63,125
57,54,111
71,24,95
97,30,127
18,16,34
61,90,151
77,7,84
84,34,118
89,41,130
100,22,122
81,21,102
74,36,110
59,59,118
33,62,95
18,40,58
10,79,89
76,23,99
74,16,90
46,86,132
24,83,107
19,9,28
61,28,89
84,66,150
19,45,64
16,12,28
51,58,109
50,33,83
53,83,136
55,36,91
91,71,162
49,38,87
77,68,145
80,71,151
100,72,172
58,40,98
63,22,85
90,73,163
31,18,49
79,67,146
28,55,83
26,9,35
75,75,150
22,85,107
95,74,169
20,98,118
66,22,88
22,82,104
55,78,133
99,8,107
40,19,59
42,62,104
69,59,128
98,22,120
65,79,144
24,20,44
68,31,99
50,98,148
17,52,69
99,58,157
7,89,96
16,42,58
52,89,141
29,76,105
67,23,90
25,9,34
39,60,99
25,21,46
38,30,68
24,40,64
27,85,112
36,41,77
75,10,85
60,41,101
93,36,129
21,89,110
91,81,172
40,34,74
23,73,96
77,57,134
85,16,101
31,91,122
88,30,118
29,95,124
98,38,136
23,12,35
7,77,84
24,84,108
33,90,123
12,16,28
13,46,59
35,83,118
8,52,60
89,37,126
24,85,109
100,20,120
11,84,95
67,86,153
94,95,189
42,68,110
23,7,30
74,76,150
21,97,118
70,74,144
25,68,93
55,85,140
66,52,118
8,97,105
84,78,162
31,8,39
87,60,147
70,15,85
62,97,159
22,26,48
43,19,62
44,60,104
54,93,147
13,74,87
60,52,112
9,79,88
62,33,95
99,60,159
95,84,179
97,96,193
88,76,164
40,36,76
68,8,76
95,79,174
31,91,122
88,25,113
29,75,104
46,7,53
84,37,121
35,83,118
13,13,26
97,53,150
39,55,94
18,45,63
55,23,78
32,69,101
96,52,148
54,26,80
22,68,90
74,98,172
95,39,134
37,26,63
45,89,134
15,74,89
61,86,147
53,11,64
34,59,93
27,33,60
53,94,147
62,80,142
20,53,73
26,95,121
64,66,130
77,39,116
49,97,146
92,95,187
48,45,93
37,29,66
33,82,115
15,50,65
97,67,164
77,21,98
81,19,100
99,20,119
76,14,90
21,28,49
85,13,98
58,56,114
11,48,59
14,18,32
58,92,150
31,11,42
42,42,84
28,35,63
21,84,105
18,39,57
96,74,170
50,16,66
39,98,137
34,28,62
80,58,138
70,56,126
50,91,141
51,26,77
88,83,171
74,97,171
37,96,133
68,100,168
66,75,141
13,76,89
31,65,96
67,79,146
82,68,150
92,93,185
30,25,55
93,48,141
75,66,141
11,98,109
92,77,169
36,67,103
72,17,89
95,92,187
22,64,86
35,51,86
72,97,169
36,63,99
60,34,94
64,15,79
80,43,123
70,38,108
45,53,98
82,84,166
100,21,121
77,99,176
13,41,54
20,48,68
77,100,177
100,28,128
32,14,46
41,93,134
66,62,128
81,81,162
80,96,176
60,65,125
58,89,147
99,75,174
62,62,124
35,61,96
72,72,144
10,31,41
52,44,96
81,41,122
76,90,166
73,67,140
98,39,137
71,70,141
57,85,142
24,69,93
62,7,69
76,23,99
50,41,91
96,20,116
83,13,96
68,79,147
64,95,159
74,81,155
62,66,128
56,20,76
17,23,40
77,46,123
77,83,160
9,56,65
69,49,118
96,56,152
68,58,126
96,18,114
91,78,169
31,47,78
76,99,175
44,82,126
74,33,107
37,32,69
8,65,73
71,89,160
43,25,68
16,13,29
10,15,25
29,7,36
60,85,145
8,69,77
34,15,49
32,79,111
13,21,34
55,85,140
88,65,153
24,81,105
36,49,85
75,37,112
72,99,171
88,83,171
17,16,33
99,48,147
68,78,146
62,61,123
42,32,74
59,68,127
21,7,28
57,65,122
75,24,99
52,14,66
49,32,81
36,80,116
8,65,73
72,30,102
90,7,97
80,71,151
17,76,93
16,18,34
91,45,136
57,58,115
69,50,119
11,69,80
33,57,90
70,15,85
73,63,136
88,93,181
80,14,94
39,54,93
29,81,110
12,78,90
18,25,43
49,21,70
88,95,183
57,14,71
83,67,150
96,93,189
41,16,57
51,80,131
50,7,57
77,91,168
79,8,87
10,100,110
18,87,105
99,84,183
55,43,98
25,10,35
96,69,165
54,26,80
66,57,123
19,18,37
35,44,79
10,18,28
38,18,56
83,61,144
21,32,53
85,98,183
69,35,104
16,57,73
93,48,141
49,8,57
77,62,139
73,92,165
99,30,129
82,38,120
43,93,136
41,55,96
51,44,95
41,65,106
16,91,107
17,65,82
40,100,140
11,69,80
30,43,73
26,81,107
58,65,123
77,89,166
68,93,161
84,24,108
52,49,101
21,12,33
30,87,117
40,91,131
87,79,166
34,26,60
87,33,120
79,70,149
27,24,51
69,27,96
67,15,82
16,32,48
12,95,107
77,79,156
99,56,155
66,90,156
76,45,121
38,62,100
27,68,95
31,23,54
11,88,99
22,66,88
37,20,57
81,42,123
23,14,37
51,24,75
64,99,163
77,26,103
31,83,114
35,41,76
80,36,116
52,65,117
94,81,175
90,47,137
71,90,161
43,24,67
17,63,80
84,12,96
26,14,40
23,77,100
56,45,101
82,18,100
77,15,92
87,66,153
97,7,104
17,53,70
36,97,133
27,31,58
91,63,154
19,76,95
87,87,174
77,14,91
29,84,113
78,72,150
64,12,76
20,42,62
35,39,74
21,37,58
91,52,143
64,13,77
47,80,127
80,42,122
68,66,134
13,23,36
24,9,33
63,50,113
73,17,90
100,80,180
9,33,42
86,91,177
28,79,107
51,87,138
31,90,121
17,98,115
81,100,181
86,33,119
65,18,83
15,51,66
73,9,82
65,80,145
21,83,104
90,23,113
15,14,29
82,32,114
32,56,88
39,31,70
65,39,104
85,53,138
90,15,105
80,38,118
13,12,25
46,31,77
48,84,132
56,23,79
67,80,147
48,98,146
52,12,64
92,14,106
46,99,145
70,91,161
7,35,42
27,90,117
16,57,73
56,67,123
89,50,139
20,45,65
13,43,56
61,84,145
38,64,102
80,88,168
59,53,112
10,85,95
45,23,68
72,10,82
27,44,71
100,62,162
85,81,166
22,15,37
85,91,176
71,28,99
21,19,40
37,40,77
50,76,126
58,55,113
69,89,158
85,15,100
53,96,149
42,90,132
82,94,176
39,47,86
25,9,34
40,9,49
90,82,172
84,53,137
34,23,57
32,7,39
59,60,119
87,91,178
21,69,90
90,92,182
13,85,98
99,59,158
70,35,105
85,65,150
91,82,173
95,82,177
8,42,50
90,41,131
70,16,86
44,78,122
31,39,70
45,69,114
54,66,120
53,99,152
35,47,82
50,66,116
72,38,110
92,98,190
33,60,93
94,50,144
10,76,86
95,78,173
43,73,116
34,12,46
69,97,166
55,31,86
91,94,185
78,45,123
36,19,55
49,83,132
71,27,98
59,73,132
16,41,57
22,89,111
15,14,29
57,26,83
28,8,36
58,77,135
98,16,114
48,67,115
27,19,46
92,34,126
46,24,70
45,94,139
51,33,84
30,88,118
44,15,59
49,20,69
73,66,139
80,29,109
73,95,168
91,51,142
26,88,114
52,71,123
51,43,94
81,48,129
34,79,113
8,86,94
54,86,140
93,38,131
48,94,142
69,59,128
21,83,104
35,67,102
43,36,79
95,71,166
81,26,107
75,75,150
13,83,96
7,21,28
45,35,80
9,59,68
43,15,58
29,79,108
7,40,47
27,62,89
19,22,41
27,31,58
20,56,76
68,69,137
97,63,160
23,50,73
29,97,126
24,89,113
38,52,90
44,53,97
55,9,64
35,9,44
8,22,30
30,78,108
72,62,134
59,34,93
24,39,63
18,67,85
43,76,119
29,100,129
69,28,97
74,42,116
96,72,168
76,96,172
19,70,89
75,100,175
60,46,106
81,47,128
77,78,155
36,49,85
30,54,84
81,39,120
68,22,90
88,93,181
37,42,79
92,44,136
47,39,86
67,62,129
16,56,72
25,61,86
72,76,148
20,25,45
23,72,95
60,37,97
13,48,61
96,77,173
31,24,55
87,40,127
59,10,69
54,43,97
91,81,172
16,33,49
41,84,125
94,83,177
70,36,106
19,32,51
20,50,70
32,74,106
87,54,141
30,98,128
35,50,85
67,40,107
55,49,104
24,30,54
44,19,63
93,35,128
81,82,163
30,18,48
22,49,71
74,42,116
43,96,139
91,87,178
32,50,82
98,42,140
75,87,162
36,66,102
80,14,94
42,94,136
75,20,95
70,20,90
100,32,132
23,48,71
62,79,141
64,25,89
40,68,108
63,21,84
40,28,68
85,61,146
39,43,82
94,21,115
34,11,45
33,37,70
44,43,87
80,75,155
7,83,90
74,80,154
70,73,143
97,82,179
80,69,149
23,70,93
18,97,115
65,93,158
78,40,118
43,96,139
77,47,124
48,35,83
47,28,75
7,25,32
9,13,22
22,61,83
33,95,128
72,93,165
32,86,118
92,65,157
91,37,128
68,80,148
86,78,164
28,71,99
37,70,107
59,95,154
81,97,178
28,61,89
34,39,73
38,32,70
79,61,140
10,70,80
21,96,117
13,87,100
45,94,139
65,52,117
41,72,113
69,31,100
84,32,116
8,61,69
72,17,89
62,30,92
49,28,77
67,17,84
75,7,82
10,92,102
65,53,118
94,46,140
94,90,184
14,95,109
56,49,105
48,63,111
32,96,128
62,60,122
27,8,35
38,7,45
49,43,92
63,20,83
42,79,121
78,53,131
47,29,76
35,80,115
54,28,82
38,40,78
77,56,133
53,87,140
70,12,82
21,51,72
60,82,142
91,71,162
16,81,97
79,92,171
91,86,177
48,15,63
84,80,164
70,29,99
76,58,134
65,9,74
27,59,86
51,80,131
39,40,79
43,52,95
77,87,164
90,43,133
41,7,48
38,63,101
36,56,92
84,69,153
97,17,114
74,34,108
89,99,188
56,77,133
22,72,94
11,72,83
100,37,137
84,54,138
99,84,183
88,62,150
99,41,140
85,34,119
41,90,131
85,87,172
63,68,131
32,91,123
97,28,125
37,96,133
13,32,45
70,67,137
45,34,79
16,23,39
69,69,138
70,31,101
56,57,113
15,62,77
46,54,100
64,100,164
10,76,86
89,66,155
92,17,109
64,13,77
55,56,111
12,52,64
21,69,90
96,99,195
99,13,112
48,81,129
88,76,164
56,16,72
34,35,69
72,44,116
77,29,106
62,70,132
54,30,84
38,50,88
85,44,129
89,60,149
35,34,69
80,99,179
41,33,74
19,14,33
25,39,64
83,87,170
88,94,182
20,8,28
53,59,112
84,20,104
73,68,141
36,42,78
22,26,48
17,97,114
31,27,58
35,94,129
15,47,62
41,89,130
92,10,102
80,59,139
29,70,99
16,12,28
95,73,168
96,39,135
52,62,114
100,50,150
44,71,115
84,98,182
66,92,158
59,36,95
89,87,176
8,63,71
35,42,77
9,67,76
100,33,133
61,45,106
18,88,106
46,12,58
17,19,36
45,42,87
28,34,62
9,25,34
55,87,142
68,51,119
60,92,152
11,27,38
53,54,107
86,12,98
68,37,105
86,90,176
91,14,105
24,29,53
72,66,138
59,16,75
42,69,111
41,66,107
20,47,67
93,38,131
11,54,65
52,72,124
7,16,23
38,10,48
46,66,112
27,49,76
82,46,128
64,52,116
65,92,157
29,86,115
74,89,163
75,82,157
7,13,20
92,58,150
16,8,24
26,77,103
53,87,140
41,83,124
51,18,69
12,38,50
57,50,107
12,75,87
24,9,33
60,92,152
46,78,124
38,61,99
46,20,66
80,87,167
80,60,140
19,51,70
82,42,124
100,31,131
19,36,55
84,17,101
33,99,132
44,59,103
7,27,34
93,56,149
19,48,67
80,81,161
97,9,106
30,78,108
74,42,116
21,85,106
74,9,83
36,88,124
79,16,95
12,56,68
86,70,156
78,99,177
60,29,89
10,74,84
18,19,37
28,15,43
38,18,56
54,11,65
32,92,124
58,66,124
78,41,119
96,82,178
23,72,95
97,62,159
76,82,158
20,7,27
82,71,153
82,24,106
81,26,107
53,87,140
43,15,58
24,46,70
66,21,87
84,43,127
16,61,77
65,34,99
96,51,147
57,73,130
21,81,102
48,15,63
59,82,141
13,18,31
78,82,160
97,82,179
39,42,81
46,75,121
78,24,102
60,16,76
60,14,74
54,89,143
76,78,154
35,90,125
30,45,75
42,80,122
100,99,199
30,11,41
41,30,71
34,41,75
71,14,85
7,49,56
31,47,78
25,39,64
49,23,72
30,81,111
45,8,53
74,20,94
100,74,174
19,15,34
90,97,187
42,49,91
89,62,151
68,13,81
87,93,180
78,61,139
24,36,60
14,18,32
79,80,159
68,90,158
39,17,56
29,32,61
73,75,148
57,85,142
41,85,126
27,7,34
71,34,105
64,22,86
75,41,116
44,94,138
75,88,163
60,73,133
81,72,153
20,48,68
46,63,109
26,36,62
60,74,134
77,32,109
74,92,166
90,81,171
15,23,38
45,77,122
31,75,106
89,56,145
23,29,52
86,94,180
42,92,134
66,12,78
7,79,86
91,40,131
29,92,121
94,49,143
82,66,148
38,47,85
90,80,170
53,56,109
15,66,81
83,69,152
80,85,165
93,31,124
86,22,108
42,22,64
75,18,93
55,79,134
27,77,104
21,93,114
40,65,105
70,37,107
42,46,88
90,66,156
59,78,137
25,98,123
28,33,61
63,56,119
29,71,100
30,64,94
85,23,108
43,79,122
30,53,83
82,66,148
38,82,120
93,46,139
59,59,118
98,59,157
68,92,160
57,33,90
94,49,143
77,10,87
29,14,43
7,47,54
43,38,81
18,99,117
39,49,88
46,86,132
18,69,87
61,47,108
66,88,154
13,39,52
56,61,117
41,58,99
89,67,156
59,8,67
62,92,154
7,42,49
50,64,114
33,27,60
98,41,139
33,73,106
36,83,119
40,82,122
43,35,78
7,38,45
62,56,118
29,55,84
68,15,83
70,99,169
8,59,67
93,44,137
31,75,106
21,72,93
10,20,30
62,46,108
32,39,71
55,63,118
90,90,180
41,96,137
94,96,190
65,92,157
74,46,120
96,62,158
77,9,86
98,39,137
58,34,92
17,51,68
60,33,93
92,44,136
32,33,65
71,30,101
49,42,91
9,23,32
58,52,110
42,57,99
97,23,120
84,15,99
15,86,101
39,94,133
87,93,180
88,40,128
38,85,123
98,65,163
14,90,104
98,52,150
95,34,129
30,10,40
79,44,123
96,88,184
69,34,103
70,68,138
70,70,140
31,97,128
24,51,75
79,74,153
34,25,59
62,27,89
66,46,112
18,68,86
77,13,90
30,49,79
76,30,106
17,97,114
14,28,42
83,37,120
40,24,64
20,87,107
74,88,162
9,82,91
59,17,76
13,35,48
41,46,87
82,66,148
55,27,82
58,50,108
35,38,73
49,94,143
15,88,103
35,44,79
53,24,77
46,67,113
16,79,95
80,13,93
11,31,42
63,61,124
22,56,78
23,36,59
16,42,58
16,84,100
91,83,174
51,97,148
58,42,100
99,58,157
45,52,97
23,36,59
82,97,179
88,50,138
46,33,79
25,76,101
62,84,146
27,7,34
91,61,152
7,56,63
30,14,44
89,80,169
15,30,45
72,48,120
49,86,135
43,9,52
84,12,96
87,71,158
66,57,123
45,12,57
17,71,88
41,27,68
28,44,72
46,41,87
44,92,136
70,63,133
19,12,31
66,94,160
73,80,153
57,38,95
68,68,136
90,33,123
20,16,36
26,46,72
21,59,80
41,36,77
57,22,79
50,19,69
39,7,46
17,61,78
31,77,108
48,8,56
25,81,106
60,31,91
66,97,163
45,54,99
74,82,156
78,61,139
90,57,147
43,80,123
53,49,102
60,63,123
10,30,40
9,17,26
84,92,176
9,24,33
51,29,80
83,62,145
73,49,122
13,28,41
86,99,185
49,53,102
14,63,77
36,71,107
71,57,128
50,58,108
80,63,143
17,70,87
68,53,121
51,43,94
51,22,73
94,43,137
73,74,147
81,67,148
24,9,33
51,86,137
11,74,85
16,9,25
67,89,156
99,99,198
62,45,107
18,39,57
41,72,113
17,26,43
64,13,77
85,31,116
98,67,165
35,22,57
92,68,160
28,43,71
35,34,69
82,76,158
14,66,80
38,53,91
23,11,34
32,90,122
76,94,170
7,85,92
57,82,139
33,100,133
12,22,34
67,17,84
77,90,167
67,59,126
23,12,35
9,95,104
24,70,94
82,100,182
43,68,111
7,20,27
20,62,82
68,41,109
8,39,47
9,35,44
76,50,126
91,32,123
59,95,154
53,51,104
31,16,47
30,27,57
56,59,115
86,98,184
87,23,110
12,24,36
31,96,127
45,62,107
60,49,109
33,28,61
91,82,173
19,68,87
57,18,75
47,30,77
8,38,46
51,78,129
44,33,77
73,96,169
53,65,118
15,8,23
87,55,142
90,63,153
36,64,100
16,83,99
39,49,88
17,84,101
14,55,69
42,73,115
45,72,117
73,94,167
64,99,163
45,98,143
86,25,111
80,64,144
100,86,186
60,23,83
22,19,41
34,33,67
42,95,137
88,66,154
44,29,73
77,47,124
75,58,133
61,70,131
91,18,109
69,25,94
43,34,77
27,56,83
29,80,109
99,10,109
99,60,159
46,96,142
65,73,138
64,91,155
77,46,123
9,96,105
55,14,69
85,56,141
87,51,138
81,19,100
87,43,130
32,97,129
60,40,100
79,98,177
97,56,153
95,7,102
61,37,98
34,29,63
35,39,74
67,40,107
90,35,125
35,30,65
45,55,100
27,82,109
35,52,87
48,43,91
86,51,137
23,60,83
65,47,112
82,45,127
95,49,144
49,98,147
29,36,65
94,73,167
96,28,124
85,97,182
92,46,138
38,79,117
77,58,135
45,78,123
87,54,141
82,16,98
97,54,151
70,88,158
24,95,119
64,90,154
74,30,104
12,92,104
20,74,94
75,43,118
57,96,153
45,44,89
82,69,151
56,76,132
64,56,120
78,50,128
33,83,116
54,41,95
76,72,148
63,67,130
15,41,56
21,16,37
31,85,116
83,56,139
36,52,88
19,68,87
17,19,36
80,92,172
14,49,63
83,11,94
61,24,85
45,45,90
46,16,62
94,72,166
51,50,101
66,13,79
44,51,95
55,11,66
68,44,112
79,26,105
61,51,112
98,63,161
86,18,104
94,17,111
12,80,92
39,49,88
14,79,93
39,12,51
63,27,90
61,49,110
99,29,128
82,33,115
76,55,131
80,93,173
76,64,140
26,29,55
83,13,96
54,60,114
64,11,75
61,94,155
16,62,78
25,37,62
86,55,141
76,19,95
10,96,106
92,66,158
60,49,109
61,27,88
42,38,80
48,58,106
30,49,79
16,68,84
73,63,136
75,73,148
34,79,113
76,85,161
47,49,96
66,43,109
40,27,67
43,79,122
25,99,124
18,36,54
90,75,165
21,93,114
19,28,47
36,21,57
17,9,26
77,8,85
31,37,68
59,23,82
14,61,75
82,14,96
14,18,32
43,82,125
71,74,145
57,68,125
51,87,138
32,42,74
32,88,120
34,9,43
23,95,118
86,58,144
27,39,66
64,13,77
91,72,163
45,18,63
50,73,123
37,99,136
28,67,95
58,56,114
72,38,110
19,12,31
98,53,151
54,100,154
89,85,174
61,99,160
70,11,81
85,35,120
50,84,134
63,21,84
73,34,107
93,41,134
79,25,104
29,80,109
14,75,89
69,26,95
20,75,95
89,79,168
67,94,161
69,62,131
48,9,57
34,47,81
95,72,167
65,50,115
47,50,97
66,91,157
75,49,124
85,43,128
61,63,124
71,25,96
41,80,121
76,35,111
77,37,114
67,32,99
57,23,80
82,18,100
93,68,161
80,94,174
99,28,127
76,67,143
42,21,63
97,66,163
78,98,176
81,99,180
72,98,170
26,48,74
15,89,104
40,58,98
22,70,92
13,75,88
44,35,79
86,46,132
98,87,185
46,22,68
42,57,99
92,8,100
7,48,55
64,49,113
59,42,101
61,19,80
18,80,98
61,26,87
63,80,143
22,30,52
41,57,98
20,42,62
44,34,78
68,50,118
19,72,91
30,16,46
57,56,113
74,7,81
50,73,123
98,91,189
85,56,141
8,72,80
57,13,70
28,71,99
48,27,75
31,49,80
92,66,158
69,100,169
93,79,172
42,73,115
58,53,111
84,34,118
61,40,101
61,86,147
76,73,149
61,30,91
19,86,105
74,99,173
87,83,170
25,83,108
14,27,41
36,12,48
32,52,84
95,72,167
66,90,156
52,78,130
19,49,68
56,83,139
69,56,125
54,42,96
26,98,124
14,77,91
74,25,99
9,51,60
47,77,124
100,56,156
19,83,102
27,68,95
25,32,57
64,19,83
10,14,24
39,84,123
52,70,122
70,62,132
22,81,103
25,17,42
69,90,159
52,81,133
35,100,135
9,73,82
17,80,97
15,37,52
23,30,53
70,78,148
26,96,122
29,66,95
12,98,110
85,23,108
51,14,65
52,89,141
73,57,130
68,10,78
98,24,122
68,8,76
45,27,72
89,8,97
28,30,58
19,9,28
43,37,80
35,27,62
63,65,128
35,37,72
39,28,67
51,94,145
30,29,59
88,56,144
100,31,131
92,42,134
53,29,82
62,88,150
51,27,78
61,62,123
48,99,147
56,79,135
8,73,81
49,92,141
46,23,69
81,62,143
72,32,104
96,63,159
16,72,88
89,70,159
47,39,86
32,33,65
14,19,33
58,87,145
99,7,106
36,18,54
12,33,45
99,67,166
8,13,21
24,39,63
8,24,32
75,49,124
16,84,100
89,44,133
63,29,92
65,19,84
33,27,60
88,9,97
42,47,89
94,68,162
12,85,97
77,56,133
32,60,92
46,71,117
12,99,111
19,89,108
15,83,98
58,51,109
73,47,120
63,90,153
69,69,138
46,17,63
94,72,166
97,72,169
85,56,141
49,65,114
59,28,87
64,35,99
94,22,116
91,65,156
24,99,123
26,77,103
78,56,134
16,50,66
32,44,76
66,73,139
44,74,118
78,55,133
51,30,81
7,62,69
80,61,141
93,54,147
70,69,139
99,76,175
34,20,54
52,79,131
54,33,87
79,26,105
43,19,62
85,21,106
66,62,128
27,34,61
61,55,116
69,19,88
84,86,170
18,83,101
36,78,114
47,97,144
96,48,144
28,20,48
59,84,143
54,73,127
10,43,53
52,22,74
44,81,125
73,72,145
62,72,134
66,84,150
82,45,127
24,68,92
26,94,120
46,40,86
79,34,113
50,92,142
40,12,52
44,76,120
95,83,178
36,52,88
67,23,90
46,83,129
87,100,187
39,11,50
42,41,83
20,67,87
27,61,88
25,18,43
27,14,41
27,51,78
43,75,118
77,73,150
11,92,103
68,9,77
80,65,145
46,40,86
83,34,117
25,48,73
38,22,60
24,49,73
99,32,131
56,61,117
26,27,53
22,79,101
17,85,102
34,29,63
23,11,34
23,46,69
8,57,65
61,36,97
40,57,97
11,73,84
77,12,89
78,99,177
52,79,131
81,39,120
53,23,76
51,15,66
93,29,122
28,91,119
66,19,85
77,22,99
66,91,157
92,44,136
57,60,117
57,16,73
64,58,122
29,84,113
14,51,65
83,30,113
46,91,137
33,52,85
64,63,127
25,32,57
87,98,185
73,10,83
35,11,46
93,74,167
15,33,48
58,59,117
39,71,110
17,56,73
66,89,155
81,87,168
25,59,84
52,38,90
43,77,120
44,94,138
52,94,146
38,46,84
45,98,143
28,60,88
12,68,80
36,73,109
84,70,154
71,12,83
78,77,155
14,76,90
94,71,165
89,14,103
15,37,52
66,19,85
51,18,69
66,7,73
86,44,130
99,19,118
59,31,90
29,97,126
75,24,99
44,40,84
79,42,121
93,40,133
59,21,80
84,33,117
19,40,59
51,19,70
90,88,178
92,15,107
34,60,94
66,11,77
93,63,156
21,25,46
75,95,170
95,31,126
95,54,149
32,46,78
70,82,152
74,46,120
12,84,96
43,45,88
17,34,51
97,11,108
71,46,117
48,10,58
82,87,169
57,75,132
90,76,166
92,35,127
11,51,62
79,48,127
38,54,92
31,30,61
21,37,58
36,21,57
47,26,73
7,80,87
73,19,92
41,16,57
83,31,114
18,44,62
95,37,132
15,95,110
99,35,134
86,13,99
95,39,134
83,59,142
88,87,175
98,74,172
16,38,54
98,56,154
40,64,104
92,9,101
72,87,159
28,100,128
49,33,82
55,41,96
23,93,116
35,91,126
78,51,129
34,65,99
96,98,194
50,30,80
78,54,132
55,42,97
53,30,83
35,100,135
75,82,157
35,59,94
44,93,137
65,87,152
94,51,145
67,47,114
27,42,69
67,67,134
86,89,175
34,13,47
76,64,140
85,28,113
31,16,47
38,41,79
66,48,114
31,73,104
53,72,125
43,78,121
62,86,148
54,83,137
43,21,64
41,27,68
62,9,71
33,27,60
70,13,83
55,85,140
72,74,146
23,43,66
24,47,71
11,58,69
95,69,164
51,78,129
93,96,189
26,20,46
88,64,152
41,88,129
16,19,35
11,66,77
82,20,102
10,72,82
67,85,152
23,31,54
30,52,82
19,31,50
82,23,105
74,51,125
99,22,121
51,32,83
26,63,89
30,40,70
52,67,119
20,89,109
82,47,129
98,52,150
91,92,183
82,78,160
98,40,138
38,67,105
47,66,113
93,18,111
37,15,52
89,80,169
83,92,175
100,70,170
74,77,151
48,30,78
85,85,170
29,39,68
20,20,40
18,20,38
64,33,97
70,78,148
92,79,171
23,62,85
9,45,54
30,96,126
44,73,117
92,35,127
65,49,114
89,48,137
8,53,61
25,8,33
75,90,165
12,77,89
36,76,112
60,59,119
89,60,149
81,90,171
82,68,150
23,44,67
31,15,46
28,26,54
19,95,114
19,40,59
98,43,141
100,23,123
39,79,118
65,12,77
30,88,118
27,84,111
85,48,133
54,85,139
30,75,105
89,82,171
37,87,124
97,68,165
45,8,53
85,73,158
65,59,124
77,92,169
42,99,141
26,23,49
80,80,160
59,11,70
61,64,125
81,66,147
20,27,47
100,79,179
80,39,119
51,8,59
48,77,125
18,51,69
64,22,86
63,95,158
7,51,58
46,94,140
62,93,155
98,31,129
61,69,130
83,85,168
41,58,99
68,59,127
56,34,90
94,73,167
38,53,91
63,33,96
44,50,94
89,77,166
43,96,139
19,18,37
100,82,182
60,44,104
43,35,78
24,17,41
13,47,60
93,18,111
8,47,55
11,90,101
82,58,140
86,32,118
34,83,117
94,70,164
25,69,94
50,82,132
82,42,124
94,81,175
14,44,58
71,86,157
97,62,159
43,38,81
69,29,98
69,28,97
40,51,91
57,72,129
33,21,54
54,56,110
48,91,139
45,9,54
7,28,35
70,26,96
87,57,144
96,7,103
92,48,140
48,53,101
78,73,151
71,40,111
54,28,82
39,72,111
64,63,127
24,45,69
78,26,104
12,17,29
62,25,87
52,77,129
10,44,54
96,48,144
66,85,151
7,79,86
95,82,177
7,81,88
52,23,75
22,91,113
23,49,72
22,40,62
41,96,137
90,72,162
53,64,117
87,79,166
89,81,170
31,100,131
94,68,162
11,49,60
97,82,179
95,72,167
88,32,120
21,29,50
81,35,116
58,33,91
71,30,101
86,26,112
78,87,165
72,72,144
44,20,64
38,61,99
66,8,74
61,63,124
51,17,68
100,82,182
34,10,44
59,67,126
99,40,139
24,35,59
35,81,116
37,67,104
91,30,121
17,15,32
70,100,170
38,95,133
78,59,137
60,77,137
17,11,28
25,69,94
30,32,62
52,71,123
35,33,68
33,18,51
39,59,98
42,95,137
9,45,54
77,26,103
8,68,76
51,24,75
44,82,126
56,58,114
85,98,183
88,84,172
14,54,68
15,25,40
23,13,36
32,12,44
36,19,55
27,100,127
28,64,92
100,12,112
67,65,132
88,53,141
9,30,39
59,56,115
51,76,127
48,90,138
68,14,82
90,97,187
22,33,55
25,85,110
62,11,73
32,67,99
67,30,97
76,66,142
81,12,93
11,54,65
66,45,111
30,65,95
80,50,130
55,63,118
83,26,109
44,97,141
35,37,72
25,71,96
33,36,69
85,55,140
89,28,117
43,86,129
78,26,104
84,30,114
88,87,175
22,62,84
14,82,96
46,96,142
78,9,87
34,51,85
55,69,124
14,73,87
39,20,59
66,52,118
41,60,101
13,53,66
79,66,145
27,65,92
69,9,78
32,48,80
87,18,105
46,43,89
29,50,79
40,46,86
34,93,127
46,21,67
30,65,95
7,16,23
37,93,130
92,62,154
44,32,76
19,67,86
24,44,68
24,12,36
85,75,160
18,21,39
32,35,67
38,26,64
66,92,158
46,51,97
28,93,121
84,47,131
57,47,104
89,33,122
56,22,78
77,53,130
54,48,102
58,85,143
15,46,61
27,51,78
64,27,91
94,59,153
74,37,111
75,94,169
57,45,102
75,7,82
78,69,147
87,75,162
38,78,116
57,61,118
25,89,114
15,98,113
52,55,107
8,24,32
15,92,107
90,79,169
92,57,149
67,56,123
50,58,108
50,82,132
48,41,89
64,30,94
48,51,99
42,24,66
22,27,49
42,82,124
90,59,149
15,8,23
18,51,69
17,36,53
74,94,168
49,44,93
84,43,127
8,78,86
96,27,123
73,64,137
30,87,117
34,83,117
60,97,157
75,79,154
78,55,133
14,61,75
31,83,114
78,14,92
77,46,123
54,95,149
31,67,98
96,56,152
73,13,86
99,54,153
46,80,126
73,34,107
40,31,71
81,36,117
56,48,104
80,40,120
58,60,118
77,100,177
80,82,162
26,22,48
17,71,88
7,56,63
22,24,46
64,67,131
7,16,23
63,45,108
69,8,77
49,56,105
75,55,130
33,21,54
63,41,104
90,93,183
12,97,109
11,57,68
70,60,130
64,71,135
44,43,87
66,54,120
18,99,117
65,88,153
82,35,117
73,94,167
70,82,152
47,27,74
23,98,121
67,46,113
45,78,123
80,27,107
8,87,95
73,67,140
71,91,162
63,52,115
86,43,129
77,57,134
7,51,58
46,37,83
32,75,107
22,14,36
32,49,81
36,80,116
37,99,136
89,99,188
44,96,140
23,88,111
97,64,161
9,12,21
77,18,95
89,49,138
86,95,181
62,34,96
26,80,106
74,48,122
56,9,65
49,11,60
65,12,77
26,32,58
98,54,152
81,68,149
72,73,145
20,39,59
74,26,100
95,81,176
48,85,133
59,68,127
24,21,45
34,54,88
14,16,30
97,53,150
9,81,90
45,57,102
82,44,126
70,29,99
34,51,85
7,87,94
76,14,90
99,35,134
36,27,63
46,21,67
82,34,116
11,66,77
33,79,112
7,31,38
92,98,190
32,19,51
39,69,108
89,47,136
24,26,50
100,25,125
17,63,80
38,85,123
75,95,170
29,54,83
84,26,110
26,98,124
21,49,70
82,8,90
12,77,89
55,48,103
88,95,183
41,87,128
41,92,133
38,39,77
45,81,126
47,14,61
83,17,100
85,87,172
41,79,120
87,57,144
88,89,177
52,81,133
29,27,56
81,23,104
99,79,178
22,26,48
89,91,180
20,92,112
67,11,78
29,98,127
12,26,38
41,35,76
47,62,109
34,47,81
87,63,150
15,90,105
73,36,109
76,38,114
76,44,120
72,92,164
26,32,58
82,7,89
52,45,97
8,23,31
77,18,95
74,51,125
48,43,91
15,17,32
97,21,118
43,36,79
53,39,92
90,34,124
89,81,170
60,13,73
48,66,114
46,40,86
68,78,146
42,21,63
62,65,127
88,100,188
12,57,69
28,65,93
23,91,114
39,19,58
50,78,128
18,88,106
47,72,119
28,68,96
21,38,59
22,14,36
76,79,155
36,26,62
61,7,68
20,41,61
99,42,141
90,10,100
24,15,39
98,46,144
29,48,77
87,64,151
54,70,124
19,72,91
79,13,92
60,22,82
26,80,106
46,73,119
93,69,162
97,13,110
10,28,38
43,74,117
45,24,69
45,97,142
15,85,100
63,63,126
59,76,135
51,77,128
50,83,133
51,93,144
46,73,119
15,72,87
47,94,141
47,14,61
38,14,52
97,100,197
85,89,174
29,54,83
79,21,100
57,88,145
54,97,151
56,31,87
37,55,92
68,75,143
36,18,54
7,29,36
46,30,76
7,77,84
22,43,65
74,26,100
85,44,129
24,98,122
61,64,125
26,47,73
96,73,169
85,38,123
72,96,168
16,95,111
21,52,73
55,14,69
50,34,84
31,74,105
60,100,160
37,76,113
38,46,84
50,52,102
15,91,106
70,19,89
55,46,101
71,57,128
9,57,66
19,33,52
82,56,138
57,57,114
58,44,102
49,32,81
57,99,156
55,73,128
24,86,110
24,58,82
65,35,100
38,31,69
9,8,17
7,58,65
43,8,51
72,76,148
46,68,114
59,14,73
41,94,135
42,24,66
13,73,86
50,61,111
73,40,113
29,10,39
96,63,159
15,66,81
58,70,128
13,8,21
81,80,161
62,36,98
92,7,99
74,40,114
42,63,105
44,68,112
38,90,128
100,70,170
68,95,163
81,8,89
22,26,48
91,58,149
68,70,138
36,72,108
41,78,119
82,86,168
87,10,97
86,84,170
58,75,133
81,9,90
39,99,138
61,40,101
39,38,77
63,57,120
12,9,21
31,23,54
40,29,69
16,97,113
83,94,177
38,100,138
31,19,50
83,87,170
66,66,132
65,93,158
26,45,71
95,71,166
7,60,67
23,45,68
12,30,42
61,97,158
38,73,111
22,20,42
55,10,65
25,69,94
89,44,133
98,25,123
51,39,90
11,36,47
46,58,104
24,60,84
84,34,118
96,73,169
83,90,173
25,75,100
60,81,141
82,98,180
58,80,138
61,27,88
35,41,76
31,89,120
81,75,156
18,86,104
16,52,68
93,57,150
51,70,121
32,46,78
92,76,168
88,77,165
23,99,122
43,56,99
33,100,133
75,51,126
35,16,51
88,45,133
43,22,65
79,44,123
99,25,124
70,30,100
86,96,182
78,19,97
37,92,129
62,61,123
37,56,93
69,86,155
11,66,77
59,28,87
94,9,103
93,17,110
37,24,61
23,63,86
49,68,117
61,22,83
46,21,67
12,58,70
90,99,189
62,53,115
18,78,96
65,18,83
42,31,73
19,14,33
20,92,112
38,32,70
94,84,178
91,98,189
70,67,137
38,81,119
34,23,57
29,26,55
86,71,157
44,9,53
54,13,67
57,44,101
47,63,110
95,24,119
43,36,79
86,29,115
46,69,115
16,36,52
88,42,130
70,25,95
38,75,113
10,98,108
92,75,167
10,60,70
33,97,130
98,95,193
100,67,167
32,85,117
86,67,153
28,53,81
88,56,144
81,50,131
89,97,186
33,92,125
23,31,54
87,28,115
80,54,134
7,43,50
34,31,65
77,24,101
54,16,70
42,91,133
44,80,124
87,84,171
89,57,146
8,58,66
49,33,82
29,38,67
58,61,119
98,38,136
75,66,141
97,85,182
18,62,80
66,46,112
84,18,102
54,20,74
99,67,166
80,41,121
22,12,34
83,42,125
47,92,139
96,52,148
66,24,90
11,60,71
54,18,72
34,86,120
48,26,74
44,76,120
59,18,77
73,31,104
29,17,46
39,97,136
90,14,104
30,57,87
91,30,121
90,50,140
24,36,60
96,90,186
59,8,67
97,36,133
37,62,99
71,39,110
53,54,107
32,88,120
60,38,98
60,50,110
84,36,120
27,20,47
78,34,112
85,14,99
19,98,117
94,34,128
61,89,150
17,90,107
26,69,95
56,16,72
65,59,124
25,35,60
98,30,128
43,9,52
28,18,46
91,25,116
77,10,87
84,64,148
74,36,110
15,69,84
74,81,155
14,11,25
42,43,85
54,86,140
44,98,142
23,50,73
85,16,101
44,99,143
71,10,81
68,7,75
82,85,167
89,66,155
27,84,111
31,76,107
98,89,187
41,47,88
59,85,144
42,41,83
29,61,90
65,37,102
47,67,114
11,62,73
88,52,140
46,17,63
25,94,119
40,33,73
46,38,84
87,67,154
88,81,169
53,21,74
19,42,61
49,85,134
32,63,95
53,9,62
63,52,115
75,81,156
75,79,154
84,18,102
19,17,36
45,9,54
67,96,163
41,67,108
43,8,51
99,71,170
17,31,48
14,63,77
68,100,168
11,88,99
12,13,25
36,71,107
54,23,77
39,45,84
30,99,129
39,70,109
28,84,112
73,98,171
55,73,128
37,77,114
68,95,163
10,19,29
41,53,94
51,91,142
73,48,121
18,54,72
92,100,192
100,76,176
75,38,113
69,67,136
22,37,59
89,98,187
87,39,126
38,64,102
64,75,139
71,62,133
67,48,115
82,27,109
88,88,176
19,96,115
73,86,159
29,45,74
60,36,96
36,8,44
35,23,58
40,32,72
9,27,36
27,72,99
99,49,148
95,79,174
81,30,111
31,14,45
79,49,128
40,19,59
83,13,96
65,43,108
54,55,109
8,23,31
45,30,75
93,33,126
23,96,119
33,18,51
97,62,159
50,84,134
100,11,111
50,49,99
65,10,75
62,39,101
23,94,117
13,55,68
80,98,178
7,63,70
71,26,97
23,93,116
68,44,112
50,44,94
82,79,161
56,98,154
96,13,109
52,80,132
43,25,68
74,73,147
65,52,117
69,74,143
83,84,167
60,39,99
22,89,111
8,64,72
82,13,95
9,65,74
11,57,68
44,79,123
66,14,80
98,53,151
57,94,151
92,85,177
24,76,100
57,57,114
60,70,130
86,48,134
31,31,62
84,21,105
87,18,105
92,89,181
84,43,127
61,77,138
8,58,66
7,8,15
56,69,125
93,95,188
71,24,95
28,89,117
31,100,131
56,72,128
66,67,133
41,63,104
93,70,163
68,31,99
41,87,128
69,65,134
100,65,165
60,84,144
54,74,128
11,79,90
66,43,109
24,88,112
9,34,43
63,70,133
79,37,116
54,94,148
96,51,147
98,32,130
12,87,99
50,17,67
37,23,60
15,22,37
50,97,147
85,46,131
76,100,176
52,42,94
59,74,133
10,41,51
35,99,134
70,70,140
84,86,170
18,47,65
60,52,112
88,75,163
85,9,94
71,77,148
93,86,179
52,75,127
19,53,72
26,46,72
33,89,122
69,63,132
99,66,165
71,36,107
26,15,41
62,14,76
40,32,72
69,31,100
98,37,135
59,86,145
78,52,130
64,21,85
87,17,104
11,39,50
94,11,105
97,77,174
17,92,109
12,54,66
98,45,143
56,8,64
95,66,161
90,55,145
73,55,128
80,36,116
89,27,116
73,18,91
80,43,123
77,54,131
64,33,97
50,8,58
29,18,47
7,34,41
35,12,47
8,42,50
38,51,89
20,73,93
47,14,61
42,75,117
76,81,157
81,26,107
83,53,136
45,60,105
66,20,86
97,51,148
17,24,41
37,36,73
81,23,104
34,100,134
88,69,157
69,8,77
22,12,34
93,22,115
37,37,74
8,74,82
56,70,126
34,63,97
66,67,133
53,73,126
48,8,56
40,61,101
13,18,31
99,46,145
67,11,78
23,8,31
77,44,121
68,79,147
37,93,130
45,75,120
96,72,168
85,28,113
98,49,147
95,36,131
30,84,114
68,10,78
46,70,116
81,17,98
65,22,87
21,12,33
18,44,62
39,41,80
85,59,144
65,10,75
90,15,105
13,30,43
17,58,75
84,14,98
83,21,104
61,45,106
19,59,78
89,17,106
95,17,112
91,62,153
58,91,149
18,58,76
22,50,72
57,99,156
70,85,155
52,15,67
34,84,118
18,26,44
86,31,117
82,58,140
60,68,128
71,91,162
12,96,108
86,90,176
19,77,96
42,86,128
44,76,120
37,51,88
22,75,97
76,100,176
92,42,134
83,25,108
21,70,91
91,86,177
71,59,130
71,77,148
17,98,115
64,38,102
35,88,123
48,76,124
90,89,179
27,88,115
88,37,125
76,77,153
40,25,65
90,65,155
16,67,83
39,25,64
61,81,142
88,64,152
32,80,112
10,68,78
94,35,129
29,96,125
63,76,139
53,49,102
29,21,50
85,93,178
11,56,67
33,13,46
82,13,95
85,64,149
15,78,93
76,91,167
7,28,35
7,36,43
81,52,133
12,96,108
73,97,170
33,77,110
33,98,131
62,54,116
98,92,190
66,72,138
11,99,110
30,20,50
68,54,122
56,71,127
28,76,104
78,45,123
47,79,126
12,51,63
59,51,110
61,12,73
82,34,116
52,71,123
10,90,100
25,30,55
47,19,66
62,66,128
35,14,49
67,81,148
9,90,99
72,64,136
66,74,140
17,90,107
86,80,166
63,75,138
13,31,44
34,69,103
40,16,56
83,36,119
65,32,97
45,94,139
91,52,143
56,96,152
84,17,101
14,18,32
56,63,119
100,35,135
65,83,148
43,31,74
23,26,49
46,28,74
68,83,151
22,52,74
14,72,86
33,40,73
86,49,135
9,45,54
19,55,74
44,13,57
11,60,71
50,13,63
7,83,90
59,69,128
83,25,108
74,12,86
79,79,158
9,65,74
29,8,37
41,19,60
90,79,169
18,9,27
30,56,86
97,50,147
65,67,132
56,70,126
30,47,77
46,94,140
91,54,145
89,33,122
99,90,189
14,81,95
60,29,89
57,77,134
20,46,66
44,35,79
30,45,75
47,63,110
7,14,21
33,38,71
45,28,73
40,62,102
60,70,130
31,59,90
59,22,81
56,68,124
95,11,106
11,23,34
99,74,173
9,50,59
70,58,128
98,38,136
27,40,67
36,9,45
23,8,31
79,73,152
90,17,107
82,92,174
89,56,145
88,80,168
59,96,155
87,50,137
48,11,59
32,19,51
91,31,122
21,20,41
25,24,49
61,42,103
59,54,113
15,63,78
11,41,52
58,28,86
65,7,72
48,74,122
36,12,48
20,74,94
26,60,86
75,12,87
9,93,102
20,89,109
51,61,112
34,16,50
26,83,109
82,95,177
34,19,53
38,40,78
38,27,65
52,38,90
7,24,31
85,42,127
25,19,44
75,11,86
93,27,120
60,28,88
14,13,27
29,99,128
20,93,113
30,38,68
81,10,91
35,18,53
77,38,115
93,84,177
90,80,170
39,38,77
95,53,148
41,30,71
85,76,161
75,70,145
64,93,157
82,43,125
32,14,46
60,33,93
41,46,87
21,95,116
78,73,151
20,64,84
65,91,156
98,21,119
78,92,170
77,7,84
58,77,135
73,76,149
97,76,173
83,8,91
62,82,144
58,58,116
58,21,79
86,34,120
11,7,18
71,96,167
91,34,125
7,89,96
20,35,55
21,34,55
41,52,93
91,48,139
31,20,51
63,49,112
78,71,149
62,28,90
51,39,90
52,47,99
98,94,192
23,78,101
53,86,139
14,26,40
33,57,90
45,20,65
83,35,118
73,61,134
85,59,144
23,52,75
58,35,93
75,27,102
17,99,116
51,41,92
9,36,45
69,28,97
18,27,45
73,59,132
11,77,88
17,25,42
77,51,128
19,86,105
77,81,158
86,15,101
94,25,119
13,29,42
29,77,106
63,23,86
58,9,67
74,65,139
53,93,146
81,74,155
25,89,114
82,45,127
47,19,66
11,81,92
33,48,81
77,35,112
100,43,143
47,70,117
29,51,80
9,36,45
72,50,122
67,41,108
68,99,167
37,81,118
24,67,91
30,43,73
69,52,121
39,48,87
11,88,99
66,46,112
22,45,67
38,91,129
27,92,119
99,33,132
20,63,83
67,79,146
60,94,154
43,68,111
74,90,164
50,23,73
47,69,116
41,23,64
25,28,53
84,10,94
44,85,129
76,65,141
72,93,165
76,85,161
83,63,146
84,9,93
47,94,141
44,57,101
44,26,70
96,44,140
81,69,150
40,34,74
86,71,157
68,37,105
20,48,68
44,58,102
38,56,94
82,26,108
76,20,96
24,31,55
98,68,166
83,47,130
86,51,137
16,68,84
7,30,37
73,71,144
15,10,25
80,53,133
15,78,93
99,74,173
12,65,77
23,48,71
80,58,138
12,16,28
33,82,115
17,87,104
8,14,22
75,65,140
65,7,72
24,70,94
32,82,114
98,46,144
100,59,159
77,53,130
77,34,111
27,73,100
71,30,101
86,45,131
21,92,113
50,92,142
33,89,122
92,56,148
8,21,29
50,90,140
29,67,96
23,88,111
73,84,157
27,85,112
90,94,184
20,91,111
50,26,76
74,54,128
72,58,130
8,35,43
26,64,90
63,24,87
80,87,167
20,83,103
65,100,165
96,28,124
26,84,110
29,39,68
85,18,103
9,33,42
94,17,111
78,70,148
96,91,187
18,77,95
56,45,101
24,32,56
12,73,85
10,46,56
64,65,129
82,31,113
46,15,61
70,19,89
12,27,39
88,37,125
10,7,17
21,56,77
54,14,68
31,76,107
38,53,91
26,26,52
79,15,94
27,33,60
40,55,95
15,16,31
32,56,88
50,65,115
95,38,133
19,53,72
43,82,125
64,32,96
30,62,92
25,99,124
63,31,94
70,61,131
54,76,130
45,39,84
22,85,107
21,55,76
79,55,134
10,19,29
83,99,182
25,83,108
9,24,33
15,15,30
61,49,110
24,8,32
50,39,89
98,54,152
10,46,56
19,30,49
42,52,94
9,27,36
42,36,78
58,100,158
74,9,83
79,30,109
86,57,143
98,77,175
86,56,142
51,72,123
95,71,166
60,98,158
13,36,49
70,14,84
23,31,54
82,16,98
32,50,82
84,98,182
60,48,108
23,70,93
78,54,132
67,47,114
23,26,49
98,20,118
51,17,68
45,100,145
83,17,100
28,52,80
54,67,121
25,84,109
40,10,50
89,29,118
25,49,74
70,67,137
81,55,136
30,30,60
97,93,190
70,68,138
11,89,100
41,22,63
46,82,128
44,39,83
51,11,62
49,73,122
68,35,103
48,46,94
53,12,65
88,100,188
94,12,106
28,96,124
99,22,121
12,56,68
100,56,156
60,32,92
37,81,118
46,100,146
19,13,32
39,84,123
65,77,142
92,80,172
98,66,164
100,27,127
54,19,73
35,85,120
8,61,69
38,64,102
16,9,25
15,67,82
31,17,48
62,13,75
82,83,165
100,8,108
64,98,162
20,65,85
89,69,158
53,36,89
84,92,176
26,29,55
94,61,155
15,18,33
92,46,138
65,66,131
54,28,82
36,63,99
7,7,14
50,19,69
62,51,113
35,59,94
61,13,74
90,51,141
65,48,113
49,51,100
37,34,71
22,24,46
97,68,165
100,36,136
78,10,88
59,77,136
10,23,33
44,85,129
63,78,141
84,55,139
32,26,58
52,20,72
14,78,92
90,15,105
48,91,139
86,17,103
46,34,80
86,62,148
36,28,64
59,54,113
58,95,153
25,84,109
80,85,165
18,55,73
8,96,104
86,56,142
69,72,141
87,67,154
78,23,101
56,8,64
13,10,23
83,90,173
93,25,118
88,10,98
64,67,131
83,54,137
95,81,176
50,63,113
37,87,124
79,73,152
65,52,117
90,67,157
87,93,180
92,7,99
94,15,109
27,42,69
67,92,159
55,91,146
20,66,86
46,87,133
41,42,83
42,76,118
38,43,81
71,10,81
43,41,84
31,55,86
21,68,89
45,59,104
87,83,170
36,25,61
72,25,97
50,31,81
87,67,154
71,78,149
42,68,110
64,37,101
63,19,82
68,51,119
7,74,81
31,27,58
15,27,42
24,89,113
57,91,148
80,70,150
92,27,119
87,23,110
26,16,42
35,28,63
48,48,96
68,75,143
13,36,49
36,78,114
56,48,104
42,32,74
71,64,135
69,53,122
47,82,129
58,25,83
75,69,144
77,90,167
31,32,63
58,85,143
48,41,89
19,64,83
87,15,102
17,52,69
29,85,114
100,9,109
11,69,80
60,45,105
38,30,68
53,49,102
90,71,161
36,31,67
52,25,77
96,65,161
45,58,103
8,88,96
64,69,133
16,99,115
41,61,102
86,41,127
82,32,114
16,90,106
47,12,59
30,11,41
96,20,116
51,35,86
58,37,95
85,74,159
20,25,45
87,77,164
37,97,134
59,7,66
22,39,61
99,90,189
45,57,102
53,70,123
40,63,103
94,7,101
8,63,71
23,18,41
56,77,133
57,47,104
46,9,55
33,10,43
54,49,103
45,22,67
8,71,79
54,71,125
34,28,62
57,11,68
92,52,144
32,50,82
27,46,73
7,68,75
35,95,130
96,97,193
85,13,98
94,54,148
27,60,87
43,85,128
44,31,75
66,13,79
19,79,98
49,59,108
80,41,121
75,89,164
58,80,138
37,25,62
89,14,103
92,60,152
52,13,65
97,77,174
52,27,79
28,24,52
46,44,90
90,60,150
21,16,37
68,39,107
53,8,61
75,58,133
39,24,63
14,8,22
29,63,92
31,77,108
97,67,164
30,39,69
57,30,87
97,82,179
92,89,181
18,50,68
67,16,83
92,72,164
14,46,60
95,27,122
12,72,84
66,90,156
91,60,151
94,21,115
11,29,40
24,87,111
34,53,87
53,36,89
26,22,48
88,7,95
67,85,152
92,31,123
21,9,30
82,10,92
98,87,185
47,53,100
85,34,119
72,41,113
40,91,131
7,21,28
59,49,108
30,84,114
43,90,133
98,34,132
31,42,73
70,41,111
81,98,179
40,72,112
12,41,53
60,53,113
94,76,170
68,44,112
63,16,79
55,43,98
53,92,145
59,70,129
82,100,182
81,41,122
85,58,143
67,46,113
95,70,165
26,40,66
53,71,124
15,65,80
54,35,89
37,62,99
51,39,90
29,71,100
13,94,107
71,83,154
31,62,93
13,57,70
31,55,86
33,59,92
37,8,45
54,50,104
88,76,164
34,91,125
60,61,121
20,19,39
74,37,111
29,41,70
96,11,107
75,61,136
84,94,178
13,26,39
85,91,176
91,24,115
9,22,31
25,98,123
73,39,112
89,83,172
67,37,104
42,31,73
32,40,72
26,67,93
16,15,31
97,92,189
70,28,98
22,74,96
86,31,117
14,99,113
7,60,67
68,96,164
53,8,61
41,73,114
80,51,131
7,17,24
24,15,39
26,31,57
7,22,29
73,14,87
57,72,129
81,32,113
43,13,56
13,82,95
88,52,140
14,17,31
26,33,59
68,78,146
63,63,126
89,66,155
29,62,91
45,10,55
30,93,123
95,22,117
75,97,172
84,57,141
96,92,188
24,67,91
14,34,48
37,47,84
31,38,69
14,63,77
97,56,153
71,94,165
18,17,35
89,30,119
37,64,101
22,89,111
96,60,156
36,47,83
70,41,111
41,29,70
91,54,145
98,24,122
42,49,91
41,19,60
27,88,115
38,17,55
79,83,162
95,55,150
33,76,109
46,51,97
35,22,57
57,60,117
60,94,154
35,9,44
19,78,97
55,80,135
43,100,143
83,45,128
97,44,141
99,83,182
76,24,100
67,16,83
50,56,106
87,54,141
14,59,73
45,22,67
95,99,194
61,79,140
45,38,83
89,92,181
34,97,131
98,64,162
13,77,90
22,51,73
89,33,122
68,94,162
90,24,114
7,82,89
38,65,103
19,91,110
89,28,117
36,95,131
60,33,93
74,73,147
76,60,136
26,94,120
56,31,87
28,76,104
47,18,65
76,16,92
33,28,61
8,97,105
71,66,137
29,40,69
15,49,64
55,86,141
30,7,37
53,59,112
49,21,70
45,69,114
53,43,96
64,38,102
37,31,68
44,60,104
57,43,100
94,55,149
97,7,104
91,49,140
29,20,49
7,100,107
23,12,35
14,32,46
34,59,93
79,9,88
81,11,92
46,44,90
71,43,114
90,13,103
40,35,75
73,77,150
57,57,114
61,41,102
66,62,128
99,91,190
44,39,83
48,31,79
88,64,152
88,63,151
68,18,86
77,61,138
56,17,73
55,32,87
94,68,162
62,92,154
27,57,84
78,31,109
73,35,108
35,80,115
93,65,158
16,54,70
57,19,76
16,21,37
29,44,73
16,19,35
18,60,78
39,12,51
46,70,116
26,55,81
93,66,159
83,27,110
12,58,70
9,53,62
48,10,58
64,80,144
89,61,150
62,71,133
82,59,141
58,51,109
16,46,62
37,69,106
91,94,185
72,26,98
42,80,122
17,11,28
34,25,59
89,99,188
76,46,122
97,78,175
27,53,80
70,26,96
96,31,127
86,96,182
21,66,87
41,40,81
70,74,144
65,24,89
21,7,28
75,90,165
92,84,176
44,14,58
81,57,138
40,80,120
66,12,78
38,63,101
36,14,50
63,98,161
39,83,122
23,56,79
91,58,149
62,22,84
90,33,123
8,16,24
13,63,76
39,60,99
87,56,143
97,83,180
28,25,53
56,68,124
55,95,150
20,42,62
70,49,119
72,63,135
45,94,139
8,38,46
30,96,126
74,43,117
80,32,112
19,89,108
76,8,84
74,19,93
34,66,100
24,43,67
71,71,142
78,42,120
27,61,88
14,56,70
66,75,141
33,87,120
8,63,71
94,31,125
65,82,147
91,40,131
75,82,157
51,10,61
65,20,85
52,78,130
94,23,117
13,43,56
56,63,119
26,80,106
28,68,96
40,46,86
9,71,80
93,60,153
63,62,125
99,69,168
56,73,129
78,88,166
89,82,171
48,99,147
20,42,62
76,90,166
66,31,97
77,19,96
58,25,83
44,20,64
67,73,140
57,49,106
54,34,88
94,77,171
39,42,81
19,58,77
28,32,60
78,82,160
58,45,103
26,44,70
22,90,112
93,18,111
50,96,146
56,61,117
72,10,82
11,42,53
63,44,107
42,14,56
70,38,108
64,52,116
93,28,121
27,32,59
96,100,196
89,99,188
24,38,62
85,84,169
85,73,158
10,13,23
61,54,115
53,30,83
70,41,111
88,93,181
17,19,36
94,32,126
54,95,149
69,55,124
39,35,74
23,61,84
43,74,117
63,18,81
70,26,96
77,94,171
79,20,99
42,34,76
58,50,108
50,78,128
37,85,122
84,46,130
42,35,77
57,67,124
18,17,35
51,75,126
97,76,173
52,81,133
80,67,147
28,18,46
96,81,177
19,97,116
69,52,121
14,62,76
46,65,111
33,56,89
56,74,130
55,68,123
93,78,171
22,77,99
8,55,63
81,73,154
28,10,38
93,37,130
69,35,104
23,38,61
15,37,52
26,94,120
28,82,110
48,20,68
24,98,122
55,77,132
85,10,95
26,27,53
50,94,144
30,46,76
65,58,123
24,73,97
34,56,90
60,56,116
34,72,106
72,50,122
97,75,172
25,100,125
45,83,128
39,14,53
32,76,108
22,57,79
31,48,79
89,34,123
93,80,173
50,11,61
18,20,38
68,67,135
74,100,174
31,29,60
20,9,29
83,88,171
28,21,49
53,42,95
65,82,147
10,93,103
70,48,118
54,84,138
47,55,102
85,94,179
71,92,163
60,72,132
40,54,94
84,86,170
94,71,165
18,91,109
61,45,106
37,74,111
7,47,54
50,84,134
97,88,185
16,61,77
12,19,31
26,47,73
15,53,68
47,55,102
70,84,154
82,43,125
35,13,48
9,84,93
86,40,126
11,44,55
13,10,23
53,87,140
56,11,67
73,22,95
88,24,112
40,7,47
17,67,84
50,59,109
81,89,170
58,70,128
64,16,80
64,38,102
37,96,133
19,71,90
75,53,128
40,63,103
60,87,147
10,29,39
91,80,171
52,61,113
54,92,146
14,82,96
92,82,174
55,70,125
30,72,102
8,45,53
96,40,136
60,14,74
98,86,184
12,64,76
90,62,152
17,35,52
42,48,90
76,62,138
70,30,100
91,43,134
40,30,70
79,93,172
19,38,57
82,45,127
97,71,168
81,11,92
41,96,137
7,77,84
64,31,95
34,62,96
75,42,117
51,93,144
45,44,89
30,90,120
56,43,99
88,62,150
90,30,120
80,64,144
38,52,90
32,31,63
79,47,126
21,75,96
13,13,26
89,95,184
10,46,56
44,82,126
25,80,105
31,46,77
49,14,63
41,14,55
82,56,138
30,53,83
32,79,111
70,30,100
14,92,106
90,48,138
18,78,96
39,98,137
33,58,91
8,95,103
93,77,170
29,45,74
59,25,84
93,86,179
14,74,88
42,40,82
85,46,131
82,67,149
53,92,145
50,61,111
24,44,68
28,19,47
74,21,95
28,47,75
34,19,53
21,80,101
75,31,106
70,41,111
61,57,118
96,64,160
61,56,117
88,94,182
54,32,86
17,53,70
79,12,91
90,26,116
82,13,95
15,100,115
61,53,114
95,13,108
89,69,158
70,52,122
91,54,145
86,50,136
44,62,106
79,37,116
27,42,69
69,11,80
66,20,86
86,48,134
57,95,152
64,33,97
39,24,63
16,69,85
38,100,138
24,30,54
67,26,93
7,79,86
81,71,152
82,49,131
61,7,68
16,100,116
69,93,162
82,91,173
38,74,112
59,14,73
73,20,93
40,14,54
21,59,80
19,79,98
39,79,118
54,9,63
78,92,170
68,76,144
23,17,40
84,70,154
32,8,40
8,19,27
65,65,130
15,74,89
21,29,50
75,41,116
51,61,112
86,38,124
13,51,64
45,40,85
19,86,105
52,94,146
78,46,124
7,44,51
98,74,172
83,22,105
27,36,63
100,74,174
21,79,100
94,50,144
12,18,30
88,19,107
75,72,147
11,90,101
10,83,93
32,85,117
36,93,129
12,30,42
45,53,98
51,63,114
30,46,76
45,64,109
49,42,91
30,8,38
33,43,76
20,64,84
32,41,73
52,31,83
68,96,164
77,59,136
82,35,117
69,44,113
37,9,46
58,53,111
50,78,128
25,22,47
86,63,149
46,46,92
67,8,75
30,93,123
26,34,60
16,80,96
33,98,131
69,32,101
89,40,129
59,74,133
62,14,76
17,48,65
71,69,140
27,13,40
56,52,108
67,87,154
90,40,130
25,26,51
15,99,114
34,19,53
91,24,115
92,77,169
40,21,61
52,93,145
80,74,154
36,48,84
42,100,142
68,66,134
70,50,120
69,34,103
35,86,121
40,51,91
18,36,54
93,75,168
61,87,148
68,16,84
62,84,146
77,26,103
41,12,53
78,16,94
40,67,107
16,10,26
79,34,113
20,95,115
49,65,114
40,7,47
32,13,45
46,19,65
90,98,188
18,52,70
48,99,147
34,59,93
80,98,178
87,44,131
41,15,56
32,28,60
67,14,81
64,80,144
96,48,144
50,34,84
48,60,108
17,19,36
75,53,128
19,41,60
54,56,110
11,39,50
46,66,112
51,55,106
87,49,136
90,55,145
57,31,88
22,79,101
61,8,69
22,77,99
24,29,53
90,100,190
97,95,192
8,24,32
43,79,122
12,80,92
70,26,96
80,11,91
23,18,41
22,80,102
91,70,161
39,17,56
82,20,102
99,46,145
35,57,92
44,75,119
13,21,34
89,53,142
59,11,70
22,10,32
44,14,58
82,97,179
38,57,95
36,92,128
64,77,141
13,7,20
12,53,65
79,55,134
70,69,139
81,99,180
65,82,147
72,73,145
51,98,149
65,86,151
60,64,124
16,83,99
36,90,126
62,19,81
51,45,96
67,99,166
50,30,80
80,74,154
13,78,91
92,25,117
71,22,93
63,35,98
14,21,35
78,100,178
86,15,101
49,31,80
79,44,123
82,94,176
27,79,106
34,38,72
29,26,55
29,52,81
44,87,131
59,94,153
50,53,103
53,13,66
61,97,158
19,51,70
48,73,121
45,98,143
22,37,59
69,90,159
44,88,132
28,51,79
8,45,53
60,42,102
53,77,130
16,49,65
59,65,124
90,51,141
85,64,149
68,31,99
80,30,110
80,79,159
99,39,138
37,76,113
96,67,163
30,36,66
17,18,35
20,45,65
80,79,159
24,96,120
69,52,121
11,29,40
63,46,109
11,98,109
58,86,144
21,94,115
37,65,102
73,46,119
11,36,47
14,61,75
84,29,113
34,94,128
12,33,45
41,78,119
59,95,154
57,80,137
49,72,121
29,75,104
96,69,165
24,96,120
88,64,152
33,56,89
54,16,70
78,35,113
23,14,37
80,78,158
22,76,98
48,87,135
62,53,115
77,96,173
60,90,150
58,73,131
58,54,112
83,77,160
98,48,146
49,90,139
27,34,61
93,14,107
60,36,96
34,26,60
93,51,144
91,94,185
83,89,172
42,80,122
20,31,51
82,31,113
84,36,120
100,38,138
99,45,144
96,46,142
96,57,153
21,81,102
76,34,110
64,26,90
77,18,95
55,95,150
69,76,145
78,23,101
7,52,59
37,35,72
22,27,49
64,94,158
38,15,53
89,21,110
81,74,155
29,92,121
53,69,122
27,33,60
49,81,130
42,15,57
85,62,147
56,100,156
72,66,138
15,55,70
34,38,72
65,93,158
63,16,79
56,55,111
69,52,121
57,99,156
23,75,98
69,74,143
62,50,112
91,44,135
80,32,112
10,7,17
45,100,145
65,19,84
98,97,195
75,46,121
10,85,95
82,24,106
48,57,105
94,34,128
31,46,77
71,55,126
59,79,138
7,93,100
72,69,141
64,77,141
25,73,98
7,43,50
27,86,113
27,42,69
54,91,145
44,51,95
33,64,97
81,31,112
31,73,104
84,70,154
100,54,154
41,75,116
19,83,102
87,32,119
80,57,137
44,76,120
41,16,57
53,50,103
7,69,76
18,13,31
35,48,83
59,59,118
92,70,162
80,28,108
82,58,140
91,75,166
76,21,97
42,56,98
50,91,141
36,89,125
8,57,65
34,54,88
83,55,138
51,29,80
49,15,64
74,67,141
54,43,97
95,11,106
15,22,37
80,97,177
77,63,140
85,27,112
76,39,115
71,82,153
64,44,108
37,72,109
94,96,190
100,90,190
22,12,34
18,80,98
15,71,86
26,25,51
68,25,93
72,82,154
68,60,128
68,47,115
91,71,162
21,14,35
88,67,155
58,28,86
23,20,43
24,71,95
7,76,83
49,60,109
55,74,129
60,40,100
39,25,64
96,92,188
61,24,85
53,57,110
72,96,168
31,18,49
32,72,104
22,96,118
59,24,83
38,75,113
16,48,64
89,99,188
40,28,68
76,44,120
53,76,129
24,57,81
80,46,126
74,88,162
88,78,166
78,50,128
96,82,178
27,72,99
85,92,177
66,49,115
91,94,185
37,36,73
97,60,157
91,8,99
27,83,110
29,36,65
12,37,49
26,82,108
26,94,120
92,47,139
95,78,173
31,40,71
74,13,87
55,39,94
41,22,63
15,74,89
13,93,106
41,89,130
22,57,79
57,43,100
55,38,93
71,80,151
16,37,53
92,55,147
81,76,157
48,82,130
54,25,79
59,95,154
57,11,68
63,70,133
79,15,94
96,44,140
15,74,89
54,57,111
69,12,81
85,22,107
99,20,119
44,96,140
97,91,188
13,25,38
19,53,72
10,43,53
20,26,46
85,99,184
56,59,115
26,63,89
90,42,132
18,10,28
18,82,100
99,70,169
45,97,142
96,43,139
64,91,155
13,72,85
87,29,116
85,11,96
53,56,109
88,36,124
15,90,105
49,39,88
86,83,169
31,23,54
45,36,81
66,91,157
36,63,99
10,71,81
56,31,87
42,36,78
76,60,136
63,64,127
16,7,23
15,60,75
90,69,159
58,87,145
56,34,90
57,48,105
11,80,91
93,8,101
26,72,98
71,54,125
69,100,169
51,29,80
35,74,109
60,61,121
71,42,113
33,96,129
9,31,40
11,11,22
84,10,94
65,19,84
91,87,178
56,84,140
17,88,105
57,73,130
68,31,99
85,41,126
47,64,111
91,31,122
81,49,130
49,39,88
49,51,100
97,59,156
37,31,68
22,31,53
46,57,103
82,83,165
14,75,89
44,27,71
79,13,92
38,73,111
26,39,65
93,40,133
76,88,164
56,56,112
64,33,97
18,16,34
41,11,52
100,49,149
83,58,141
88,53,141
35,8,43
53,38,91
51,85,136
54,15,69
88,15,103
55,87,142
37,39,76
29,32,61
46,14,60
100,37,137
7,13,20
63,30,93
45,88,133
39,81,120
75,83,158
56,67,123
59,8,67
49,39,88
67,77,144
60,45,105
56,50,106
10,45,55
67,72,139
14,28,42
45,7,52
13,84,97
37,27,64
26,74,100
38,72,110
66,69,135
28,56,84
30,19,49
56,88,144
78,7,85
12,51,63
65,87,152
41,38,79
35,22,57
98,16,114
27,17,44
71,30,101
36,43,79
52,51,103
9,45,54
100,74,174
34,59,93
67,71,138
7,18,25
98,25,123
11,32,43
11,33,44
61,77,138
74,61,135
18,23,41
70,93,163
29,24,53
67,20,87
66,7,73
41,69,110
84,53,137
77,12,89
58,66,124
75,67,142
74,32,106
70,42,112
100,42,142
31,65,96
20,32,52
72,88,160
86,59,145
74,68,142
33,30,63
58,61,119
90,53,143
51,32,83
18,55,73
10,52,62
45,96,141
84,19,103
22,96,118
89,79,168
98,61,159
57,14,71
77,29,106
72,87,159
7,19,26
42,91,133
100,30,130
99,11,110
42,71,113
30,18,48
17,9,26
38,90,128
25,15,40
92,7,99
37,14,51
58,28,86
52,91,143
17,39,56
83,45,128
9,72,81
64,98,162
41,86,127
14,11,25
85,94,179
66,86,152
40,55,95
90,46,136
15,12,27
91,57,148
37,10,47
28,69,97
17,90,107
23,8,31
24,100,124
59,69,128
86,82,168
79,33,112
89,95,184
17,70,87
74,67,141
55,76,131
9,40,49
40,31,71
68,15,83
7,24,31
54,8,62
91,90,181
21,33,54
43,24,67
13,75,88
89,7,96
93,29,122
57,7,64
74,88,162
51,8,59
23,12,35
51,36,87
53,88,141
82,94,176
68,94,162
15,87,102
34,64,98
32,85,117
72,35,107
66,43,109
99,82,181
88,66,154
37,35,72
18,51,69
97,16,113
31,14,45
34,73,107
77,59,136
61,33,94
88,18,106
34,88,122
8,93,101
87,59,146
100,78,178
13,81,94
23,36,59
17,46,63
67,29,96
41,96,137
7,31,38
7,39,46
46,64,110
14,96,110
97,31,128
84,40,124
14,87,101
22,36,58
30,77,107
49,12,61
97,73,170
80,37,117
82,52,134
15,11,26
62,22,84
56,59,115
64,100,164
17,83,100
24,67,91
91,70,161
46,99,145
59,68,127
96,13,109
86,47,133
88,20,108
15,80,95
30,95,125
98,56,154
22,18,40
62,42,104
82,64,146
95,72,167
85,79,164
72,64,136
81,63,144
95,64,159
38,90,128
71,97,168
83,16,99
11,7,18
53,35,88
94,34,128
13,15,28
42,34,76
18,17,35
41,56,97
64,61,125
75,74,149
14,31,45
30,58,88
19,64,83
62,67,129
91,9,100
17,63,80
67,40,107
39,90,129
31,31,62
47,8,55
43,38,81
52,61,113
87,55,142
35,59,94
11,88,99
74,97,171
33,22,55
37,47,84
83,99,182
28,11,39
91,95,186
94,53,147
85,61,146
27,46,73
76,71,147
33,89,122
37,80,117
24,53,77
18,76,94
58,74,132
15,35,50
22,73,95
41,30,71
33,14,47
58,96,154
33,36,69
47,24,71
27,20,47
15,28,43
43,72,115
98,97,195
17,92,109
49,50,99
96,40,136
65,77,142
31,11,42
53,78,131
68,82,150
66,44,110
81,39,120
87,21,108
13,23,36
33,46,79
35,47,82
29,87,116
8,90,98
42,37,79
57,16,73
22,61,83
67,7,74
56,84,140
46,44,90
16,67,83
68,28,96
7,11,18
48,19,67
76,45,121
92,96,188
26,11,37
63,52,115
46,53,99
13,20,33
18,12,30
84,70,154
31,8,39
97,88,185
92,62,154
24,69,93
52,38,90
36,55,91
25,55,80
33,74,107
68,55,123
42,66,108
8,46,54
47,39,86
43,52,95
66,72,138
47,60,107
53,81,134
93,20,113
40,30,70
46,13,59
18,18,36
27,58,85
48,13,61
42,33,75
74,65,139
48,60,108
81,46,127
30,91,121
31,10,41
88,80,168
62,82,144
23,78,101
61,33,94
36,54,90
22,47,69
24,33,57
35,39,74
25,56,81
68,50,118
40,11,51
67,12,79
49,41,90
70,29,99
24,54,78
74,70,144
11,99,110
27,73,100
37,7,44
27,63,90
18,9,27
10,29,39
7,75,82
23,18,41
73,42,115
41,77,118
83,11,94
87,93,180
68,21,89
23,29,52
64,44,108
66,69,135
9,84,93
40,22,62
12,56,68
67,85,152
78,69,147
73,38,111
97,89,186
59,85,144
78,54,132
7,58,65
21,97,118
26,49,75
44,45,89
17,36,53
59,46,105
94,68,162
59,100,159
80,44,124
52,37,89
23,24,47
25,62,87
17,38,55
27,63,90
13,94,107
15,54,69
42,97,139
98,84,182
29,36,65
35,26,61
33,82,115
53,37,90
31,76,107
83,83,166
55,99,154
91,84,175
15,72,87
25,87,112
14,14,28
12,55,67
98,11,109
56,7,63
42,80,122
49,73,122
16,100,116
64,59,123
72,69,141
77,86,163
38,74,112
91,18,109
46,54,100
97,56,153
32,24,56
26,13,39
9,34,43
9,78,87
42,53,95
95,64,159
66,96,162
90,93,183
46,40,86
94,19,113
69,35,104
16,83,99
18,51,69
69,29,98
98,89,187
18,80,98
97,49,146
97,92,189
97,45,142
81,70,151
52,49,101
71,7,78
10,98,108
11,53,64
19,98,117
58,26,84
73,48,121
52,23,75
52,56,108
28,48,76
7,86,93
100,66,166
34,62,96
51,43,94
66,13,79
23,15,38
32,51,83
7,78,85
12,67,79
20,60,80
78,78,156
11,44,55
94,22,116
20,100,120
81,14,95
10,72,82
66,22,88
72,80,152
74,89,163
94,42,136
73,78,151
50,77,127
44,63,107
51,68,119
45,51,96
28,17,45
55,77,132
28,55,83
92,19,111
100,90,190
74,33,107
48,29,77
26,60,86
84,70,154
40,26,66
72,76,148
8,77,85
38,59,97
23,36,59
68,44,112
59,47,106
56,94,150
34,43,77
64,83,147
92,37,129
10,92,102
55,38,93
51,85,136
26,87,113
91,68,159
68,9,77
89,31,120
32,70,102
24,44,68
73,94,167
89,38,127
12,69,81
42,24,66
99,63,162
99,65,164
74,33,107
16,86,102
59,96,155
71,100,171
93,72,165
63,86,149
70,15,85
35,58,93
16,51,67
47,93,140
73,71,144
12,81,93
86,83,169
96,53,149
27,32,59
67,44,111
54,41,95
31,15,46
62,26,88
26,34,60
87,81,168
62,19,81
95,65,160
74,30,104
56,90,146
60,94,154
13,28,41
96,32,128
65,34,99
21,30,51
97,59,156
88,75,163
14,76,90
58,56,114
74,45,119
88,22,110
77,28,105
96,98,194
39,96,135
25,44,69
35,55,90
67,87,154
35,48,83
23,39,62
64,57,121
27,89,116
99,92,191
17,81,98
74,78,152
61,97,158
13,40,53
39,36,75
17,52,69
34,23,57
79,90,169
53,89,142
22,66,88
78,50,128
55,58,113
57,22,79
100,64,164
13,97,110
69,50,119
68,99,167
78,56,134
50,52,102
95,57,152
30,53,83
34,43,77
39,9,48
17,75,92
11,81,92
34,70,104
32,91,123
93,99,192
9,18,27
30,69,99
83,7,90
17,71,88
71,68,139
58,27,85
78,12,90
16,9,25
54,73,127
7,16,23
34,10,44
39,65,104
95,21,116
60,8,68
43,24,67
73,59,132
59,59,118
59,81,140
19,67,86
54,53,107
76,9,85
37,85,122
20,70,90
44,60,104
54,91,145
19,47,66
8,26,34
61,64,125
71,22,93
73,18,91
66,88,154
54,90,144
54,22,76
22,22,44
14,70,84
97,19,116
41,48,89
90,97,187
14,23,37
38,13,51
82,87,169
39,12,51
24,84,108
72,54,126
69,49,118
13,21,34
74,31,105
79,39,118
91,50,141
45,79,124
51,47,98
79,64,143
72,73,145
26,65,91
50,41,91
14,28,42
43,32,75
38,49,87
84,63,147
27,87,114
98,79,177
62,41,103
64,94,158
60,49,109
87,23,110
7,17,24
69,41,110
84,99,183
83,9,92
25,72,97
36,86,122
88,23,111
81,69,150
45,53,98
61,11,72
92,85,177
23,36,59
60,34,94
21,68,89
27,18,45
76,78,154
19,7,26
93,42,135
67,20,87
71,22,93
44,22,66
40,80,120
9,100,109
33,18,51
88,15,103
84,92,176
44,14,58
75,67,142
57,94,151
33,60,93
56,25,81
12,89,101
58,81,139
41,95,136
30,11,41
42,96,138
28,71,99
41,30,71
26,12,38
96,78,174
88,83,171
64,68,132
98,27,125
99,86,185
41,75,116
53,91,144
56,43,99
39,83,122
13,77,90
50,38,88
94,43,137
28,37,65
46,60,106
29,43,72
26,42,68
84,74,158
21,97,118
33,90,123
100,75,175
97,26,123
40,76,116
29,39,68
22,15,37
37,92,129
32,47,79
96,46,142
94,80,174
18,70,88
79,73,152
83,88,171
16,56,72
81,51,132
88,41,129
47,21,68
49,80,129
40,25,65
52,57,109
41,29,70
18,77,95
13,68,81
13,46,59
53,32,85
19,52,71
22,96,118
17,32,49
88,12,100
17,24,41
79,34,113
82,64,146
42,35,77
38,90,128
47,25,72
59,52,111
33,32,65
99,57,156
46,59,105
66,48,114
66,40,106
71,28,99
66,36,102
81,63,144
9,69,78
21,9,30
83,62,145
79,8,87
69,18,87
23,39,62
32,9,41
16,72,88
48,97,145
77,81,158
7,50,57
20,41,61
13,77,90
84,58,142
13,61,74
10,36,46
37,48,85
76,70,146
62,26,88
30,51,81
18,82,100
45,9,54
61,54,115
36,68,104
94,10,104
35,37,72
26,15,41
15,95,110
97,51,148
91,19,110
26,44,70
95,67,162
98,26,124
40,88,128
63,55,118
77,34,111
61,22,83
63,12,75
89,38,127
37,35,72
48,60,108
49,90,139
26,10,36
50,13,63
41,98,139
39,14,53
25,36,61
82,71,153
12,91,103
55,10,65
50,90,140
91,9,100
83,12,95
69,78,147
20,37,57
19,48,67
95,12,107
17,55,72
25,52,77
28,9,37
65,40,105
85,52,137
60,42,102
66,55,121
92,24,116
12,23,35
15,49,64
64,30,94
32,42,74
67,22,89
74,65,139
67,24,91
40,40,80
87,30,117
84,91,175
45,29,74
26,20,46
68,78,146
80,19,99
98,65,163
66,19,85
87,33,120
38,11,49
34,20,54
23,48,71
82,13,95
53,98,151
10,35,45
22,83,105
95,56,151
64,91,155
33,70,103
47,83,130
49,20,69
12,8,20
27,27,54
8,40,48
21,100,121
48,46,94
93,13,106
40,18,58
92,42,134
51,23,74
8,52,60
49,20,69
40,16,56
8,72,80
53,84,137
27,80,107
100,28,128
85,52,137
97,42,139
48,89,137
97,76,173
60,50,110
96,92,188
95,52,147
31,96,127
17,89,106
62,92,154
15,22,37
60,55,115
36,67,103
21,85,106
68,37,105
37,27,64
31,73,104
55,47,102
28,23,51
22,69,91
85,43,128
83,74,157
8,72,80
49,44,93
45,69,114
92,88,180
11,21,32
37,74,111
31,60,91
20,80,100
29,65,94
29,59,88
61,50,111
22,69,91
37,98,135
93,89,182
77,82,159
90,7,97
70,74,144
41,42,83
96,47,143
38,99,137
30,92,122
67,55,122
86,92,178
28,12,40
30,65,95
34,18,52
38,73,111
78,22,100
32,56,88
57,100,157
31,16,47
27,98,125
92,7,99
75,73,148
81,56,137
12,53,65
93,85,178
91,16,107
20,56,76
75,23,98
80,42,122
57,93,150
92,58,150
80,34,114
96,84,180
66,71,137
43,97,140
25,7,32
82,25,107
70,81,151
38,77,115
35,28,63
34,96,130
54,58,112
81,74,155
18,74,92
70,91,161
41,25,66
39,73,112
72,19,91
50,85,135
27,12,39
60,51,111
88,36,124
40,71,111
45,70,115
55,78,133
87,22,109
67,9,76
39,37,76
90,86,176
10,75,85
51,55,106
81,9,90
79,90,169
72,35,107
78,74,152
64,73,137
67,13,80
19,77,96
34,66,100
42,56,98
44,63,107
97,91,188
78,91,169
100,31,131
54,19,73
29,69,98
83,81,164
12,75,87
86,89,175
78,46,124
21,69,90
18,16,34
91,62,153
10,89,99
83,66,149
10,67,77
59,18,77
95,99,194
96,42,138
93,36,129
19,98,117
28,70,98
35,27,62
41,32,73
73,86,159
100,46,146
40,27,67
35,94,129
77,57,134
75,52,127
19,88,107
8,53,61
56,67,123
22,78,100
89,50,139
53,44,97
18,79,97
57,53,110
49,66,115
10,39,49
18,38,56
68,20,88
12,25,37
10,25,35
66,75,141
14,39,53
54,17,71
90,22,112
53,85,138
48,74,122
100,30,130
62,43,105
47,15,62
53,94,147
87,96,183
95,71,166
86,15,101
88,23,111
33,23,56
63,63,126
9,99,108
8,15,23
86,56,142
23,31,54
28,75,103
38,73,111
90,53,143
58,62,120
18,91,109
67,97,164
20,83,103
98,45,143
27,69,96
35,9,44
46,93,139
50,12,62
86,29,115
7,32,39
100,61,161
58,88,146
97,91,188
71,73,144
9,96,105
96,25,121
14,20,34
66,100,166
91,88,179
83,16,99
34,9,43
65,22,87
95,67,162
92,7,99
66,94,160
46,59,105
44,72,116
92,96,188
14,77,91
48,47,95
14,56,70
93,36,129
30,75,105
16,59,75
98,20,118
27,67,94
38,14,52
18,44,62
37,49,86
97,55,152
15,89,104
67,80,147
44,86,130
10,64,74
96,32,128
82,28,110
99,45,144
30,71,101
57,32,89
97,68,165
97,39,136
45,81,126
90,15,105
69,98,167
31,93,124
59,52,111
39,55,94
12,50,62
70,56,126
28,49,77
10,59,69
40,88,128
79,85,164
43,95,138
81,33,114
24,60,84
18,74,92
60,18,78
60,34,94
48,24,72
30,79,109
44,82,126
49,84,133
82,100,182
58,92,150
78,28,106
80,99,179
13,16,29
37,26,63
99,88,187
27,17,44
30,93,123
88,60,148
28,72,100
22,38,60
53,22,75
58,7,65
63,25,88
21,78,99
48,15,63
82,7,89
58,41,99
59,90,149
11,38,49
75,7,82
57,79,136
74,34,108
17,91,108
9,26,35
81,69,150
67,77,144
7,48,55
41,60,101
51,59,110
10,86,96
44,53,97
48,30,78
83,22,105
43,57,100
56,75,131
79,51,130
26,100,126
47,88,135
67,62,129
33,86,119
48,56,104
34,88,122
66,82,148
14,48,62
79,21,100
21,19,40
31,7,38
81,48,129
52,42,94
59,13,72
81,65,146
23,39,62
8,20,28
16,18,34
10,46,56
45,78,123
10,57,67
75,44,119
41,42,83
16,68,84
73,81,154
79,51,130
47,32,79
50,65,115
63,36,99
36,79,115
99,53,152
31,98,129
35,33,68
74,42,116
16,66,82
71,71,142
89,31,120
54,74,128
16,88,104
59,82,141
77,20,97
81,91,172
57,12,69
87,85,172
60,57,117
13,23,36
17,95,112
92,51,143
47,62,109
20,11,31
32,53,85
57,66,123
16,73,89
23,19,42
81,89,170
47,24,71
84,83,167
97,100,197
32,34,66
97,49,146
7,27,34
58,50,108
60,9,69
48,75,123
55,72,127
99,59,158
86,28,114
71,29,100
72,9,81
71,32,103
52,48,100
59,26,85
93,44,137
21,86,107
31,90,121
64,25,89
47,51,98
13,87,100
29,85,114
85,25,110
94,7,101
100,21,121
58,27,85
68,39,107
19,73,92
85,86,171
56,51,107
70,33,103
81,22,103
37,80,117
76,19,95
89,7,96
97,7,104
69,91,160
18,12,30
30,59,89
34,46,80
12,57,69
81,85,166
67,50,117
14,61,75
87,84,171
90,21,111
48,97,145
94,63,157
41,16,57
87,20,107
39,90,129
99,33,132
40,94,134
24,53,77
27,18,45
46,60,106
100,33,133
80,8,88
73,11,84
33,20,53
64,16,80
14,41,55
75,94,169
53,60,113
30,16,46
71,58,129
89,49,138
48,21,69
52,50,102
84,31,115
64,31,95
78,33,111
46,92,138
93,8,101
77,48,125
58,46,104
38,73,111
12,30,42
78,40,118
74,11,85
23,51,74
28,52,80
24,57,81
22,78,100
40,61,101
53,54,107
16,71,87
42,17,59
20,52,72
95,54,149
16,79,95
48,24,72
29,64,93
64,82,146
86,52,138
76,37,113
95,54,149
72,31,103
38,41,79
58,11,69
16,61,77
34,46,80
85,13,98
15,44,59
85,18,103
63,25,88
54,38,92
61,49,110
11,56,67
40,67,107
52,35,87
71,14,85
55,50,105
98,53,151
61,92,153
68,90,158
76,38,114
34,61,95
100,100,200
84,51,135
77,55,132
35,43,78
37,72,109
98,98,196
47,91,138
84,13,97
12,68,80
75,92,167
64,76,140
59,93,152
22,90,112
88,35,123
30,42,72
56,30,86
34,23,57
71,87,158
23,46,69
13,33,46
60,30,90
35,63,98
45,19,64
52,9,61
62,48,110
86,15,101
40,48,88
81,14,95
49,52,101
9,67,76
70,21,91
57,49,106
33,34,67
30,59,89
47,58,105
72,23,95
95,14,109
80,12,92
92,21,113
81,32,113
76,78,154
91,94,185
14,43,57
8,25,33
69,59,128
68,87,155
23,91,114
99,90,189
10,97,107
39,95,134
93,22,115
48,26,74
29,75,104
15,64,79
15,63,78
36,33,69
34,98,132
39,75,114
93,23,116
76,70,146
61,46,107
44,67,111
85,47,132
70,14,84
47,63,110
91,96,187
88,79,167
8,14,22
34,49,83
26,9,35
90,90,180
57,85,142
71,94,165
12,16,28
35,22,57
61,47,108
59,42,101
56,63,119
27,77,104
72,43,115
72,42,114
75,80,155
11,90,101
16,10,26
31,72,103
93,40,133
55,98,153
88,93,181
37,67,104
7,47,54
31,67,98
69,44,113
25,49,74
83,66,149
38,35,73
15,21,36
51,48,99
32,75,107
71,19,90
74,47,121
46,27,73
19,93,112
16,25,41
63,23,86
46,97,143
71,10,81
54,14,68
97,13,110
58,75,133
37,49,86
86,49,135
93,37,130
18,92,110
64,95,159
100,92,192
53,93,146
89,63,152
100,59,159
70,90,160
13,8,21
17,92,109
71,26,97
96,7,103
64,83,147
95,23,118
96,48,144
66,25,91
90,38,128
93,86,179
19,20,39
98,36,134
72,48,120
24,64,88
90,64,154
86,16,102
54,47,101
29,99,128
22,75,97
18,42,60
21,88,109
39,98,137
63,24,87
83,34,117
63,38,101
10,54,64
90,52,142
33,53,86
58,90,148
48,65,113
49,86,135
9,27,36
88,27,115
86,22,108
76,48,124
89,71,160
83,28,111
65,22,87
57,88,145
87,89,176
38,32,70
7,19,26
80,24,104
31,93,124
90,66,156
87,76,163
40,75,115
79,47,126
96,88,184
8,7,15
71,42,113
65,60,125
54,24,78
34,76,110
36,37,73
73,82,155
16,20,36
19,38,57
82,81,163
50,62,112
26,42,68
9,71,80
38,62,100
79,49,128
93,53,146
100,45,145
35,94,129
95,83,178
15,78,93
70,69,139
38,81,119
16,100,116
87,42,129
97,17,114
35,74,109
14,75,89
64,11,75
94,30,124
74,43,117
66,26,92
58,15,73
18,49,67
28,46,74
79,30,109
53,25,78
16,11,27
51,58,109
8,30,38
56,44,100
12,32,44
24,13,37
39,98,137
10,27,37
28,96,124
97,62,159
17,100,117
36,25,61
50,46,96
52,88,140
95,66,161
16,34,50
56,20,76
82,43,125
61,35,96
67,52,119
25,9,34
20,55,75
22,52,74
58,87,145
22,83,105
86,94,180
64,17,81
66,76,142
95,92,187
82,31,113
88,43,131
34,95,129
78,18,96
95,21,116
92,78,170
56,100,156
37,60,97
7,41,48
71,90,161
26,68,94
23,62,85
17,80,97
52,37,89
50,70,120
95,62,157
85,83,168
9,98,107
76,85,161
13,51,64
72,19,91
31,78,109
96,49,145
38,85,123
74,69,143
87,55,142
62,79,141
74,37,111
46,25,71
91,59,150
67,58,125
86,15,101
27,33,60
71,87,158
39,57,96
69,59,128
81,69,150
28,99,127
74,73,147
53,20,73
26,36,62
47,87,134
62,55,117
13,88,101
55,11,66
69,83,152
57,71,128
73,97,170
45,82,127
33,34,67
88,7,95
90,27,117
61,93,154
90,45,135
82,75,157
81,35,116
100,68,168
100,11,111
91,60,151
39,84,123
78,90,168
43,48,91
34,79,113
29,61,90
34,61,95
40,24,64
59,86,145
49,81,130
16,59,75
19,69,88
60,75,135
81,72,153
18,35,53
72,33,105
100,62,162
31,65,96
67,37,104
9,31,40
65,23,88
100,68,168
87,64,151
71,91,162
55,90,145
77,31,108
63,66,129
66,88,154
78,91,169
26,91,117
66,59,125
16,100,116
15,85,100
65,38,103
49,61,110
78,14,92
62,50,112
69,19,88
16,96,112
89,25,114
99,67,166
27,45,72
7,47,54
29,63,92
71,58,129
8,72,80
51,58,109
60,9,69
93,71,164
29,96,125
38,56,94
85,36,121
54,7,61
80,41,121
32,15,47
80,12,92
32,33,65
74,96,170
12,23,35
86,95,181
96,36,132
70,79,149
58,96,154
80,69,149
21,73,94
69,87,156
21,23,44
47,44,91
86,72,158
49,21,70
49,94,143
67,54,121
34,46,80
12,9,21
17,85,102
71,92,163
53,73,126
55,15,70
80,59,139
12,34,46
72,23,95
81,65,146
31,11,42
89,95,184
41,45,86
35,33,68
31,75,106
26,79,105
97,78,175
40,51,91
90,86,176
97,92,189
36,22,58
29,59,88
31,20,51
64,17,81
80,23,103
63,84,147
40,26,66
29,64,93
67,73,140
61,82,143
68,69,137
12,57,69
62,74,136
84,84,168
25,91,116
73,60,133
43,39,82
29,21,50
78,15,93
33,94,127
14,20,34
19,40,59
77,55,132
50,30,80
89,95,184
10,27,37
98,16,114
45,87,132
40,40,80
92,48,140
21,32,53
26,75,101
34,14,48
9,67,76
69,97,166
57,10,67
8,34,42
52,50,102
51,19,70
31,60,91
72,95,167
10,29,39
92,75,167
23,34,57
86,27,113
27,55,82
67,58,125
97,77,174
79,90,169
54,90,144
60,25,85
67,37,104
87,90,177
56,52,108
88,38,126
9,22,31
58,10,68
88,69,157
65,87,152
21,54,75
100,43,143
29,82,111
63,51,114
23,60,83
32,93,125
44,68,112
71,64,135
54,21,75
84,18,102
66,43,109
8,66,74
89,81,170
70,56,126
26,33,59
90,40,130
65,47,112
74,97,171
8,45,53
24,85,109
62,20,82
75,9,84
96,37,133
8,23,31
55,61,116
39,81,120
11,18,29
82,28,110
100,17,117
70,75,145
83,95,178
69,64,133
20,60,80
94,82,176
70,39,109
15,15,30
89,83,172
66,28,94
13,76,89
91,39,130
59,88,147
85,14,99
96,38,134
88,88,176
29,82,111
95,52,147
64,49,113
97,84,181
37,100,137
53,45,98
24,99,123
12,28,40
99,95,194
26,33,59
64,51,115
65,76,141
36,10,46
60,76,136
65,72,137
31,86,117
100,11,111
47,18,65
51,34,85
89,59,148
86,80,166
28,95,123
55,61,116
73,83,156
18,9,27
44,72,116
59,19,78
77,81,158
97,38,135
19,13,32
9,61,70
40,23,63
18,84,102
12,18,30
70,14,84
59,25,84
9,94,103
53,35,88
95,8,103
42,96,138
71,91,162
86,20,106
22,15,37
55,56,111
51,12,63
56,62,118
80,46,126
11,79,90
18,51,69
94,10,104
94,55,149
100,56,156
30,96,126
21,45,66
44,75,119
14,92,106
23,38,61
66,16,82
74,26,100
25,55,80
34,89,123
86,86,172
24,92,116
91,23,114
30,7,37
47,63,110
60,11,71
74,63,137
67,23,90
45,43,88
91,43,134
81,75,156
47,58,105
14,38,52
91,34,125
65,96,161
95,25,120
65,72,137
30,19,49
69,68,137
32,63,95
29,90,119
18,94,112
23,41,64
63,52,115
15,61,76
28,85,113
100,84,184
7,56,63
20,18,38
25,13,38
8,26,34
72,10,82
33,23,56
83,85,168
83,56,139
36,45,81
12,64,76
78,88,166
51,87,138
100,49,149
91,26,117
65,79,144
9,83,92
27,68,95
98,47,145
26,38,64
81,72,153
47,13,60
27,32,59
49,65,114
66,69,135
14,93,107
13,46,59
69,17,86
52,28,80
68,67,135
33,99,132
29,32,61
66,39,105
81,22,103
33,23,56
87,71,158
79,98,177
95,100,195
44,66,110
69,43,112
54,50,104
31,88,119
44,84,128
21,18,39
42,58,100
80,54,134
70,67,137
32,85,117
39,98,137
48,61,109
14,8,22
76,41,117
19,60,79
12,66,78
42,74,116
32,81,113
14,84,98
60,67,127
51,22,73
49,29,78
40,61,101
58,57,115
100,51,151
63,88,151
46,18,64
55,73,128
88,38,126
49,72,121
50,89,139
21,9,30
35,30,65
68,84,152
27,97,124
69,49,118
32,54,86
12,65,77
92,55,147
40,74,114
76,81,157
97,44,141
39,91,130
96,7,103
8,16,24
38,13,51
31,94,125
85,9,94
40,46,86
28,52,80
40,25,65
40,77,117
88,52,140
23,41,64
13,48,61
13,41,54
54,99,153
70,19,89
7,88,95
28,44,72
97,48,145
59,73,132
94,58,152
16,93,109
8,27,35
22,87,109
98,13,111
72,79,151
53,18,71
83,31,114
72,68,140
31,60,91
70,19,89
95,50,145
52,79,131
38,18,56
76,89,165
18,38,56
7,18,25
35,39,74
83,59,142
69,83,152
9,8,17
42,88,130
20,92,112
46,66,112
10,8,18
32,38,70
27,66,93
32,37,69
9,84,93
32,89,121
35,40,75
94,40,134
9,98,107
18,62,80
90,57,147
73,96,169
28,66,94
12,75,87
30,58,88
17,21,38
44,52,96
91,82,173
80,72,152
96,91,187
56,36,92
68,51,119
96,39,135
75,64,139
13,77,90
70,64,134
49,39,88
82,30,112
22,67,89
22,8,30
56,8,64
38,92,130
49,91,140
7,37,44
90,12,102
32,51,83
85,94,179
44,26,70
53,48,101
13,56,69
87,54,141
57,85,142
46,64,110
69,13,82
64,58,122
35,10,45
22,57,79
76,9,85
21,52,73
42,81,123
13,87,100
20,21,41
53,8,61
36,71,107
70,55,125
61,56,117
58,37,95
56,11,67
37,11,48
13,76,89
98,58,156
23,16,39
67,41,108
54,84,138
83,73,156
75,40,115
67,51,118
74,93,167
83,95,178
7,46,53
18,20,38
80,37,117
68,58,126
32,20,52
10,32,42
81,27,108
76,51,127
71,91,162
25,18,43
44,22,66
35,54,89
23,62,85
54,48,102
31,25,56
67,39,106
30,38,68
21,54,75
91,9,100
79,13,92
20,27,47
57,85,142
25,61,86
78,41,119
77,78,155
54,26,80
18,41,59
82,16,98
80,69,149
51,16,67
18,19,37
58,55,113
10,32,42
28,91,119
58,36,94
28,21,49
45,58,103
46,47,93
32,58,90
54,70,124
26,59,85
67,80,147
49,30,79
98,64,162
59,83,142
70,30,100
97,24,121
7,8,15
34,27,61
9,47,56
48,59,107
23,15,38
49,53,102
55,54,109
37,54,91
23,49,72
54,32,86
93,9,102
7,90,97
91,67,158
49,96,145
16,49,65
56,87,143
79,21,100
65,94,159
74,27,101
43,92,135
51,29,80
38,56,94
72,21,93
95,25,120
83,80,163
9,22,31
83,79,162
91,80,171
39,100,139
90,32,122
23,61,84
39,8,47
99,60,159
92,73,165
88,40,128
55,18,73
61,59,120
82,50,132
60,41,101
41,40,81
19,65,84
88,92,180
76,62,138
91,57,148
67,20,87
51,62,113
32,12,44
53,37,90
90,21,111
10,63,73
77,75,152
61,84,145
65,50,115
99,100,199
26,71,97
25,65,90
91,12,103
98,11,109
76,20,96
77,99,176
49,10,59
16,77,93
97,15,112
8,11,19
11,51,62
43,28,71
88,68,156
17,62,79
30,74,104
28,59,87
98,81,179
82,42,124
11,46,57
69,38,107
19,7,26
62,32,94
23,85,108
62,14,76
93,46,139
27,100,127
23,99,122
50,43,93
44,40,84
90,68,158
17,7,24
83,98,181
88,60,148
39,70,109
38,85,123
50,25,75
23,57,80
38,49,87
23,11,34
11,11,22
16,90,106
15,41,56
70,98,168
93,27,120
42,37,79
32,73,105
82,22,104
22,35,57
65,74,139
47,17,64
24,67,91
66,98,164
87,88,175
43,15,58
72,23,95
42,58,100
21,57,78
84,29,113
67,17,84
52,10,62
99,83,182
98,63,161
76,71,147
75,74,149
83,74,157
30,19,49
56,75,131
40,44,84
54,76,130
65,20,85
20,87,107
48,82,130
67,74,141
80,78,158
100,34,134
86,67,153
82,31,113
88,64,152
58,38,96
57,69,126
17,53,70
66,48,114
73,80,153
21,32,53
48,85,133
79,89,168
53,72,125
69,81,150
38,31,69
40,19,59
96,79,175
50,14,64
11,55,66
22,51,73
96,65,161
54,59,113
78,88,166
74,35,109
90,61,151
14,53,67
40,56,96
18,34,52
14,46,60
74,79,153
29,24,53
53,90,143
53,82,135
69,45,114
84,44,128
40,30,70
88,42,130
51,87,138
34,48,82
40,24,64
67,100,167
38,25,63
76,46,122
34,26,60
99,67,166
20,52,72
8,13,21
67,13,80
82,62,144
13,72,85
82,28,110
16,30,46
90,45,135
7,56,63
29,74,103
95,14,109
12,24,36
18,52,70
42,11,53
64,26,90
87,8,95
33,94,127
43,72,115
62,92,154
75,88,163
82,81,163
58,93,151
90,30,120
88,33,121
97,13,110
83,29,112
64,21,85
75,13,88
39,98,137
65,77,142
51,28,79
48,64,112
7,91,98
72,46,118
65,46,111
80,84,164
69,62,131
89,49,138
47,93,140
11,7,18
31,37,68
13,53,66
71,18,89
90,13,103
85,28,113
50,50,100
20,41,61
97,66,163
79,15,94
16,59,75
77,35,112
38,68,106
32,21,53
74,61,135
22,93,115
91,55,146
27,70,97
57,47,104
81,44,125
85,49,134
48,7,55
30,73,103
90,30,120
84,13,97
93,10,103
71,46,117
57,33,90
58,43,101
54,21,75
78,87,165
49,59,108
61,58,119
17,65,82
90,89,179
59,80,139
71,20,91
83,82,165
49,78,127
75,84,159
99,69,168
68,31,99
50,18,68
20,21,41
8,84,92
41,13,54
37,10,47
17,87,104
62,35,97
45,96,141
70,18,88
34,36,70
64,26,90
12,89,101
56,20,76
21,91,112
12,36,48
11,15,26
18,43,61
95,34,129
59,79,138
46,63,109
45,43,88
62,45,107
58,68,126
92,18,110
76,92,168
26,86,112
98,41,139
49,37,86
94,61,155
7,52,59
55,78,133
57,34,91
72,47,119
66,55,121
65,85,150
19,73,92
80,73,153
22,70,92
34,39,73
50,87,137
24,50,74
61,41,102
96,100,196
77,58,135
22,32,54
70,63,133
97,46,143
20,62,82
10,73,83
17,83,100
84,84,168
46,78,124
79,91,170
38,71,109
38,9,47
55,28,83
24,84,108
84,88,172
11,65,76
92,83,175
85,93,178
81,44,125
24,23,47
36,85,121
10,29,39
13,21,34
22,21,43
53,13,66
48,11,59
36,18,54
64,31,95
57,76,133
46,99,145
69,77,146
52,57,109
94,64,158
15,35,50
41,87,128
45,21,66
83,25,108
24,45,69
44,75,119
85,62,147
38,77,115
66,22,88
81,35,116
79,41,120
34,67,101
42,29,71
88,43,131
7,49,56
32,9,41
73,8,81
39,72,111
97,100,197
26,37,63
31,59,90
64,52,116
23,64,87
97,12,109
17,68,85
10,18,28
64,9,73
11,30,41
26,34,60
72,31,103
99,24,123
15,9,24
52,80,132
99,45,144
63,58,121
26,21,47
17,34,51
49,85,134
33,94,127
90,29,119
81,40,121
56,38,94
15,99,114
39,12,51
78,96,174
72,36,108
97,27,124
88,79,167
25,31,56
76,90,166
97,100,197
35,78,113
61,75,136
12,40,52
30,18,48
81,9,90
46,16,62
41,37,78
17,11,28
22,63,85
51,44,95
71,71,142
35,48,83
98,16,114
78,36,114
39,35,74
61,57,118
63,84,147
76,62,138
87,38,125
81,21,102
15,29,44
87,46,133
9,96,105
18,80,98
93,36,129
63,97,160
25,90,115
60,31,91
45,59,104
21,45,66
54,38,92
43,89,132
23,77,100
32,50,82
73,35,108
56,15,71
21,70,91
89,19,108
43,70,113
86,32,118
31,9,40
27,77,104
31,11,42
34,56,90
38,49,87
32,20,52
29,85,114
96,84,180
44,32,76
45,83,128
93,83,176
90,85,175
83,55,138
88,75,163
69,86,155
41,80,121
93,70,163
92,65,157
100,20,120
80,90,170
36,55,91
7,8,15
52,87,139
78,67,145
30,95,125
91,68,159
49,96,145
87,9,96
85,54,139
11,46,57
71,97,168
58,52,110
59,45,104
21,17,38
88,35,123
22,77,99
23,90,113
96,39,135
96,48,144
37,15,52
52,64,116
15,65,80
69,89,158
74,23,97
15,61,76
75,39,114
67,86,153
89,69,158
94,80,174
24,88,112
62,45,107
13,13,26
49,32,81
24,15,39
71,53,124
38,31,69
34,33,67
34,88,122
19,55,74
11,76,87
39,17,56
32,73,105
81,69,150
82,69,151
7,50,57
55,79,134
61,57,118
45,55,100
89,76,165
30,44,74
61,70,131
11,63,74
37,13,50
15,91,106
46,92,138
98,69,167
23,11,34
73,11,84
26,60,86
42,12,54
50,57,107
11,38,49
94,47,141
25,71,96
92,75,167
53,27,80
97,48,145
79,54,133
89,84,173
50,34,84
74,71,145
58,7,65
82,55,137
68,20,88
17,62,79
33,88,121
68,41,109
64,63,127
78,21,99
66,77,143
60,27,87
95,53,148
27,94,121
26,49,75
31,66,97
76,15,91
60,72,132
18,46,64
91,64,155
17,30,47
81,20,101
65,63,128
71,91,162
16,91,107
25,55,80
95,24,119
95,7,102
64,96,160
15,14,29
60,18,78
99,100,199
92,47,139
28,12,40
83,11,94
88,9,97
24,25,49
65,20,85
46,18,64
42,73,115
81,50,131
59,14,73
49,76,125
26,39,65
92,72,164
14,41,55
100,64,164
41,13,54
94,66,160
43,83,126
61,36,97
76,64,140
39,86,125
54,88,142
29,40,69
87,82,169
72,54,126
42,86,128
96,96,192
35,66,101
61,87,148
66,50,116
47,61,108
91,13,104
93,75,168
72,41,113
85,10,95
25,13,38
29,94,123
26,54,80
22,52,74
69,17,86
50,45,95
34,52,86
66,82,148
44,49,93
83,86,169
26,31,57
37,56,93
78,94,172
75,41,116
63,98,161
29,23,52
45,39,84
87,9,96
20,7,27
36,42,78
16,52,68
45,20,65
83,7,90
11,69,80
89,58,147
93,11,104
28,21,49
14,79,93
43,19,62
68,85,153
48,57,105
57,78,135
94,54,148
93,97,190
23,43,66
30,24,54
11,80,91
96,39,135
88,62,150
42,91,133
70,85,155
87,66,153
55,43,98
21,32,53
35,76,111
94,97,191
29,26,55
33,23,56
32,21,53
74,17,91
90,19,109
34,14,48
87,27,114
97,98,195
86,70,156
39,23,62
90,7,97
57,63,120
35,83,118
65,29,94
53,16,69
80,25,105
19,60,79
54,71,125
40,84,124
12,27,39
68,17,85
21,50,71
65,21,86
88,9,97
73,60,133
33,96,129
98,45,143
35,65,100
10,90,100
9,42,51
87,24,111
98,40,138
32,29,61
57,57,114
56,64,120
92,33,125
14,85,99
67,54,121
20,26,46
28,8,36
73,86,159
59,60,119
85,34,119
44,22,66
23,73,96
87,81,168
55,82,137
97,35,132
49,65,114
18,81,99
66,46,112
52,65,117
30,88,118
38,34,72
92,44,136
86,95,181
9,39,48
100,87,187
100,82,182
51,17,68
99,35,134
12,29,41
50,67,117
63,55,118
98,79,177
53,18,71
92,24,116
43,19,62
74,72,146
31,20,51
56,40,96
39,53,92
75,17,92
96,57,153
25,64,89
8,28,36
56,48,104
15,59,74
33,75,108
93,54,147
73,82,155
18,80,98
100,83,183
81,75,156
70,73,143
21,86,107
75,29,104
33,35,68
52,89,141
76,48,124
43,57,100
45,94,139
47,82,129
31,82,113
65,14,79
65,83,148
22,63,85
61,19,80
39,91,130
63,12,75
94,94,188
9,67,76
12,52,64
76,86,162
77,85,162
26,24,50
96,63,159
87,86,173
90,8,98
83,75,158
51,75,126
45,8,53
28,99,127
78,26,104
34,29,63
88,72,160
35,90,125
70,40,110
13,25,38
43,29,72
72,99,171
85,67,152
85,9,94
85,47,132
42,38,80
14,35,49
54,79,133
17,29,46
76,7,83
49,20,69
78,9,87
74,85,159
34,99,133
69,19,88
55,83,138
39,59,98
44,70,114
66,47,113
15,44,59
54,27,81
31,24,55
50,91,141
80,9,89
71,24,95
34,51,85
27,80,107
48,67,115
100,36,136
8,57,65
42,43,85
98,34,132
66,17,83
75,70,145
100,69,169
36,82,118
72,68,140
22,8,30
47,38,85
18,60,78
58,90,148
40,85,125
12,27,39
77,56,133
79,76,155
26,37,63
47,60,107
16,54,70
13,80,93
54,99,153
45,15,60
61,47,108
8,94,102
34,32,66
71,10,81
10,85,95
99,7,106
93,9,102
20,71,91
13,91,104
50,42,92
88,43,131
72,84,156
21,59,80
80,57,137
70,88,158
32,29,61
18,30,48
19,30,49
11,99,110
74,69,143
32,96,128
9,26,35
98,96,194
77,27,104
10,88,98
54,39,93
72,43,115
33,40,73
48,93,141
33,92,125
24,13,37
23,22,45
24,23,47
70,61,131
7,72,79
66,40,106
8,79,87
21,26,47
57,44,101
68,94,162
35,95,130
13,71,84
97,7,104
73,100,173
54,41,95
40,45,85
20,61,81
14,58,72
48,44,92
85,54,139
8,20,28
14,49,63
7,71,78
20,60,80
21,14,35
56,44,100
59,40,99
43,77,120
38,38,76
92,82,174
60,10,70
100,66,166
70,25,95
9,53,62
86,28,114
39,94,133
100,48,148
24,64,88
28,56,84
18,93,111
52,65,117
24,36,60
38,59,97
38,43,81
74,48,122
81,35,116
100,13,113
14,50,64
92,15,107
8,15,23
63,44,107
68,11,79
14,74,88
81,70,151
43,92,135
64,100,164
15,40,55
99,15,114
53,36,89
91,32,123
83,78,161
48,16,64
28,13,41
85,15,100
75,48,123
68,44,112
64,94,158
91,87,178
10,31,41
88,9,97
65,79,144
35,94,129
42,93,135
66,29,95
94,51,145
83,81,164
62,45,107
74,42,116
74,28,102
29,71,100
57,60,117
78,80,158
28,12,40
53,85,138
22,94,116
64,52,116
72,77,149
8,20,28
21,55,76
56,83,139
62,32,94
32,79,111
85,69,154
31,9,40
42,17,59
80,80,160
7,42,49
61,60,121
12,37,49
29,88,117
57,37,94
40,52,92
78,16,94
29,13,42
15,36,51
61,43,104
71,72,143
44,83,127
65,61,126
9,8,17
62,63,125
58,21,79
29,76,105
10,38,48
32,64,96
53,46,99
11,52,63
95,50,145
7,10,17
12,19,31
17,44,61
56,76,132
69,22,91
85,21,106
40,98,138
60,7,67
49,82,131
29,53,82
60,20,80
26,94,120
37,18,55
10,37,47
76,27,103
30,81,111
40,52,92
29,37,66
41,82,123
84,48,132
70,94,164
47,16,63
47,15,62
90,66,156
77,76,153
21,27,48
7,18,25
87,32,119
19,60,79
69,96,165
30,24,54
69,99,168
45,95,140
69,68,137
62,86,148
35,76,111
13,26,39
68,97,165
37,53,90
45,11,56
42,13,55
71,12,83
76,62,138
40,35,75
62,87,149
41,100,141
54,8,62
9,48,57
93,42,135
56,55,111
20,52,72
100,78,178
70,77,147
17,38,55
61,36,97
29,9,38
54,22,76
55,76,131
85,65,150
86,49,135
14,77,91
83,50,133
9,63,72
82,25,107
86,20,106
50,33,83
19,57,76
88,21,109
91,74,165
22,53,75
92,59,151
25,26,51
16,37,53
30,89,119
32,84,116
29,9,38
21,36,57
70,78,148
19,59,78
57,12,69
89,16,105
39,23,62
50,50,100
87,12,99
16,50,66
84,56,140
34,83,117
82,22,104
90,80,170
51,12,63
34,76,110
70,76,146
74,27,101
53,56,109
75,60,135
27,43,70
24,79,103
11,71,82
38,63,101
25,83,108
54,77,131
87,10,97
45,89,134
20,34,54
28,95,123
77,65,142
57,40,97
94,39,133
45,51,96
50,49,99
41,39,80
41,44,85
35,43,78
55,23,78
22,35,57
68,19,87
28,82,110
21,66,87
75,57,132
28,19,47
75,36,111
80,46,126
48,73,121
23,13,36
64,82,146
80,80,160
63,7,70
25,46,71
89,58,147
61,31,92
79,57,136
18,13,31
93,28,121
12,72,84
50,77,127
45,60,105
79,50,129
38,36,74
20,58,78
62,38,100
11,43,54
66,89,155
84,68,152
46,77,123
38,61,99
48,18,66
36,37,73
24,65,89
76,57,133
26,100,126
90,91,181
32,74,106
32,32,64
87,23,110
49,98,147
47,13,60
23,57,80
70,25,95
100,16,116
82,38,120
78,76,154
40,65,105
88,71,159
42,16,58
74,73,147
97,80,177
67,25,92
90,73,163
55,85,140
57,34,91
89,25,114
83,50,133
18,66,84
63,51,114
75,20,95
76,24,100
83,87,170
86,98,184
29,17,46
92,51,143
13,90,103
81,20,101
11,50,61
56,85,141
82,73,155
27,13,40
28,88,116
16,98,114
66,61,127
14,60,74
100,73,173
24,77,101
84,86,170
26,41,67
52,54,106
45,37,82
13,19,32
59,91,150
23,39,62
43,98,141
26,68,94
93,72,165
26,75,101
51,64,115
14,85,99
39,55,94
8,100,108
22,54,76
82,91,173
14,66,80
42,27,69
23,48,71
70,77,147
75,97,172
34,50,84
9,51,60
38,95,133
39,52,91
76,46,122
43,11,54
38,76,114
55,85,140
96,85,181
86,44,130
95,22,117
70,60,130
65,13,78
77,58,135
38,24,62
29,25,54
41,89,130
77,87,164
20,10,30
41,36,77
11,69,80
46,63,109
100,95,195
78,60,138
14,67,81
70,55,125
68,34,102
72,20,92
87,60,147
23,92,115
70,10,80
17,59,76
94,65,159
96,42,138
63,94,157
52,99,151
94,26,120
47,11,58
65,13,78
23,78,101
76,66,142
64,84,148
38,99,137
34,27,61
87,18,105
28,14,42
100,74,174
65,35,100
72,70,142
62,59,121
83,77,160
39,83,122
82,83,165
92,10,102
43,86,129
20,37,57
75,43,118
64,71,135
60,100,160
19,54,73
43,7,50
57,10,67
70,71,141
96,23,119
91,14,105
60,98,158
54,65,119
23,40,63
37,98,135
96,10,106
70,75,145
56,45,101
17,18,35
29,15,44
30,82,112
43,52,95
38,68,106
45,32,77
49,92,141
60,25,85
36,64,100
84,78,162
66,46,112
16,18,34
94,14,108
76,62,138
33,98,131
27,7,34
63,69,132
12,15,27
59,43,102
99,99,198
57,24,81
88,32,120
53,16,69
87,88,175
15,57,72
77,73,150
41,26,67
97,27,124
62,50,112
48,84,132
9,84,93
44,87,131
66,60,126
28,47,75
17,46,63
45,33,78
98,20,118
52,35,87
66,63,129
10,68,78
29,70,99
41,51,92
70,12,82
74,100,174
42,77,119
27,20,47
65,100,165
31,81,112
37,22,59
52,59,111
32,36,68
57,54,111
76,73,149
78,25,103
97,42,139
78,9,87
84,62,146
53,21,74
84,91,175
8,91,99
74,54,128
23,55,78
44,32,76
56,10,66
77,89,166
93,21,114
83,85,168
11,57,68
54,75,129
31,42,73
88,11,99
7,87,94
52,8,60
63,49,112
73,43,116
30,21,51
91,24,115
48,42,90
42,8,50
58,69,127
79,17,96
24,52,76
46,23,69
85,67,152
92,93,185
11,60,71
12,82,94
12,52,64
9,55,64
20,60,80
27,89,116
97,65,162
44,49,93
57,40,97
54,49,103
96,57,153
54,91,145
17,11,28
29,97,126
83,16,99
79,92,171
18,91,109
75,7,82
53,52,105
34,99,133
21,100,121
64,80,144
32,54,86
33,97,130
79,68,147
51,64,115
60,56,116
15,15,30
65,17,82
17,44,61
24,98,122
38,67,105
31,57,88
61,95,156
42,85,127
30,25,55
44,27,71
77,73,150
61,88,149
50,89,139
48,99,147
67,70,137
87,69,156
29,32,61
11,88,99
96,38,134
80,48,128
97,33,130
70,21,91
57,77,134
86,24,110
34,60,94
81,77,158
67,25,92
76,74,150
27,71,98
91,40,131
73,83,156
31,64,95
52,91,143
59,35,94
86,31,117
19,83,102
88,22,110
94,61,155
62,28,90
79,13,92
87,77,164
80,24,104
18,53,71
47,54,101
61,93,154
68,37,105
54,80,134
59,89,148
91,17,108
86,48,134
38,27,65
84,72,156
49,75,124
63,98,161
55,65,120
71,28,99
68,90,158
80,22,102
25,55,80
51,35,86
93,28,121
96,58,154
23,71,94
12,61,73
75,69,144
25,28,53
36,10,46
89,44,133
7,85,92
27,37,64
33,75,108
58,79,137
45,9,54
55,17,72
55,77,132
71,93,164
41,24,65
34,52,86
99,26,125
15,9,24
28,33,61
29,88,117
47,15,62
95,9,104
77,21,98
96,98,194
76,100,176
93,32,125
100,16,116
8,32,40
74,36,110
9,51,60
17,69,86
31,67,98
47,19,66
71,10,81
13,24,37
29,56,85
33,26,59
75,9,84
47,95,142
17,41,58
28,82,110
64,60,124
20,90,110
16,31,47
63,96,159
20,66,86
36,13,49
91,37,128
75,35,110
10,46,56
65,90,155
23,31,54
25,39,64
24,43,67
56,47,103
7,7,14
20,56,76
45,45,90
28,99,127
59,31,90
58,79,137
34,12,46
73,13,86
86,39,125
47,94,141
75,67,142
20,19,39
90,52,142
46,44,90
45,84,129
44,7,51
69,57,126
31,82,113
20,58,78
62,51,113
18,18,36
94,59,153
97,77,174
16,74,90
77,33,110
43,76,119
62,37,99
22,11,33
57,54,111
51,58,109
94,58,152
45,53,98
67,16,83
65,13,78
60,39,99
79,59,138
54,89,143
91,24,115
96,67,163
65,66,131
21,97,118
54,11,65
48,54,102
26,15,41
48,43,91
25,66,91
7,16,23
57,12,69
63,48,111
18,87,105
33,94,127
61,94,155
50,86,136
57,79,136
40,9,49
74,79,153
55,24,79
25,58,83
58,16,74
84,36,120
58,59,117
27,26,53
9,10,19
93,12,105
79,80,159
21,50,71
49,31,80
79,13,92
50,97,147
35,75,110
85,13,98
32,33,65
82,63,145
26,95,121
34,40,74
69,17,86
10,18,28
31,85,116
43,16,59
58,16,74
25,58,83
49,89,138
80,43,123
27,31,58
76,63,139
75,37,112
87,89,176
24,70,94
100,85,185
77,95,172
97,66,163
64,62,126
16,91,107
29,24,53
30,17,47
88,92,180
67,78,145
39,12,51
62,8,70
16,68,84
67,96,163
28,45,73
53,51,104
22,50,72
32,88,120
83,23,106
83,8,91
17,56,73
7,86,93
97,44,141
98,90,188
42,97,139
62,11,73
31,15,46
16,93,109
47,66,113
76,52,128
18,72,90
90,62,152
78,65,143
34,34,68
32,31,63
91,80,171
17,100,117
35,92,127
92,85,177
56,72,128
55,87,142
67,89,156
88,48,136
73,59,132
82,26,108
28,20,48
29,70,99
55,52,107
54,60,114
73,76,149
79,77,156
43,43,86
74,74,148
60,54,114
31,63,94
30,87,117
69,20,89
20,46,66
47,30,77
96,53,149
87,82,169
57,57,114
76,27,103
24,39,63
7,24,31
82,45,127
41,28,69
39,21,60
45,26,71
61,71,132
35,53,88
56,88,144
20,11,31
71,82,153
52,100,152
99,72,171
20,14,34
38,36,74
22,76,98
38,45,83
36,13,49
75,92,167
31,63,94
16,26,42
73,25,98
14,47,61
86,15,101
71,19,90
11,66,77
63,54,117
84,54,138
85,58,143
89,80,169
70,26,96
25,27,52
88,48,136
88,63,151
82,40,122
22,59,81
59,75,134
50,65,115
68,74,142
54,75,129
83,99,182
44,93,137
95,51,146
61,69,130
12,65,77
85,69,154
45,40,85
51,49,100
9,80,89
20,73,93
91,86,177
34,88,122
31,19,50
60,27,87
30,95,125
55,55,110
88,22,110
90,30,120
83,27,110
62,30,92
64,81,145
32,10,42
85,49,134
27,29,56
76,96,172
26,98,124
100,69,169
39,36,75
75,30,105
60,72,132
31,51,82
88,100,188
7,62,69
65,57,122
89,14,103
21,42,63
55,44,99
8,45,53
58,69,127
82,87,169
11,43,54
50,76,126
96,49,145
76,94,170
76,32,108
16,60,76
85,23,108
26,74,100
62,92,154
27,70,97
8,85,93
64,96,160
86,39,125
44,81,125
64,78,142
9,10,19
92,91,183
27,49,76
51,20,71
72,48,120
12,11,23
52,38,90
82,89,171
70,45,115
23,67,90
60,15,75
42,92,134
48,98,146
52,18,70
10,66,76
42,24,66
29,38,67
18,7,25
87,55,142
33,90,123
13,32,45
89,34,123
79,78,157
99,71,170
35,96,131
33,40,73
39,64,103
98,57,155
51,32,83
72,30,102
16,63,79
17,42,59
43,18,61
61,65,126
88,21,109
100,30,130
30,36,66
69,65,134
26,19,45
38,72,110
54,33,87
55,57,112
61,50,111
15,94,109
20,31,51
31,31,62
90,11,101
71,97,168
33,28,61
89,63,152
66,29,95
40,97,137
93,72,165
71,64,135
30,46,76
52,41,93
34,93,127
23,45,68
45,52,97
31,89,120
32,8,40
55,35,90
73,40,113
89,23,112
22,46,68
77,80,157
83,62,145
62,65,127
38,65,103
78,36,114
39,98,137
9,27,36
34,39,73
56,18,74
100,76,176
99,94,193
60,61,121
42,22,64
18,23,41
70,95,165
31,8,39
15,50,65
24,23,47
20,30,50
18,36,54
89,66,155
63,93,156
9,49,58
17,24,41
72,97,169
65,93,158
40,55,95
15,48,63
82,56,138
49,86,135
85,46,131
55,36,91
98,82,180
77,22,99
38,54,92
78,8,86
43,38,81
16,14,30
32,39,71
22,7,29
88,27,115
90,33,123
86,91,177
100,48,148
32,7,39
73,43,116
82,15,97
63,60,123
69,81,150
22,9,31
29,79,108
100,18,118
47,74,121
81,34,115
60,35,95
60,71,131
87,21,108
100,55,155
91,66,157
34,39,73
46,56,102
64,100,164
100,99,199
35,35,70
80,78,158
77,42,119
99,38,137
49,69,118
79,73,152
67,64,131
8,82,90
34,33,67
38,37,75
17,14,31
54,72,126
21,74,95
96,28,124
99,24,123
58,11,69
30,66,96
10,94,104
48,37,85
66,26,92
79,95,174
41,41,82
9,50,59
13,97,110
46,54,100
10,73,83
85,41,126
59,95,154
34,26,60
22,14,36
84,32,116
47,8,55
24,83,107
38,24,62
44,17,61
41,52,93
54,56,110
43,77,120
52,69,121
16,58,74
46,48,94
86,50,136
77,17,94
44,81,125
74,83,157
94,46,140
32,24,56
56,72,128
40,18,58
49,7,56
80,72,152
52,30,82
20,11,31
52,47,99
38,25,63
8,91,99
83,13,96
10,64,74
93,73,166
94,64,158
15,65,80
69,36,105
41,29,70
9,61,70
77,20,97
89,53,142
11,91,102
99,25,124
81,33,114
100,56,156
35,46,81
40,63,103
97,9,106
83,42,125
55,55,110
87,45,132
23,49,72
69,60,129
80,79,159
68,87,155
73,70,143
67,24,91
20,91,111
69,60,129
92,12,104
20,91,111
77,34,111
54,64,118
35,19,54
37,64,101
54,17,71
64,29,93
35,13,48
97,88,185
84,92,176
19,94,113
90,85,175
54,55,109
31,46,77
18,92,110
38,62,100
78,19,97
39,93,132
79,10,89
99,62,161
20,15,35
68,74,142
42,7,49
46,94,140
8,51,59
72,39,111
73,8,81
82,76,158
22,63,85
44,95,139
60,65,125
75,76,151
51,46,97
46,46,92
28,44,72
34,73,107
57,95,152
74,7,81
86,12,98
67,22,89
84,91,175
57,64,121
8,98,106
12,30,42
99,55,154
79,38,117
92,45,137
71,56,127
43,85,128
51,18,69
99,77,176
21,55,76
94,82,176
45,58,103
20,56,76
65,66,131
22,90,112
71,90,161
94,7,101
38,31,69
23,68,91
54,16,70
11,19,30
27,25,52
72,76,148
54,23,77
33,58,91
10,38,48
93,59,152
22,15,37
61,91,152
37,100,137
10,36,46
68,71,139
72,87,159
35,56,91
21,80,101
37,71,108
23,14,37
19,95,114
19,46,65
76,31,107
59,58,117
42,44,86
31,11,42
84,81,165
63,57,120
32,86,118
61,89,150
43,24,67
17,91,108
53,83,136
81,80,161
49,84,133
53,24,77
71,96,167
85,17,102
41,47,88
85,16,101
33,87,120
91,22,113
92,41,133
54,56,110
19,67,86
89,51,140
10,45,55
36,66,102
42,74,116
98,24,122
75,83,158
67,22,89
88,63,151
13,68,81
30,27,57
58,82,140
95,55,150
74,75,149
26,44,70
29,47,76
73,30,103
27,49,76
92,50,142
9,73,82
40,7,47
31,67,98
100,26,126
35,25,60
84,78,162
92,83,175
25,49,74
80,30,110
58,88,146
8,15,23
44,38,82
9,93,102
59,96,155
84,49,133
86,21,107
34,26,60
57,64,121
83,82,165
73,52,125
22,70,92
45,74,119
7,31,38
82,56,138
92,16,108
33,8,41
24,93,117
56,62,118
50,79,129
43,13,56
85,64,149
69,82,151
99,91,190
96,17,113
18,40,58
33,46,79
16,22,38
55,24,79
7,73,80
57,81,138
59,41,100
24,75,99
48,62,110
19,81,100
40,76,116
37,69,106
51,70,121
7,92,99
60,35,95
12,23,35
40,94,134
97,45,142
71,77,148
55,25,80
75,24,99
48,19,67
55,46,101
9,13,22
91,32,123
96,10,106
64,30,94
10,85,95
49,95,144
57,46,103
67,38,105
95,23,118
25,68,93
15,15,30
11,36,47
81,52,133
94,33,127
87,86,173
54,74,128
8,29,37
22,15,37
57,93,150
71,16,87
100,79,179
16,64,80
98,95,193
67,10,77
85,19,104
34,62,96
30,87,117
96,20,116
53,67,120
10,78,88
95,71,166
25,93,118
75,60,135
49,34,83
88,62,150
58,74,132
16,55,71
86,70,156
60,48,108
77,40,117
70,71,141
12,63,75
20,21,41
86,88,174
32,72,104
31,87,118
68,12,80
65,60,125
65,87,152
29,10,39
59,81,140
88,8,96
37,48,85
13,87,100
32,96,128
55,13,68
30,64,94
89,70,159
44,65,109
70,8,78
58,78,136
11,100,111
100,37,137
79,90,169
41,28,69
56,87,143
28,56,84
89,88,177
52,55,107
58,71,129
52,77,129
45,55,100
86,54,140
73,89,162
19,69,88
51,78,129
97,37,134
47,100,147
64,42,106
66,85,151
68,33,101
20,98,118
11,80,91
55,34,89
28,12,40
75,90,165
64,89,153
43,94,137
90,32,122
9,41,50
41,42,83
13,18,31
45,85,130
52,16,68
42,18,60
75,46,121
34,84,118
76,74,150
87,98,185
36,8,44
39,7,46
41,26,67
81,12,93
82,52,134
99,15,114
75,90,165
59,26,85
24,64,88
24,98,122
46,48,94
100,82,182
85,94,179
28,59,87
72,28,100
29,34,63
91,75,166
69,84,153
75,66,141
13,38,51
29,85,114
92,38,130
63,92,155
61,97,158
50,32,82
96,99,195
8,76,84
78,74,152
59,90,149
56,44,100
46,100,146
58,96,154
82,18,100
91,44,135
27,63,90
56,73,129
90,83,173
53,34,87
56,79,135
74,45,119
68,51,119
90,24,114
74,40,114
42,7,49
97,91,188
79,45,124
20,28,48
56,36,92
22,22,44
18,15,33
14,9,23
30,88,118
50,40,90
97,69,166
17,84,101
63,68,131
10,19,29
46,37,83
29,63,92
74,99,173
92,93,185
55,52,107
71,23,94
24,42,66
46,20,66
49,65,114
63,42,105
42,21,63
37,78,115
75,97,172
67,46,113
71,49,120
71,68,139
59,54,113
31,29,60
92,59,151
55,36,91
14,91,105
27,32,59
90,55,145
96,19,115
80,35,115
95,21,116
84,47,131
59,83,142
50,88,138
15,14,29
35,31,66
71,22,93
27,73,100
54,22,76
47,24,71
70,83,153
23,87,110
32,20,52
23,36,59
83,39,122
68,74,142
22,66,88
13,34,47
37,78,115
93,28,121
61,45,106
86,60,146
75,58,133
21,15,36
43,49,92
75,32,107
39,15,54
85,100,185
75,69,144
84,49,133
78,33,111
65,45,110
37,58,95
84,73,157
11,72,83
22,95,117
79,20,99
22,24,46
78,42,120
64,79,143
98,41,139
78,31,109
19,20,39
60,89,149
21,25,46
66,85,151
47,57,104
42,69,111
98,73,171
70,36,106
23,68,91
28,60,88
38,98,136
96,38,134
59,93,152
19,24,43
13,75,88
24,74,98
36,53,89
66,100,166
48,54,102
96,65,161
99,60,159
16,87,103
99,74,173
48,19,67
93,51,144
36,32,68
27,66,93
22,97,119
61,100,161
42,82,124
40,16,56
67,73,140
77,12,89
55,88,143
47,71,118
69,17,86
15,28,43
37,33,70
69,36,105
33,39,72
57,48,105
53,49,102
72,69,141
94,74,168
89,94,183
82,99,181
74,44,118
19,77,96
50,57,107
83,53,136
48,7,55
84,61,145
13,87,100
31,33,64
71,60,131
30,70,100
49,53,102
57,16,73
88,73,161
88,34,122
34,98,132
53,20,73
47,40,87
84,51,135
39,35,74
25,90,115
95,75,170
64,45,109
48,55,103
61,68,129
11,42,53
53,17,70
51,28,79
44,100,144
44,66,110
54,54,108
33,68,101
87,54,141
26,18,44
37,25,62
29,53,82
99,39,138
31,15,46
63,36,99
57,29,86
25,55,80
81,91,172
83,44,127
94,91,185
35,50,85
91,77,168
93,33,126
26,73,99
57,30,87
33,49,82
94,91,185
54,53,107
72,48,120
17,26,43
40,83,123
7,33,40
43,91,134
76,58,134
36,72,108
55,58,113
76,87,163
67,46,113
56,35,91
81,94,175
23,68,91
85,69,154
66,57,123
21,47,68
42,69,111
37,66,103
34,42,76
19,51,70
86,53,139
41,24,65
51,10,61
82,32,114
31,12,43
68,30,98
68,19,87
15,13,28
32,57,89
41,90,131
82,83,165
93,95,188
12,56,68
99,84,183
23,100,123
55,46,101
34,80,114
40,47,87
58,73,131
39,40,79
85,34,119
35,74,109
78,100,178
59,43,102
82,96,178
89,34,123
77,50,127
49,58,107
25,28,53
66,82,148
58,67,125
63,24,87
47,14,61
29,74,103
77,13,90
67,7,74
90,19,109
74,54,128
61,56,117
85,87,172
96,48,144
26,81,107
87,9,96
69,91,160
45,29,74
61,61,122
84,43,127
53,39,92
10,15,25
73,43,116
38,56,94
23,56,79
13,77,90
94,41,135
57,13,70
70,100,170
47,7,54
75,95,170
86,11,97
48,88,136
12,93,105
48,23,71
24,72,96
22,53,75
36,21,57
23,72,95
26,77,103
7,73,80
10,41,51
8,42,50
71,26,97
69,10,79
12,26,38
95,68,163
96,64,160
64,30,94
87,28,115
90,86,176
85,36,121
24,47,71
99,95,194
16,38,54
78,13,91
53,33,86
40,35,75
88,86,174
8,57,65
80,30,110
44,74,118
82,70,152
50,73,123
7,65,72
66,59,125
67,25,92
87,42,129
28,100,128
28,90,118
78,50,128
73,86,159
19,48,67
91,92,183
81,48,129
37,64,101
26,94,120
69,38,107
97,91,188
19,52,71
12,54,66
19,29,48
77,21,98
91,55,146
15,11,26
25,34,59
81,94,175
91,62,153
67,65,132
41,99,140
93,50,143
28,38,66
80,21,101
83,99,182
40,41,81
52,75,127
82,49,131
60,18,78
99,40,139
36,26,62
100,18,118
15,54,69
79,91,170
53,46,99
23,60,83
38,32,70
9,79,88
99,98,197
74,21,95
21,59,80
18,98,116
12,43,55
68,9,77
87,36,123
8,36,44
92,86,178
66,25,91
99,98,197
55,39,94
14,26,40
91,43,134
20,15,35
88,62,150
15,51,66
32,62,94
43,40,83
55,83,138
41,96,137
22,24,46
19,42,61
90,73,163
60,46,106
14,76,90
14,51,65
96,7,103
92,55,147
19,57,76
10,22,32
31,21,52
69,90,159
27,92,119
79,15,94
97,69,166
57,72,129
32,83,115
69,58,127
37,46,83
57,60,117
42,94,136
63,21,84
86,54,140
20,37,57
46,96,142
90,23,113
91,33,124
15,60,75
60,40,100
74,21,95
61,24,85
66,52,118
30,36,66
51,85,136
80,96,176
35,57,92
59,62,121
11,66,77
52,35,87
33,25,58
31,32,63
60,41,101
58,85,143
37,43,80
46,92,138
77,100,177
24,81,105
75,93,168
65,13,78
76,16,92
26,23,49
68,52,120
83,100,183
95,95,190
38,67,105
46,28,74
49,82,131
48,91,139
49,87,136
74,41,115
10,25,35
9,56,65
55,25,80
10,36,46
80,64,144
51,95,146
38,28,66
72,85,157
68,36,104
31,79,110
21,86,107
8,45,53
46,77,123
52,79,131
91,60,151
71,84,155
89,98,187
95,59,154
53,76,129
53,30,83
72,95,167
40,77,117
78,87,165
23,7,30
56,33,89
34,62,96
59,85,144
46,22,68
58,30,88
46,29,75
27,41,68
82,16,98
59,50,109
12,25,37
40,29,69
78,14,92
78,13,91
19,64,83
60,30,90
41,29,70
21,100,121
47,93,140
21,63,84
97,52,149
66,17,83
63,76,139
86,58,144
8,91,99
26,32,58
97,54,151
46,58,104
21,61,82
25,17,42
53,17,70
72,45,117
34,58,92
74,52,126
74,91,165
59,22,81
27,7,34
26,87,113
97,7,104
43,44,87
63,32,95
72,28,100
72,37,109
29,22,51
79,50,129
68,55,123
68,77,145
88,36,124
65,42,107
30,19,49
9,86,95
13,84,97
65,90,155
55,13,68
86,51,137
23,54,77
23,100,123
68,60,128
59,87,146
46,57,103
89,32,121
52,14,66
30,99,129
50,61,111
20,33,53
21,74,95
28,94,122
73,92,165
28,87,115
95,61,156
24,66,90
28,21,49
17,64,81
66,22,88
58,72,130
42,80,122
48,79,127
33,93,126
97,93,190
43,60,103
37,95,132
31,51,82
95,24,119
55,21,76
8,37,45
49,20,69
50,70,120
100,19,119
20,22,42
57,9,66
89,72,161
13,78,91
34,84,118
97,85,182
35,29,64
13,55,68
54,39,93
72,7,79
12,28,40
80,92,172
28,58,86
68,86,154
78,51,129
23,71,94
84,77,161
84,39,123
7,9,16
25,98,123
14,8,22
61,15,76
34,28,62
46,86,132
12,74,86
13,8,21
76,88,164
86,41,127
57,10,67
51,82,133
12,13,25
28,17,45
80,40,120
98,65,163
7,27,34
71,84,155
36,90,126
66,37,103
55,86,141
44,81,125
26,94,120
92,89,181
65,85,150
40,63,103
55,49,104
10,60,70
77,68,145
74,59,133
44,61,105
42,36,78
58,67,125
11,41,52
54,42,96
97,94,191
60,16,76
14,73,87
31,82,113
59,82,141
37,53,90
77,47,124
8,65,73
91,100,191
68,43,111
8,80,88
46,94,140
88,79,167
13,9,22
71,81,152
19,80,99
81,77,158
49,100,149
82,86,168
42,7,49
20,23,43
57,17,74
7,40,47
62,43,105
13,92,105
83,45,128
49,59,108
52,94,146
83,54,137
79,39,118
89,40,129
23,10,33
71,24,95
18,13,31
86,45,131
87,88,175
16,64,80
55,22,77
65,64,129
80,21,101
98,18,116
52,61,113
27,13,40
71,44,115
42,74,116
62,49,111
86,88,174
14,98,112
78,44,122
22,17,39
77,16,93
72,10,82
83,68,151
19,53,72
21,53,74
63,13,76
14,73,87
92,54,146
34,38,72
31,19,50
90,49,139
46,31,77
72,65,137
22,92,114
53,81,134
47,60,107
85,59,144
87,7,94
13,10,23
80,84,164
55,9,64
75,41,116
91,45,136
67,75,142
83,66,149
72,52,124
70,55,125
70,60,130
77,20,97
19,50,69
67,19,86
8,16,24
75,43,118
85,96,181
50,47,97
76,77,153
38,74,112
35,23,58
76,19,95
78,60,138
13,9,22
96,44,140
55,83,138
77,29,106
17,42,59
83,79,162
100,84,184
50,7,57
8,21,29
14,67,81
42,71,113
38,17,55
21,68,89
39,27,66
17,18,35
80,99,179
67,38,105
8,86,94
97,72,169
52,50,102
11,53,64
89,100,189
48,40,88
28,11,39
45,48,93
68,51,119
96,94,190
56,97,153
37,38,75
11,27,38
16,56,72
13,75,88
14,52,66
83,26,109
61,21,82
77,72,149
92,51,143
72,75,147
82,14,96
85,68,153
67,86,153
79,25,104
57,31,88
23,69,92
33,95,128
8,88,96
27,32,59
60,95,155
10,34,44
46,30,76
21,73,94
89,28,117
19,71,90
79,46,125
93,86,179
16,80,96
34,16,50
32,26,58
74,11,85
19,48,67
94,20,114
33,79,112
87,38,125
95,59,154
23,27,50
88,14,102
75,97,172
96,65,161
14,89,103
27,27,54
34,57,91
79,75,154
40,94,134
42,83,125
26,82,108
50,7,57
34,94,128
57,16,73
48,69,117
16,43,59
81,44,125
74,37,111
13,8,21
42,31,73
68,92,160
39,25,64
13,14,27
51,60,111
68,91,159
25,65,90
53,15,68
96,86,182
81,93,174
34,23,57
81,63,144
88,48,136
12,99,111
41,36,77
33,17,50
18,24,42
34,48,82
71,31,102
77,55,132
45,30,75
18,18,36
19,21,40
96,40,136
86,50,136
14,18,32
48,24,72
13,88,101
71,36,107
78,78,156
24,65,89
61,77,138
43,74,117
42,38,80
94,13,107
43,41,84
32,9,41
62,69,131
88,12,100
95,93,188
13,52,65
87,100,187
50,57,107
100,82,182
15,50,65
66,72,138
64,73,137
54,37,91
61,18,79
85,69,154
62,65,127
65,79,144
43,71,114
37,58,95
40,56,96
13,42,55
12,16,28
92,9,101
60,9,69
19,47,66
46,57,103
50,35,85
7,30,37
17,12,29
29,31,60
83,30,113
35,51,86
59,99,158
48,69,117
99,22,121
11,78,89
91,10,101
18,50,68
11,89,100
21,55,76
46,85,131
82,26,108
35,92,127
68,89,157
55,28,83
24,35,59
94,68,162
86,44,130
60,69,129
81,88,169
67,48,115
100,61,161
42,31,73
33,77,110
12,7,19
72,80,152
22,34,56
20,61,81
57,99,156
54,80,134
39,37,76
97,10,107
49,78,127
75,28,103
26,99,125
88,58,146
98,12,110
14,70,84
11,32,43
69,79,148
31,91,122
88,61,149
61,29,90
72,60,132
29,33,62
38,78,116
27,28,55
68,18,86
92,53,145
74,93,167
40,78,118
39,44,83
84,7,91
50,75,125
51,95,146
85,32,117
99,39,138
25,66,91
57,31,88
66,39,105
38,72,110
31,34,65
55,8,63
50,50,100
73,45,118
17,22,39
68,52,120
70,26,96
86,58,144
98,66,164
65,27,92
48,88,136
16,38,54
35,96,131
67,82,149
44,65,109
45,61,106
66,19,85
50,9,59
47,59,106
9,27,36
37,23,60
37,24,61
27,62,89
85,84,169
20,24,44
23,23,46
68,57,125
18,28,46
66,37,103
18,28,46
87,60,147
23,46,69
45,15,60
67,40,107
59,82,141
18,19,37
59,51,110
89,96,185
24,26,50
73,47,120
70,97,167
21,100,121
67,81,148
24,9,33
29,69,98
77,97,174
68,65,133
75,51,126
75,92,167
30,27,57
33,42,75
99,66,165
35,15,50
98,51,149
89,24,113
79,16,95
50,85,135
77,58,135
36,65,101
32,100,132
79,86,165
25,79,104
35,28,63
64,67,131
74,90,164
55,9,64
55,31,86
67,12,79
41,14,55
8,94,102
65,62,127
57,97,154
69,30,99
74,43,117
99,68,167
51,67,118
91,7,98
46,23,69
18,43,61
49,45,94
46,62,108
33,60,93
36,72,108
54,57,111
31,34,65
80,46,126
65,10,75
15,70,85
57,88,145
59,84,143
7,59,66
99,61,160
81,25,106
43,47,90
95,77,172
85,49,134
67,88,155
84,77,161
80,30,110
16,76,92
38,45,83
33,52,85
39,94,133
33,51,84
67,9,76
85,62,147
65,74,139
61,7,68
94,93,187
83,81,164
24,44,68
45,68,113
51,25,76
74,29,103
46,76,122
14,63,77
65,70,135
9,98,107
34,70,104
10,49,59
63,84,147
15,71,86
29,66,95
93,58,151
87,7,94
22,34,56
35,79,114
22,9,31
97,44,141
100,98,198
68,44,112
45,11,56
75,99,174
47,36,83
16,95,111
83,42,125
65,85,150
42,11,53
96,22,118
66,56,122
100,88,188
53,30,83
28,24,52
18,22,40
24,26,50
90,28,118
65,48,113
81,29,110
42,62,104
55,91,146
50,57,107
47,76,123
91,84,175
46,29,75
48,44,92
22,42,64
16,76,92
97,70,167
91,56,147
75,56,131
96,32,128
81,20,101
37,69,106
51,36,87
18,62,80
91,50,141
24,36,60
53,64,117
69,41,110
39,7,46
14,28,42
90,22,112
33,87,120
19,18,37
39,9,48
49,35,84
32,49,81
88,65,153
33,76,109
49,10,59
45,44,89
85,40,125
98,95,193
24,77,101
56,89,145
99,70,169
78,66,144
81,86,167
71,84,155
97,70,167
72,93,165
96,50,146
72,79,151
37,44,81
16,38,54
23,21,44
71,15,86
24,33,57
87,88,175
64,8,72
54,15,69
82,18,100
82,45,127
46,13,59
52,37,89
45,60,105
87,25,112
37,39,76
84,38,122
77,91,168
11,64,75
20,52,72
60,64,124
15,48,63
43,47,90
77,85,162
24,13,37
65,12,77
86,11,97
52,36,88
24,59,83
10,32,42
98,95,193
24,69,93
74,15,89
50,12,62
19,93,112
8,36,44
24,44,68
20,42,62
52,24,76
34,45,79
44,77,121
90,41,131
79,79,158
35,64,99
50,71,121
28,50,78
45,38,83
18,94,112
11,33,44
8,19,27
27,87,114
20,59,79
97,62,159
17,60,77
61,65,126
91,11,102
65,72,137
44,63,107
72,93,165
82,30,112
56,61,117
90,73,163
36,82,118
17,77,94
42,19,61
24,98,122
43,27,70
45,31,76
46,64,110
54,34,88
43,96,139
33,93,126
81,30,111
23,58,81
11,96,107
64,98,162
90,38,128
20,19,39
89,57,146
9,14,23
57,63,120
42,20,62
27,19,46
94,92,186
50,63,113
48,58,106
22,49,71
45,79,124
98,97,195
34,62,96
28,55,83
43,21,64
34,22,56
25,70,95
56,26,82
68,72,140
78,88,166
15,41,56
39,23,62
92,70,162
79,51,130
25,54,79
20,34,54
8,83,91
23,90,113
100,97,197
51,59,110
43,33,76
48,80,128
100,79,179
41,29,70
69,35,104
44,88,132
100,41,141
93,79,172
89,8,97
87,90,177
99,92,191
80,32,112
15,17,32
55,71,126
39,60,99
43,10,53
59,46,105
56,50,106
26,73,99
46,48,94
95,55,150
34,75,109
90,13,103
79,29,108
28,35,63
70,55,125
33,99,132
42,81,123
97,12,109
14,28,42
17,83,100
33,30,63
12,66,78
82,100,182
91,67,158
35,29,64
65,31,96
63,12,75
7,16,23
47,18,65
25,76,101
12,69,81
25,70,95
26,12,38
27,17,44
20,85,105
99,96,195
49,76,125
54,79,133
30,97,127
8,98,106
98,95,193
18,92,110
80,67,147
66,28,94
60,87,147
22,93,115
82,74,156
96,34,130
38,84,122
100,32,132
97,95,192
41,7,48
22,17,39
94,76,170
18,29,47
14,58,72
78,62,140
89,41,130
35,46,81
66,25,91
42,70,112
72,18,90
86,65,151
43,34,77
52,72,124
40,30,70
62,29,91
41,34,75
69,53,122
14,85,99
91,35,126
79,20,99
19,32,51
96,74,170
49,33,82
10,74,84
22,77,99
75,93,168
90,26,116
11,70,81
37,72,109
32,79,111
39,27,66
32,55,87
12,48,60
98,15,113
73,16,89
74,21,95
99,78,177
34,24,58
58,52,110
27,85,112
9,16,25
100,40,140
14,81,95
49,60,109
75,94,169
50,100,150
20,18,38
39,30,69
100,56,156
30,14,44
46,54,100
82,62,144
64,10,74
92,7,99
73,43,116
86,96,182
55,95,150
82,56,138
52,90,142
96,21,117
21,51,72
45,100,145
32,14,46
98,37,135
60,36,96
75,33,108
46,82,128
28,55,83
69,31,100
54,23,77
25,23,48
95,32,127
87,93,180
22,66,88
99,67,166
69,96,165
9,67,76
49,100,149
20,31,51
11,44,55
54,100,154
31,90,121
78,25,103
47,21,68
10,70,80
82,25,107
68,100,168
72,52,124
67,71,138
38,56,94
93,46,139
61,14,75
21,23,44
27,14,41
20,20,40
91,9,100
67,85,152
88,45,133
67,32,99
77,43,120
93,26,119
29,29,58
66,17,83
77,65,142
91,44,135
56,80,136
38,72,110
67,53,120
31,96,127
21,69,90
65,10,75
50,95,145
59,62,121
54,33,87
73,37,110
17,52,69
78,83,161
65,13,78
67,53,120
51,73,124
47,9,56
83,100,183
61,14,75
23,19,42
10,22,32
48,33,81
32,98,130
13,52,65
30,46,76
51,48,99
20,26,46
19,36,55
67,62,129
87,33,120
20,46,66
52,41,93
24,56,80
9,34,43
94,77,171
7,16,23
40,58,98
52,62,114
57,97,154
8,59,67
46,20,66
73,16,89
41,80,121
91,86,177
62,84,146
40,21,61
79,90,169
29,39,68
10,30,40
87,57,144
19,55,74
65,65,130
86,42,128
55,79,134
21,59,80
82,38,120
40,54,94
77,88,165
51,24,75
32,33,65
82,83,165
92,88,180
54,11,65
81,94,175
7,17,24
97,86,183
83,26,109
72,27,99
97,11,108
27,80,107
22,35,57
39,7,46
95,77,172
97,50,147
51,40,91
91,83,174
46,25,71
83,39,122
52,70,122
90,69,159
96,69,165
62,56,118
12,62,74
12,96,108
12,54,66
18,58,76
39,7,46
72,10,82
47,34,81
26,67,93
15,90,105
34,43,77
61,12,73
77,63,140
78,70,148
11,56,67
84,12,96
96,37,133
17,70,87
76,72,148
62,22,84
61,82,143
26,48,74
70,40,110
78,83,161
96,100,196
53,48,101
92,35,127
25,14,39
81,73,154
29,17,46
43,12,55
97,30,127
96,95,191
15,87,102
59,68,127
44,71,115
33,31,64
99,19,118
7,50,57
13,24,37
70,60,130
85,44,129
76,58,134
48,71,119
13,70,83
18,44,62
20,56,76
96,57,153
68,70,138
65,61,126
93,66,159
76,74,150
97,75,172
79,68,147
85,9,94
83,34,117
51,60,111
45,49,94
11,17,28
44,59,103
21,30,51
44,17,61
46,57,103
8,35,43
73,55,128
85,53,138
40,24,64
85,80,165
100,9,109
19,22,41
79,19,98
8,68,76
50,86,136
88,22,110
97,52,149
47,10,57
25,26,51
60,38,98
19,7,26
14,83,97
68,62,130
14,96,110
44,41,85
31,51,82
89,23,112
55,30,85
12,50,62
59,74,133
18,91,109
77,14,91
23,39,62
63,55,118
32,30,62
34,86,120
94,81,175
53,14,67
14,65,79
35,19,54
70,89,159
53,87,140
50,85,135
67,53,120
74,71,145
37,37,74
80,35,115
44,68,112
35,29,64
53,88,141
16,87,103
70,43,113
57,97,154
34,88,122
67,27,94
33,11,44
82,66,148
85,43,128
76,48,124
26,56,82
31,19,50
63,88,151
12,55,67
88,23,111
34,9,43
47,61,108
41,74,115
97,67,164
31,95,126
46,93,139
30,68,98
48,26,74
88,86,174
18,76,94
11,34,45
24,62,86
72,24,96
71,69,140
75,82,157
22,78,100
48,63,111
94,8,102
42,72,114
34,45,79
74,58,132
33,41,74
22,97,119
16,52,68
85,20,105
93,86,179
90,32,122
81,96,177
8,35,43
56,51,107
46,47,93
19,99,118
84,88,172
59,13,72
53,63,116
61,60,121
91,58,149
37,24,61
39,75,114
13,11,24
9,29,38
12,11,23
73,49,122
8,39,47
22,59,81
18,94,112
97,23,120
55,19,74
35,84,119
53,57,110
77,7,84
40,82,122
80,11,91
17,13,30
90,21,111
70,95,165
28,87,115
38,64,102
53,84,137
54,76,130
38,10,48
25,63,88
47,95,142
59,49,108
53,47,100
100,24,124
100,26,126
30,61,91
48,46,94
61,25,86
12,51,63
11,97,108
75,65,140
45,94,139
20,29,49
19,93,112
25,28,53
91,46,137
75,100,175
88,84,172
41,24,65
22,17,39
24,79,103
39,96,135
33,69,102
55,67,122
41,32,73
98,73,171
48,45,93
91,100,191
45,40,85
89,46,135
98,93,191
54,54,108
76,12,88
95,83,178
58,18,76
22,95,117
14,48,62
48,53,101
28,12,40
20,39,59
75,16,91
15,18,33
76,26,102
19,26,45
19,72,91
39,42,81
100,14,114
97,46,143
33,49,82
20,79,99
37,58,95
53,62,115
15,43,58
49,65,114
91,68,159
100,92,192
27,90,117
14,72,86
79,55,134
68,90,158
58,20,78
29,24,53
83,74,157
42,42,84
10,93,103
60,20,80
79,79,158
19,47,66
84,86,170
88,58,146
13,10,23
84,31,115
37,99,136
84,19,103
62,76,138
27,74,101
15,96,111
37,14,51
15,34,49
54,36,90
24,100,124
21,45,66
62,74,136
60,65,125
93,15,108
29,26,55
71,80,151
68,66,134
64,14,78
88,16,104
91,94,185
19,30,49
67,10,77
33,25,58
76,32,108
94,74,168
47,18,65
62,91,153
30,80,110
45,66,111
64,82,146
16,61,77
93,70,163
97,81,178
50,11,61
16,85,101
41,15,56
40,17,57
32,49,81
26,46,72
42,30,72
74,49,123
56,79,135
40,23,63
43,44,87
51,24,75
94,42,136
100,43,143
84,50,134
73,81,154
19,67,86
72,62,134
68,9,77
61,41,102
21,52,73
79,18,97
87,30,117
37,7,44
57,39,96
72,67,139
61,63,124
53,42,95
42,62,104
53,48,101
34,95,129
58,85,143
21,83,104
28,56,84
28,28,56
27,84,111
30,87,117
99,83,182
75,93,168
71,65,136
26,96,122
46,24,70
30,32,62
38,87,125
47,55,102
56,85,141
61,71,132
22,13,35
62,8,70
63,68,131
98,83,181
39,68,107
15,63,78
13,68,81
97,61,158
19,53,72
78,98,176
59,94,153
50,34,84
52,83,135
14,33,47
15,51,66
58,60,118
67,10,77
61,88,149
41,23,64
55,57,112
66,51,117
45,64,109
8,23,31
97,18,115
94,75,169
56,61,117
66,62,128
91,16,107
100,21,121
17,11,28
75,73,148
57,44,101
14,71,85
68,73,141
56,74,130
98,53,151
59,95,154
27,84,111
29,24,53
81,97,178
88,41,129
13,57,70
62,19,81
9,83,92
38,65,103
81,62,143
48,43,91
72,25,97
17,98,115
24,78,102
29,29,58
60,90,150
55,71,126
22,100,122
29,65,94
98,69,167
25,54,79
31,20,51
81,91,172
98,74,172
49,31,80
96,10,106
98,75,173
93,67,160
20,76,96
39,30,69
11,38,49
9,42,51
99,97,196
11,61,72
65,26,91
41,80,121
83,94,177
60,54,114
37,92,129
13,49,62
32,94,126
40,23,63
66,94,160
95,99,194
64,89,153
48,83,131
78,27,105
94,73,167
25,92,117
55,66,121
83,61,144
15,18,33
70,69,139
74,22,96
83,12,95
79,88,167
90,19,109
19,51,70
43,41,84
13,16,29
66,89,155
34,87,121
83,20,103
72,8,80
82,100,182
32,81,113
35,92,127
77,96,173
23,54,77
17,73,90
83,11,94
63,40,103
68,7,75
19,57,76
9,56,65
87,47,134
35,19,54
24,29,53
65,83,148
27,60,87
49,45,94
92,74,166
11,75,86
33,47,80
97,64,161
54,93,147
67,40,107
76,74,150
42,39,81
39,16,55
14,8,22
62,25,87
8,56,64
100,95,195
66,20,86
9,50,59
33,53,86
70,95,165
44,68,112
39,79,118
11,83,94
90,93,183
49,13,62
34,48,82
97,14,111
94,24,118
75,28,103
96,49,145
55,90,145
15,90,105
20,7,27
71,76,147
44,27,71
92,91,183
59,44,103
83,70,153
86,42,128
38,15,53
82,62,144
39,69,108
83,46,129
66,82,148
70,88,158
85,43,128
22,34,56
45,89,134
55,94,149
32,33,65
59,88,147
58,26,84
57,10,67
52,64,116
64,12,76
21,15,36
34,98,132
98,10,108
33,38,71
50,39,89
72,51,123
79,76,155
32,63,95
15,47,62
47,85,132
98,74,172
63,25,88
61,8,69
11,37,48
55,71,126
14,27,41
54,59,113
99,57,156
86,29,115
90,25,115
13,97,110
55,43,98
56,67,123
43,56,99
86,63,149
83,43,126
59,32,91
61,68,129
84,58,142
23,93,116
91,52,143
65,7,72
87,30,117
11,70,81
71,33,104
19,76,95
37,17,54
56,53,109
19,94,113
20,24,44
87,27,114
87,9,96
79,87,166
51,80,131
29,9,38
15,76,91
92,45,137
74,11,85
31,85,116
70,10,80
39,27,66
85,71,156
69,45,114
73,18,91
86,66,152
99,46,145
19,50,69
85,72,157
90,98,188
14,49,63
64,69,133
90,9,99
14,41,55
15,14,29
52,82,134
70,68,138
97,34,131
16,38,54
12,83,95
20,82,102
78,62,140
58,93,151
21,52,73
57,44,101
51,18,69
63,27,90
69,69,138
50,57,107
52,59,111
22,37,59
14,28,42
29,93,122
8,43,51
97,29,126
97,95,192
21,17,38
29,75,104
14,62,76
23,38,61
12,19,31
32,54,86
48,38,86
30,88,118
15,89,104
54,86,140
15,18,33
7,56,63
68,15,83
48,23,71
89,41,130
22,32,54
70,69,139
94,85,179
36,41,77
72,10,82
86,83,169
31,49,80
36,82,118
20,94,114
14,38,52
11,92,103
72,75,147
21,26,47
21,70,91
77,52,129
13,98,111
60,39,99
17,79,96
17,42,59
89,8,97
9,92,101
15,94,109
87,56,143
56,18,74
60,54,114
7,76,83
89,53,142
82,58,140
19,14,33
69,39,108
68,12,80
10,76,86
99,100,199
94,35,129
51,81,132
37,44,81
71,93,164
17,77,94
25,97,122
72,17,89
51,79,130
43,15,58
83,19,102
18,76,94
63,82,145
86,37,123
31,80,111
90,44,134
13,63,76
99,10,109
10,9,19
50,42,92
38,39,77
59,33,92
60,91,151
93,35,128
82,43,125
94,98,192
23,31,54
8,66,74
39,87,126
80,97,177
48,42,90
63,86,149
74,91,165
47,97,144
20,15,35
46,35,81
38,81,119
40,71,111
41,92,133
24,14,38
98,40,138
51,67,118
35,93,128
36,32,68
69,59,128
58,83,141
100,93,193
74,67,141
94,62,156
83,28,111
47,54,101
66,48,114
41,86,127
38,91,129
55,19,74
7,13,20
83,44,127
96,49,145
24,96,120
70,29,99
87,73,160
46,24,70
62,84,146
46,26,72
81,66,147
77,78,155
98,11,109
78,67,145
37,57,94
61,47,108
45,8,53
96,89,185
75,87,162
99,56,155
18,83,101
73,17,90
16,42,58
54,42,96
14,77,91
37,84,121
19,93,112
67,20,87
13,35,48
52,20,72
69,71,140
72,64,136
34,75,109
35,53,88
15,36,51
41,7,48
41,25,66
93,45,138
97,7,104
76,80,156
69,94,163
49,97,146
64,55,119
14,87,101
78,19,97
95,24,119
46,38,84
46,28,74
79,39,118
12,23,35
99,34,133
58,75,133
7,43,50
91,18,109
69,89,158
44,76,120
25,48,73
66,54,120
49,70,119
34,33,67
75,19,94
97,41,138
84,91,175
11,90,101
53,48,101
14,91,105
100,28,128
85,67,152
58,88,146
96,13,109
93,37,130
53,24,77
45,71,116
77,50,127
46,79,125
49,57,106
25,56,81
39,87,126
63,87,150
17,66,83
59,13,72
80,45,125
50,81,131
98,29,127
52,49,101
12,100,112
80,72,152
94,70,164
83,89,172
51,66,117
11,34,45
88,11,99
31,62,93
54,23,77
72,68,140
39,51,90
46,60,106
77,53,130
35,32,67
70,47,117
60,29,89
68,45,113
100,24,124
75,59,134
77,44,121
33,29,62
75,18,93
90,39,129
90,26,116
98,73,171
45,76,121
81,95,176
94,100,194
86,75,161
27,11,38
86,54,140
79,19,98
68,27,95
41,87,128
13,91,104
35,60,95
85,66,151
89,43,132
57,8,65
20,32,52
30,50,80
29,68,97
87,17,104
90,8,98
83,92,175
22,41,63
56,82,138
67,96,163
52,54,106
15,16,31
30,71,101
70,90,160
95,10,105
26,25,51
81,70,151
81,88,169
61,46,107
31,36,67
70,39,109
17,95,112
39,98,137
9,95,104
19,22,41
20,44,64
34,77,111
56,74,130
88,72,160
18,59,77
34,63,97
98,83,181
30,97,127
79,30,109
85,78,163
65,77,142
90,34,124
72,7,79
35,7,42
55,16,71
40,35,75
34,96,130
65,16,81
60,46,106
53,49,102
80,17,97
22,80,102
54,67,121
99,7,106
57,69,126
38,86,124
33,43,76
13,92,105
83,20,103
26,29,55
58,90,148
44,93,137
99,63,162
25,25,50
75,35,110
10,15,25
67,11,78
62,35,97
99,55,154
85,50,135
68,53,121
97,71,168
73,73,146
92,83,175
99,60,159
78,23,101
24,28,52
66,7,73
72,65,137
59,38,97
76,72,148
53,69,122
28,20,48
29,75,104
37,72,109
78,65,143
42,27,69
15,53,68
28,94,122
73,89,162
69,93,162
58,39,97
11,31,42
45,8,53
52,82,134
37,68,105
36,100,136
31,56,87
24,81,105
46,82,128
31,56,87
90,52,142
60,70,130
100,65,165
100,45,145
61,40,101
34,93,127
61,22,83
99,84,183
74,11,85
96,7,103
57,89,146
40,34,74
89,72,161
95,11,106
47,58,105
80,29,109
27,88,115
78,19,97
49,40,89
41,17,58
12,93,105
14,48,62
78,46,124
93,27,120
88,51,139
61,96,157
29,64,93
17,39,56
71,100,171
57,39,96
45,29,74
53,21,74
21,48,69
88,19,107
61,24,85
72,82,154
78,56,134
42,52,94
74,37,111
65,93,158
23,96,119
82,14,96
43,20,63
86,63,149
46,32,78
86,9,95
8,81,89
16,48,64
24,38,62
42,57,99
15,28,43
37,66,103
29,41,70
10,9,19
84,93,177
32,34,66
79,52,131
36,42,78
8,69,77
24,96,120
76,91,167
63,88,151
100,99,199
15,89,104
63,47,110
44,63,107
17,65,82
61,69,130
62,86,148
81,76,157
39,36,75
7,34,41
11,37,48
66,57,123
12,64,76
62,20,82
15,75,90
66,7,73
25,30,55
64,13,77
66,64,130
80,75,155
54,81,135
53,84,137
53,63,116
55,92,147
39,66,105
53,35,88
56,58,114
36,36,72
49,95,144
27,62,89
17,33,50
87,51,138
86,41,127
82,18,100
73,41,114
17,70,87
91,31,122
56,12,68
77,56,133
77,34,111
86,71,157
47,16,63
93,56,149
48,78,126
20,98,118
22,98,120
73,19,92
41,90,131
18,44,62
89,59,148
48,9,57
34,76,110
94,43,137
41,17,58
25,37,62
82,50,132
27,98,125
71,30,101
41,73,114
89,81,170
80,98,178
100,44,144
87,42,129
99,40,139
85,56,141
35,52,87
82,8,90
70,12,82
64,65,129
13,9,22
53,73,126
32,85,117
66,42,108
93,53,146
54,82,136
84,42,126
55,7,62
25,100,125
72,55,127
75,65,140
79,83,162
89,82,171
19,90,109
43,90,133
71,57,128
84,81,165
74,81,155
75,57,132
48,17,65
44,54,98
53,10,63
67,92,159
72,45,117
35,73,108
69,95,164
75,25,100
26,72,98
33,10,43
39,62,101
34,26,60
71,19,90
92,38,130
71,10,81
29,38,67
92,94,186
17,47,64
46,34,80
20,49,69
30,10,40
52,50,102
22,37,59
65,88,153
55,67,122
60,39,99
94,92,186
48,75,123
95,99,194
73,83,156
76,51,127
73,91,164
95,32,127
11,41,52
26,13,39
49,70,119
82,77,159
56,52,108
63,25,88
92,89,181
69,31,100
50,50,100
26,14,40
20,11,31
67,55,122
34,70,104
17,89,106
32,23,55
26,51,77
69,9,78
58,48,106
37,82,119
30,11,41
52,68,120
31,64,95
13,79,92
84,11,95
46,19,65
68,25,93
57,69,126
42,57,99
22,20,42
42,77,119
45,27,72
65,70,135
45,40,85
55,59,114
49,63,112
59,82,141
59,19,78
75,70,145
49,39,88
94,74,168
79,11,90
8,32,40
72,13,85
24,64,88
93,9,102
71,97,168
57,54,111
78,96,174
86,13,99
86,35,121
98,13,111
64,39,103
93,79,172
84,51,135
20,13,33
33,30,63
77,48,125
66,77,143
91,29,120
80,27,107
21,76,97
7,55,62
29,54,83
57,95,152
93,29,122
37,51,88
38,63,101
16,29,45
67,23,90
66,24,90
99,75,174
89,87,176
86,78,164
36,68,104
59,81,140
57,14,71
29,50,79
91,43,134
59,41,100
17,73,90
50,9,59
54,33,87
73,22,95
78,61,139
52,100,152
98,51,149
27,46,73
51,61,112
38,61,99
52,29,81
92,82,174
83,64,147
80,9,89
61,19,80
55,41,96
53,90,143
65,17,82
97,56,153
25,94,119
56,36,92
79,59,138
95,30,125
38,96,134
17,35,52
89,13,102
49,74,123
56,35,91
57,21,78
49,56,105
82,41,123
86,96,182
35,28,63
95,43,138
99,7,106
22,95,117
36,92,128
9,76,85
70,46,116
89,61,150
57,44,101
26,75,101
78,28,106
24,40,64
78,92,170
10,38,48
38,99,137
52,14,66
14,94,108
68,80,148
38,84,122
66,66,132
49,28,77
90,22,112
67,94,161
59,53,112
20,37,57
9,10,19
78,49,127
24,58,82
56,81,137
70,74,144
100,81,181
48,7,55
75,72,147
68,98,166
95,48,143
46,65,111
14,26,40
33,39,72
37,72,109
24,14,38
70,61,131
44,42,86
74,80,154
64,82,146
30,45,75
26,52,78
85,17,102
69,59,128
51,10,61
22,30,52
13,12,25
48,11,59
48,70,118
19,43,62
80,65,145
38,88,126
79,60,139
90,56,146
9,42,51
13,45,58
98,24,122
86,70,156
92,17,109
58,83,141
60,22,82
53,29,82
96,26,122
41,93,134
75,42,117
92,44,136
81,35,116
9,66,75
30,85,115
33,40,73
29,25,54
88,40,128
90,55,145
46,77,123
43,15,58
65,81,146
83,14,97
30,20,50
64,56,120
52,53,105
77,50,127
46,87,133
51,29,80
21,93,114
44,63,107
9,16,25
100,24,124
71,24,95
61,63,124
39,97,136
33,74,107
31,49,80
33,77,110
30,42,72
90,95,185
30,74,104
42,78,120
45,29,74
72,7,79
72,17,89
43,73,116
93,82,175
38,13,51
60,45,105
76,27,103
57,100,157
69,74,143
90,35,125
68,92,160
18,44,62
86,79,165
57,56,113
24,18,42
100,80,180
90,89,179
15,65,80
79,54,133
52,57,109
92,72,164
98,81,179
7,22,29
76,7,83
52,93,145
76,44,120
15,44,59
65,84,149
59,62,121
83,49,132
10,71,81
71,83,154
14,24,38
48,86,134
26,50,76
59,33,92
44,16,60
91,57,148
10,82,92
27,80,107
99,30,129
7,74,81
49,34,83
31,50,81
15,14,29
72,39,111
85,35,120
12,18,30
83,83,166
44,53,97
34,7,41
78,7,85
36,72,108
91,91,182
16,95,111
42,50,92
12,77,89
96,76,172
73,93,166
61,59,120
33,13,46
64,13,77
67,92,159
81,98,179
93,55,148
25,73,98
51,16,67
88,91,179
59,45,104
68,9,77
60,93,153
90,69,159
54,17,71
39,48,87
44,75,119
50,17,67
73,30,103
36,35,71
80,53,133
34,38,72
76,93,169
83,100,183
73,43,116
24,25,49
9,14,23
12,81,93
31,83,114
16,61,77
71,56,127
87,81,168
48,23,71
46,17,63
84,34,118
52,57,109
60,86,146
48,79,127
75,64,139
61,57,118
36,13,49
36,8,44
51,78,129
91,86,177
41,66,107
56,8,64
91,17,108
47,98,145
35,15,50
35,24,59
79,75,154
91,17,108
38,85,123
66,34,100
88,76,164
70,98,168
39,16,55
41,55,96
91,86,177
20,89,109
55,33,88
43,63,106
82,75,157
17,50,67
42,22,64
95,36,131
9,59,68
83,56,139
92,95,187
50,33,83
33,36,69
74,51,125
83,79,162
71,96,167
53,58,111
42,10,52
63,74,137
83,87,170
38,50,88
61,28,89
13,56,69
49,82,131
92,84,176
36,34,70
50,29,79
45,53,98
62,9,71
10,55,65
98,51,149
11,64,75
97,21,118
18,22,40
37,9,46
97,86,183
36,88,124
52,92,144
97,15,112
10,66,76
93,71,164
87,90,177
27,50,77
41,76,117
78,86,164
67,19,86
62,81,143
12,59,71
74,44,118
62,79,141
79,45,124
53,13,66
79,48,127
54,12,66
17,50,67
85,87,172
24,74,98
16,82,98
31,73,104
93,19,112
15,66,81
12,34,46
74,77,151
80,32,112
91,77,168
60,20,80
12,87,99
74,37,111
83,69,152
62,88,150
76,99,175
63,26,89
17,72,89
77,58,135
86,9,95
52,71,123
36,93,129
82,58,140
29,95,124
92,44,136
20,83,103
73,44,117
47,82,129
53,11,64
94,28,122
57,45,102
14,16,30
72,23,95
97,77,174
14,34,48
45,76,121
37,50,87
87,86,173
53,13,66
10,18,28
16,9,25
21,95,116
65,9,74
38,54,92
8,24,32
85,65,150
7,90,97
69,50,119
68,46,114
19,95,114
51,92,143
22,68,90
19,32,51
100,56,156
36,26,62
84,66,150
37,46,83
72,36,108
46,87,133
69,100,169
91,48,139
49,48,97
21,26,47
89,22,111
59,47,106
68,57,125
14,28,42
100,82,182
79,78,157
8,64,72
95,75,170
20,51,71
45,51,96
13,42,55
11,56,67
68,78,146
51,48,99
12,57,69
74,61,135
87,24,111
61,85,146
73,98,171
73,17,90
89,42,131
62,63,125
41,67,108
81,75,156
79,26,105
54,65,119
80,36,116
24,68,92
88,84,172
97,46,143
24,25,49
42,80,122
80,67,147
19,34,53
7,47,54
79,84,163
10,12,22
37,16,53
14,98,112
90,50,140
61,33,94
99,27,126
22,61,83
8,54,62
76,96,172
58,95,153
28,68,96
29,35,64
12,22,34
79,8,87
20,50,70
73,48,121
50,97,147
12,71,83
43,47,90
79,73,152
46,18,64
53,39,92
82,42,124
94,13,107
57,74,131
13,81,94
39,34,73
32,29,61
34,41,75
89,22,111
7,40,47
90,12,102
18,70,88
38,30,68
48,22,70
79,28,107
33,42,75
100,68,168
13,40,53
32,70,102
81,83,164
93,48,141
68,69,137
37,32,69
51,22,73
37,58,95
28,41,69
93,49,142
71,42,113
13,100,113
79,79,158
26,53,79
70,20,90
37,75,112
35,86,121
48,14,62
21,17,38
95,31,126
15,32,47
71,41,112
47,97,144
88,80,168
67,37,104
97,37,134
13,71,84
14,38,52
76,54,130
70,13,83
84,35,119
28,69,97
42,68,110
50,52,102
87,8,95
70,13,83
31,50,81
79,24,103
47,30,77
80,80,160
29,76,105
29,12,41
86,57,143
79,96,175
71,63,134
61,78,139
70,62,132
56,17,73
62,11,73
90,80,170
45,88,133
97,23,120
62,12,74
72,58,130
74,59,133
14,93,107
93,55,148
17,18,35
75,79,154
93,96,189
42,19,61
74,23,97
48,79,127
34,57,91
57,22,79
29,66,95
49,69,118
41,42,83
24,61,85
72,100,172
64,20,84
10,24,34
32,47,79
85,58,143
34,24,58
39,78,117
37,10,47
59,50,109
21,60,81
42,73,115
37,83,120
40,26,66
13,7,20
92,11,103
88,71,159
58,24,82
72,72,144
82,29,111
41,8,49
39,64,103
16,39,55
89,91,180
80,95,175
61,7,68
40,22,62
38,69,107
53,72,125
58,77,135
36,12,48
24,77,101
27,60,87
28,51,79
53,52,105
54,47,101
65,69,134
47,24,71
78,68,146
57,29,86
69,33,102
51,79,130
75,66,141
87,14,101
27,15,42
57,96,153
10,65,75
40,20,60
37,57,94
42,93,135
90,53,143
38,15,53
91,30,121
10,11,21
60,41,101
14,79,93
37,62,99
80,69,149
51,57,108
57,8,65
22,19,41
97,53,150
44,38,82
87,64,151
94,88,182
29,23,52
8,98,106
91,20,111
96,93,189
33,95,128
54,37,91
32,75,107
37,46,83
23,87,110
39,69,108
57,78,135
47,34,81
88,14,102
24,28,52
26,8,34
19,46,65
74,92,166
68,92,160
38,42,80
77,85,162
8,9,17
18,54,72
68,95,163
55,85,140
49,82,131
77,85,162
97,39,136
63,29,92
77,45,122
35,18,53
10,78,88
78,23,101
67,16,83
43,66,109
60,71,131
93,50,143
59,14,73
65,46,111
24,24,48
69,27,96
46,60,106
22,45,67
45,90,135
12,48,60
24,77,101
15,87,102
35,51,86
11,73,84
13,36,49
60,79,139
28,28,56
36,94,130
93,35,128
53,60,113
51,83,134
75,20,95
87,95,182
29,95,124
29,69,98
65,69,134
34,32,66
65,99,164
28,63,91
89,13,102
32,47,79
50,46,96
23,50,73
46,55,101
81,18,99
40,73,113
71,9,80
28,50,78
11,66,77
55,35,90
94,20,114
56,51,107
23,100,123
86,37,123
16,43,59
46,73,119
87,23,110
87,60,147
26,73,99
98,65,163
74,72,146
85,80,165
53,31,84
46,61,107
71,15,86
96,49,145
86,43,129
88,97,185
85,7,92
47,87,134
39,15,54
11,44,55
71,78,149
26,47,73
24,38,62
67,24,91
93,8,101
49,35,84
47,41,88
54,24,78
25,90,115
96,17,113
11,22,33
17,33,50
39,39,78
80,59,139
98,52,150
15,69,84
22,31,53
19,19,38
88,13,101
30,73,103
86,64,150
38,97,135
86,56,142
41,90,131
94,77,171
20,95,115
62,77,139
95,16,111
55,74,129
86,37,123
21,99,120
23,77,100
23,42,65
78,44,122
41,71,112
67,72,139
46,46,92
45,69,114
95,32,127
14,67,81
75,46,121
29,36,65
7,10,17
16,78,94
17,71,88
67,14,81
61,95,156
76,65,141
17,85,102
96,37,133
11,53,64
63,70,133
10,49,59
48,94,142
74,23,97
34,85,119
96,24,120
82,95,177
53,29,82
25,22,47
80,72,152
60,13,73
48,72,120
57,72,129
52,61,113
10,89,99
14,94,108
42,13,55
37,40,77
35,69,104
74,33,107
68,72,140
55,66,121
40,75,115
70,20,90
8,62,70
75,97,172
59,25,84
23,81,104
29,36,65
27,18,45
57,36,93
65,82,147
85,42,127
31,96,127
61,79,140
95,31,126
88,44,132
61,90,151
55,14,69
51,63,114
56,21,77
69,45,114
10,10,20
69,38,107
77,38,115
78,46,124
60,38,98
38,22,60
29,21,50
53,66,119
94,52,146
29,53,82
11,53,64
41,23,64
33,28,61
64,40,104
87,11,98
70,22,92
32,13,45
20,20,40
89,32,121
24,99,123
41,50,91
24,11,35
40,55,95
25,85,110
71,83,154
48,71,119
58,82,140
62,13,75
49,67,116
55,80,135
53,80,133
52,78,130
39,69,108
87,81,168
12,80,92
64,69,133
23,85,108
92,15,107
31,42,73
90,36,126
81,74,155
52,46,98
81,81,162
94,94,188
73,54,127
48,53,101
31,80,111
39,85,124
59,7,66
48,88,136
49,18,67
77,16,93
59,24,83
28,39,67
86,58,144
78,59,137
16,62,78
46,54,100
55,100,155
13,11,24
37,7,44
60,88,148
10,88,98
17,33,50
79,35,114
94,57,151
15,60,75
26,18,44
24,71,95
62,60,122
67,41,108
19,82,101
95,73,168
24,8,32
75,61,136
19,76,95
84,34,118
95,49,144
93,75,168
11,78,89
95,44,139
28,98,126
54,72,126
33,46,79
7,98,105
93,31,124
55,100,155
19,100,119
35,85,120
87,48,135
54,95,149
30,42,72
73,96,169
17,23,40
37,58,95
77,52,129
35,36,71
34,96,130
79,16,95
45,22,67
61,56,117
71,46,117
43,96,139
59,82,141
51,46,97
95,66,161
71,91,162
90,27,117
21,49,70
76,39,115
96,66,162
41,60,101
16,90,106
41,52,93
98,38,136
52,60,112
44,35,79
45,45,90
44,53,97
41,17,58
35,50,85
35,43,78
22,40,62
15,29,44
22,7,29
27,59,86
26,91,117
41,88,129
56,56,112
95,100,195
72,76,148
10,92,102
19,99,118
43,72,115
41,62,103
35,80,115
64,47,111
26,99,125
77,89,166
34,8,42
11,37,48
50,81,131
84,69,153
69,77,146
70,55,125
23,27,50
36,69,105
37,55,92
23,50,73
72,29,101
81,94,175
88,8,96
80,92,172
23,41,64
11,94,105
9,75,84
81,40,121
82,28,110
71,83,154
9,93,102
99,70,169
43,79,122
87,29,116
8,57,65
50,36,86
65,56,121
65,61,126
15,78,93
55,93,148
88,37,125
29,55,84
91,18,109
62,13,75
26,13,39
42,81,123
34,73,107
45,63,108
35,92,127
37,48,85
29,17,46
15,29,44
53,69,122
39,44,83
76,25,101
36,92,128
35,38,73
33,61,94
43,95,138
60,57,117
7,68,75
59,46,105
8,40,48
58,80,138
47,18,65
96,50,146
13,7,20
42,30,72
81,34,115
84,42,126
97,57,154
20,14,34
15,37,52
41,47,88
90,92,182
96,97,193
95,10,105
70,50,120
84,94,178
67,85,152
94,79,173
56,54,110
69,86,155
89,67,156
75,38,113
33,18,51
72,68,140
26,52,78
100,70,170
70,66,136
55,53,108
54,61,115
44,12,56
74,17,91
10,97,107
31,67,98
79,79,158
66,92,158
48,7,55
69,70,139
84,13,97
61,89,150
28,61,89
30,24,54
76,95,171
39,27,66
64,58,122
31,62,93
41,41,82
41,41,82
89,92,181
49,51,100
95,64,159
29,58,87
65,76,141
33,86,119
65,10,75
87,67,154
53,56,109
89,70,159
51,36,87
62,18,80
57,98,155
75,88,163
78,55,133
67,40,107
38,16,54
32,16,48
94,59,153
46,79,125
84,68,152
99,55,154
47,98,145
85,91,176
57,55,112
45,43,88
29,68,97
54,33,87
71,16,87
79,83,162
13,85,98
91,63,154
83,24,107
59,12,71
22,63,85
33,91,124
88,72,160
23,9,32
84,99,183
13,29,42
34,32,66
23,18,41
16,50,66
62,49,111
37,94,131
43,79,122
16,83,99
21,41,62
85,78,163
45,14,59
74,57,131
65,92,157
62,54,116
28,50,78
27,8,35
89,12,101
90,90,180
95,41,136
72,79,151
12,80,92
96,43,139
98,82,180
24,9,33
48,55,103
60,97,157
10,96,106
43,25,68
76,83,159
12,33,45
28,69,97
39,67,106
36,33,69
38,89,127
72,20,92
67,38,105
23,75,98
27,19,46
27,73,100
86,47,133
36,27,63
86,76,162
59,95,154
92,88,180
10,9,19
40,77,117
92,84,176
56,53,109
60,94,154
43,75,118
41,9,50
100,85,185
73,91,164
93,77,170
39,56,95
74,98,172
59,79,138
58,69,127
18,15,33
87,19,106
66,11,77
53,86,139
72,89,161
28,73,101
36,36,72
10,97,107
88,28,116
35,64,99
33,35,68
52,54,106
90,49,139
71,10,81
90,73,163
97,9,106
7,19,26
15,37,52
67,69,136
66,67,133
16,68,84
19,81,100
77,84,161
48,60,108
12,47,59
96,14,110
42,13,55
46,13,59
37,66,103
79,31,110
60,59,119
22,20,42
31,28,59
42,42,84
98,90,188
56,30,86
79,86,165
92,69,161
9,29,38
9,17,26
94,78,172
16,65,81
59,16,75
70,78,148
46,30,76
24,32,56
87,72,159
90,57,147
8,82,90
88,51,139
48,44,92
89,62,151
28,60,88
79,74,153
15,61,76
49,35,84
65,14,79
92,73,165
39,86,125
81,9,90
92,71,163
9,98,107
66,98,164
84,20,104
16,86,102
30,8,38
98,61,159
73,18,91
27,76,103
12,39,51
89,88,177
80,86,166
71,32,103
61,56,117
63,46,109
74,73,147
80,55,135
91,28,119
62,82,144
37,72,109
58,59,117
62,54,116
64,44,108
35,70,105
22,51,73
90,85,175
54,78,132
66,39,105
72,14,86
73,58,131
21,24,45
84,10,94
59,23,82
97,39,136
88,41,129
57,59,116
59,11,70
76,60,136
34,9,43
85,10,95
90,97,187
75,31,106
97,39,136
34,71,105
64,97,161
74,87,161
40,79,119
7,60,67
8,10,18
37,34,71
68,99,167
71,84,155
93,56,149
75,25,100
66,57,123
61,8,69
84,43,127
54,31,85
86,95,181
32,85,117
86,99,185
11,49,60
36,91,127
40,7,47
87,45,132
15,31,46
22,73,95
15,10,25
39,97,136
75,31,106
68,17,85
36,68,104
54,16,70
37,25,62
82,74,156
45,31,76
11,85,96
26,83,109
90,90,180
100,19,119
87,93,180
65,38,103
89,43,132
78,16,94
60,25,85
86,40,126
20,10,30
62,64,126
30,48,78
50,36,86
59,93,152
7,64,71
60,7,67
42,52,94
19,42,61
37,39,76
84,14,98
58,99,157
62,80,142
66,19,85
10,31,41
68,25,93
92,22,114
80,17,97
95,10,105
76,59,135
46,15,61
83,28,111
64,58,122
38,19,57
88,20,108
88,75,163
70,60,130
20,34,54
68,62,130
12,16,28
62,89,151
52,80,132
27,73,100
61,58,119
99,45,144
70,75,145
28,72,100
22,64,86
49,25,74
32,99,131
18,37,55
96,87,183
63,70,133
71,27,98
21,65,86
18,79,97
78,40,118
9,58,67
65,84,149
73,65,138
39,15,54
86,75,161
12,87,99
12,79,91
81,58,139
50,60,110
62,54,116
40,12,52
85,24,109
46,19,65
68,98,166
14,90,104
78,35,113
85,7,92
56,14,70
100,20,120
65,90,155
26,64,90
58,14,72
51,38,89
53,100,153
15,49,64
94,45,139
83,29,112
94,68,162
38,73,111
40,16,56
91,19,110
12,24,36
72,52,124
40,66,106
58,30,88
64,91,155
80,85,165
27,41,68
69,39,108
91,81,172
83,18,101
27,34,61
11,50,61
15,30,45
10,71,81
47,58,105
8,76,84
89,51,140
84,75,159
81,23,104
47,77,124
61,27,88
69,55,124
45,21,66
30,50,80
35,55,90
21,91,112
62,27,89
88,59,147
86,74,160
50,62,112
10,98,108
55,77,132
59,94,153
57,95,152
97,76,173
66,90,156
28,57,85
11,51,62
73,85,158
15,32,47
71,51,122
56,51,107
68,84,152
13,50,63
42,27,69
99,41,140
42,31,73
76,94,170
14,36,50
94,20,114
30,96,126
23,70,93
70,62,132
30,76,106
82,50,132
34,34,68
20,16,36
71,61,132
81,40,121
29,54,83
64,52,116
61,57,118
17,64,81
86,29,115
96,89,185
76,23,99
77,92,169
36,95,131
82,65,147
20,30,50
67,50,117
26,88,114
53,88,141
74,78,152
74,14,88
48,30,78
80,57,137
60,25,85
44,38,82
8,72,80
82,8,90
74,46,120
66,75,141
21,37,58
97,42,139
35,21,56
15,43,58
36,60,96
97,57,154
23,46,69
36,86,122
7,56,63
76,27,103
41,45,86
51,69,120
24,29,53
88,70,158
42,93,135
43,86,129
58,87,145
82,73,155
67,83,150
66,81,147
62,90,152
8,36,44
12,73,85
80,75,155
25,94,119
24,43,67
18,35,53
8,40,48
87,32,119
16,94,110
38,54,92
38,66,104
65,94,159
68,99,167
79,55,134
38,30,68
64,38,102
57,98,155
54,91,145
95,13,108
78,60,138
38,55,93
17,7,24
36,35,71
22,14,36
14,73,87
68,21,89
20,78,98
27,79,106
66,47,113
60,97,157
8,86,94
12,70,82
87,94,181
94,25,119
56,71,127
10,66,76
39,52,91
51,21,72
74,68,142
75,34,109
95,66,161
18,82,100
94,44,138
25,70,95
22,72,94
49,29,78
36,62,98
94,26,120
48,70,118
73,70,143
81,27,108
7,57,64
86,60,146
99,91,190
38,39,77
92,32,124
32,30,62
21,44,65
31,30,61
60,96,156
21,73,94
94,63,157
37,22,59
99,27,126
48,79,127
7,13,20
13,28,41
80,69,149
97,72,169
46,86,132
72,42,114
69,22,91
12,54,66
67,98,165
61,98,159
65,63,128
67,15,82
17,72,89
7,13,20
56,8,64
20,99,119
47,88,135
55,83,138
13,54,67
47,88,135
98,71,169
91,20,111
63,93,156
70,100,170
13,9,22
80,62,142
32,66,98
25,63,88
26,90,116
30,47,77
30,7,37
50,68,118
93,47,140
98,25,123
38,80,118
59,20,79
56,79,135
27,69,96
17,64,81
77,88,165
75,41,116
48,80,128
54,96,150
8,77,85
36,52,88
32,73,105
14,23,37
34,58,92
69,92,161
62,38,100
7,91,98
30,93,123
31,22,53
65,45,110
18,70,88
39,44,83
24,66,90
49,60,109
33,41,74
35,84,119
32,77,109
90,60,150
55,49,104
68,51,119
75,28,103
44,30,74
20,40,60
10,21,31
21,57,78
26,65,91
66,55,121
11,85,96
11,64,75
99,40,139
70,85,155
29,37,66
54,66,120
93,79,172
67,20,87
88,94,182
56,25,81
99,90,189
98,62,160
99,46,145
46,88,134
56,92,148
36,86,122
8,81,89
10,50,60
71,43,114
38,35,73
37,98,135
59,95,154
23,68,91
63,67,130
13,37,50
87,60,147
43,57,100
92,59,151
75,69,144
10,100,110
69,38,107
31,8,39
96,66,162
97,24,121
82,12,94
72,95,167
34,78,112
69,65,134
39,18,57
43,61,104
97,63,160
40,63,103
28,100,128
80,41,121
84,8,92
60,71,131
23,73,96
61,52,113
81,74,155
8,77,85
83,30,113
53,60,113
93,78,171
17,14,31
100,59,159
13,33,46
52,92,144
60,44,104
68,73,141
26,50,76
36,53,89
25,71,96
36,24,60
66,74,140
52,77,129
57,42,99
52,23,75
69,34,103
15,88,103
89,33,122
98,48,146
35,57,92
47,20,67
17,80,97
84,11,95
8,58,66
42,64,106
8,24,32
23,63,86
28,89,117
89,29,118
85,63,148
70,26,96
8,69,77
24,99,123
49,92,141
12,77,89
98,33,131
36,54,90
7,78,85
81,81,162
77,69,146
43,53,96
52,63,115
99,90,189
85,66,151
55,51,106
40,67,107
18,13,31
13,99,112
46,63,109
65,7,72
15,68,83
57,25,82
79,41,120
47,72,119
27,77,104
14,42,56
50,12,62
56,51,107
67,58,125
100,8,108
63,59,122
12,44,56
19,82,101
88,7,95
48,8,56
89,29,118
44,42,86
93,41,134
90,61,151
92,81,173
26,97,123
52,46,98
47,23,70
49,86,135
54,96,150
26,47,73
68,28,96
14,36,50
77,91,168
14,90,104
8,85,93
41,9,50
66,56,122
83,18,101
68,68,136
36,63,99
80,99,179
77,85,162
96,27,123
77,42,119
96,16,112
8,64,72
58,23,81
13,58,71
96,71,167
17,31,48
43,68,111
89,56,145
61,44,105
20,16,36
81,49,130
60,9,69
36,41,77
42,24,66
36,71,107
8,22,30
34,31,65
66,65,131
24,93,117
39,78,117
49,60,109
70,74,144
35,97,132
19,64,83
26,13,39
24,9,33
55,48,103
93,65,158
47,85,132
73,52,125
56,26,82
28,93,121
89,9,98
29,26,55
42,15,57
37,16,53
67,42,109
21,98,119
11,77,88
32,97,129
53,19,72
50,95,145
69,97,166
49,22,71
83,96,179
55,100,155
30,37,67
94,55,149
56,34,90
61,82,143
12,81,93
73,48,121
68,48,116
68,86,154
23,34,57
79,38,117
55,53,108
38,63,101
49,52,101
95,59,154
54,19,73
92,59,151
81,57,138
19,41,60
46,20,66
22,78,100
79,79,158
66,18,84
35,51,86
100,85,185
29,21,50
12,17,29
98,96,194
67,64,131
41,45,86
45,38,83
76,18,94
13,7,20
82,39,121
82,75,157
10,7,17
16,14,30
20,46,66
83,83,166
11,34,45
62,78,140
95,59,154
39,40,79
56,81,137
30,56,86
61,15,76
77,78,155
29,82,111
40,65,105
23,80,103
91,78,169
19,7,26
35,58,93
29,21,50
38,28,66
62,69,131
93,53,146
92,17,109
48,44,92
58,43,101
97,49,146
16,80,96
8,72,80
68,92,160
37,47,84
83,52,135
64,55,119
86,48,134
42,74,116
9,82,91
39,82,121
89,86,175
16,100,116
53,53,106
83,53,136
67,28,95
36,83,119
86,74,160
27,89,116
57,95,152
59,42,101
20,14,34
63,53,116
23,76,99
80,94,174
78,78,156
67,84,151
37,36,73
27,21,48
65,44,109
42,26,68
50,41,91
40,27,67
21,83,104
28,53,81
60,27,87
21,18,39
32,25,57
83,50,133
86,84,170
70,70,140
77,39,116
37,79,116
21,100,121
73,21,94
14,24,38
34,30,64
15,22,37
12,32,44
9,55,64
54,28,82
35,8,43
54,52,106
96,57,153
12,11,23
67,39,106
66,39,105
86,59,145
55,69,124
39,71,110
70,64,134
64,24,88
64,44,108
38,44,82
47,12,59
7,56,63
39,54,93
46,21,67
30,53,83
93,69,162
54,89,143
59,68,127
22,80,102
62,77,139
53,18,71
57,69,126
82,52,134
9,85,94
45,54,99
50,37,87
18,15,33
79,44,123
83,66,149
98,33,131
22,14,36
72,42,114
91,58,149
12,25,37
46,64,110
51,87,138
69,93,162
93,76,169
7,64,71
99,99,198
29,53,82
27,41,68
79,36,115
15,72,87
96,22,118
30,93,123
25,95,120
38,92,130
59,81,140
83,72,155
42,74,116
93,75,168
13,16,29
23,35,58
76,46,122
30,80,110
26,94,120
98,93,191
42,68,110
61,67,128
15,44,59
82,86,168
68,68,136
55,59,114
33,61,94
35,74,109
91,18,109
90,77,167
34,89,123
64,59,123
29,40,69
60,14,74
60,66,126
17,68,85
99,18,117
92,81,173
21,42,63
22,83,105
95,31,126
69,47,116
67,80,147
31,20,51
54,60,114
23,31,54
12,65,77
59,30,89
18,86,104
19,45,64
15,12,27
9,60,69
66,24,90
43,70,113
75,30,105
79,89,168
91,45,136
49,86,135
10,97,107
50,35,85
10,30,40
76,95,171
20,47,67
46,7,53
52,18,70
10,31,41
82,18,100
37,50,87
13,35,48
83,30,113
27,82,109
67,71,138
56,24,80
8,56,64
34,19,53
36,18,54
31,42,73
69,20,89
16,7,23
19,99,118
57,44,101
19,31,50
35,31,66
29,55,84
53,14,67
8,56,64
13,62,75
51,23,74
58,15,73
93,59,152
23,87,110
94,61,155
61,53,114
73,7,80
37,60,97
52,58,110
26,93,119
25,52,77
18,49,67
100,83,183
90,79,169
68,42,110
94,58,152
68,83,151
97,100,197
53,42,95
55,8,63
52,60,112
72,97,169
66,25,91
34,43,77
68,21,89
63,50,113
64,47,111
93,62,155
62,82,144
14,61,75
17,89,106
49,48,97
25,63,88
10,29,39
7,65,72
46,91,137
71,22,93
85,64,149
42,92,134
15,59,74
73,82,155
66,69,135
98,73,171
25,58,83
40,58,98
64,26,90
33,94,127
73,33,106
90,52,142
94,85,179
13,15,28
28,81,109
34,41,75
59,45,104
39,7,46
58,22,80
49,10,59
48,30,78
14,55,69
38,34,72
57,69,126
27,96,123
54,9,63
48,29,77
87,39,126
27,45,72
43,75,118
87,62,149
19,97,116
50,91,141
10,46,56
24,73,97
68,82,150
87,55,142
37,80,117
41,29,70
71,37,108
24,24,48
17,31,48
100,15,115
8,67,75
81,71,152
70,45,115
62,74,136
74,71,145
36,18,54
78,82,160
94,59,153
97,65,162
77,38,115
67,9,76
98,65,163
59,66,125
55,67,122
44,33,77
59,20,79
68,41,109
74,49,123
58,44,102
25,84,109
91,87,178
51,11,62
18,63,81
9,31,40
18,92,110
53,42,95
87,32,119
97,66,163
46,71,117
16,79,95
28,51,79
100,31,131
69,8,77
8,79,87
64,29,93
28,20,48
96,71,167
81,61,142
31,67,98
28,93,121
41,97,138
30,36,66
83,72,155
49,72,121
73,46,119
14,21,35
43,21,64
48,12,60
81,40,121
91,70,161
12,34,46
94,60,154
32,19,51
66,36,102
12,48,60
94,77,171
78,34,112
46,37,83
26,69,95
13,68,81
75,43,118
76,30,106
52,89,141
92,99,191
56,87,143
73,61,134
57,99,156
14,53,67
85,87,172
48,10,58
29,90,119
62,55,117
63,67,130
78,35,113
56,44,100
93,87,180
73,56,129
25,31,56
33,87,120
31,42,73
94,83,177
64,24,88
87,9,96
17,96,113
33,87,120
29,69,98
12,72,84
36,54,90
91,43,134
31,75,106
27,74,101
76,13,89
53,69,122
58,33,91
45,49,94
38,12,50
27,26,53
23,84,107
67,46,113
23,20,43
43,20,63
79,17,96
13,36,49
54,49,103
68,98,166
66,92,158
100,17,117
35,77,112
53,23,76
37,81,118
14,57,71
34,17,51
23,35,58
47,44,91
23,76,99
91,51,142
54,78,132
69,7,76
38,96,134
54,37,91
74,72,146
33,80,113
24,65,89
69,14,83
84,30,114
17,65,82
78,66,144
27,10,37
65,75,140
64,10,74
91,24,115
21,89,110
33,49,82
99,12,111
24,93,117
58,45,103
98,34,132
64,30,94
90,49,139
72,76,148
52,57,109
10,74,84
17,23,40
49,86,135
81,14,95
10,61,71
31,16,47
64,96,160
73,96,169
12,47,59
65,13,78
45,86,131
78,77,155
15,50,65
50,68,118
12,31,43
24,84,108
19,13,32
61,26,87
9,43,52
93,40,133
36,97,133
33,88,121
32,97,129
11,90,101
84,78,162
98,93,191
69,32,101
34,89,123
66,96,162
21,70,91
76,25,101
94,23,117
83,38,121
23,74,97
59,89,148
25,7,32
35,99,134
11,31,42
73,44,117
10,14,24
74,49,123
39,73,112
60,41,101
77,41,118
87,63,150
63,63,126
31,54,85
8,52,60
97,22,119
9,76,85
67,86,153
64,61,125
53,47,100
56,78,134
10,41,51
78,20,98
85,96,181
100,46,146
18,12,30
22,79,101
13,42,55
39,66,105
84,12,96
65,89,154
15,49,64
63,12,75
37,16,53
40,88,128
71,91,162
61,59,120
43,69,112
36,96,132
35,14,49
13,14,27
33,78,111
74,92,166
59,31,90
42,42,84
38,31,69
56,31,87
70,13,83
15,28,43
54,92,146
13,9,22
9,47,56
33,87,120
74,35,109
18,100,118
100,85,185
31,26,57
33,12,45
16,80,96
34,44,78
43,91,134
87,32,119
34,86,120
65,35,100
28,60,88
60,8,68
96,49,145
89,60,149
66,63,129
19,41,60
19,31,50
62,85,147
63,37,100
19,50,69
71,91,162
55,62,117
9,51,60
79,21,100
64,69,133
21,85,106
72,41,113
93,15,108
19,76,95
15,48,63
81,24,105
89,85,174
18,34,52
60,67,127
89,72,161
48,69,117
84,93,177
91,28,119
70,60,130
97,33,130
18,11,29
82,44,126
68,61,129
30,32,62
84,61,145
97,9,106
96,70,166
71,81,152
9,81,90
54,64,118
81,33,114
23,38,61
16,83,99
94,87,181
44,72,116
47,42,89
18,98,116
93,55,148
30,100,130
81,60,141
36,72,108
50,44,94
76,26,102
29,72,101
89,21,110
77,30,107
71,63,134
77,34,111
92,97,189
30,80,110
79,71,150
27,51,78
99,39,138
100,52,152
26,79,105
80,30,110
29,21,50
72,64,136
46,93,139
48,61,109
27,44,71
31,86,117
96,96,192
72,9,81
11,86,97
40,84,124
99,28,127
26,33,59
22,15,37
88,15,103
32,100,132
34,27,61
31,68,99
23,85,108
72,53,125
99,69,168
48,68,116
68,88,156
22,32,54
15,23,38
61,67,128
64,50,114
54,41,95
74,35,109
100,84,184
54,34,88
49,34,83
73,94,167
49,29,78
49,97,146
47,48,95
27,26,53
37,14,51
73,57,130
49,80,129
8,57,65
83,31,114
66,61,127
46,39,85
70,11,81
82,82,164
80,39,119
61,12,73
34,22,56
50,50,100
45,45,90
34,62,96
20,70,90
69,59,128
77,92,169
64,97,161
94,25,119
51,75,126
44,97,141
68,7,75
7,82,89
17,98,115
57,59,116
44,71,115
43,36,79
100,22,122
68,16,84
9,64,73
44,99,143
52,46,98
89,72,161
99,32,131
69,71,140
61,11,72
37,22,59
95,19,114
71,37,108
73,63,136
87,36,123
20,17,37
90,50,140
85,99,184
58,87,145
11,58,69
95,30,125
74,51,125
37,90,127
66,23,89
78,79,157
57,74,131
99,74,173
13,46,59
28,100,128
63,58,121
48,59,107
82,94,176
82,21,103
25,58,83
13,68,81
84,52,136
84,51,135
7,95,102
49,81,130
84,85,169
92,96,188
95,46,141
16,20,36
92,12,104
50,65,115
74,23,97
21,50,71
77,89,166
38,26,64
17,7,24
13,59,72
14,60,74
21,41,62
26,86,112
89,48,137
33,96,129
99,46,145
45,22,67
60,77,137
50,52,102
45,39,84
98,60,158
27,11,38
53,17,70
14,13,27
81,30,111
13,35,48
71,31,102
48,37,85
12,100,112
72,10,82
30,63,93
41,38,79
23,9,32
53,55,108
95,27,122
34,32,66
36,34,70
81,92,173
88,37,125
71,16,87
27,61,88
49,79,128
8,18,26
62,73,135
12,52,64
7,91,98
33,23,56
79,86,165
49,69,118
82,71,153
85,83,168
33,21,54
95,71,166
84,8,92
70,77,147
50,90,140
51,94,145
43,17,60
73,94,167
38,11,49
20,37,57
42,68,110
9,15,24
95,88,183
48,73,121
98,47,145
70,86,156
63,59,122
52,54,106
12,24,36
63,73,136
40,71,111
46,49,95
89,52,141
95,56,151
67,17,84
55,73,128
40,18,58
72,33,105
58,38,96
38,40,78
24,30,54
62,45,107
40,99,139
42,72,114
40,66,106
57,50,107
47,17,64
100,87,187
38,71,109
36,36,72
18,98,116
64,13,77
83,98,181
35,19,54
22,94,116
73,33,106
77,84,161
16,39,55
14,45,59
85,90,175
42,33,75
27,18,45
83,9,92
19,26,45
92,92,184
54,82,136
14,37,51
55,12,67
55,40,95
70,25,95
23,53,76
47,89,136
59,90,149
92,98,190
52,72,124
38,12,50
53,53,106
43,58,101
91,47,138
20,67,87
40,99,139
93,28,121
85,98,183
44,77,121
93,39,132
49,31,80
18,89,107
80,39,119
43,25,68
71,43,114
17,63,80
86,15,101
7,74,81
35,71,106
50,73,123
27,16,43
29,47,76
35,30,65
46,15,61
77,12,89
81,12,93
32,40,72
50,7,57
100,96,196
56,17,73
42,71,113
60,9,69
32,61,93
25,74,99
57,73,130
7,80,87
18,96,114
9,38,47
25,90,115
59,50,109
65,44,109
59,98,157
37,69,106
25,96,121
80,14,94
98,99,197
23,79,102
93,24,117
50,18,68
45,65,110
97,76,173
61,39,100
12,32,44
75,89,164
72,26,98
70,92,162
67,17,84
42,44,86
31,23,54
27,58,85
76,89,165
74,51,125
77,65,142
15,27,42
57,86,143
40,93,133
22,65,87
99,87,186
44,88,132
63,31,94
39,42,81
88,19,107
31,65,96
91,38,129
33,51,84
39,35,74
72,95,167
23,70,93
24,55,79
65,34,99
83,48,131
94,56,150
70,59,129
93,36,129
13,38,51
96,19,115
92,53,145
22,50,72
32,24,56
54,68,122
41,20,61
53,60,113
27,56,83
43,66,109
91,78,169
10,75,85
77,67,144
22,80,102
92,71,163
97,65,162
100,50,150
58,22,80
60,11,71
24,70,94
77,47,124
60,43,103
63,48,111
31,25,56
65,46,111
57,40,97
40,41,81
9,88,97
52,63,115
34,83,117
75,84,159
24,66,90
73,80,153
18,93,111
66,78,144
27,77,104
22,44,66
70,26,96
92,38,130
12,82,94
93,66,159
41,88,129
72,10,82
13,59,72
87,75,162
82,26,108
96,52,148
54,76,130
16,64,80
23,79,102
39,59,98
22,61,83
27,19,46
85,82,167
85,52,137
30,43,73
10,32,42
20,31,51
70,43,113
75,96,171
100,85,185
29,14,43
42,57,99
93,13,106
30,19,49
61,15,76
21,51,72
85,23,108
66,45,111
17,78,95
92,21,113
66,53,119
16,36,52
100,53,153
51,87,138
77,34,111
7,7,14
98,29,127
9,84,93
44,63,107
95,57,152
47,29,76
59,60,119
51,45,96
55,38,93
89,7,96
45,19,64
9,31,40
84,29,113
44,39,83
19,13,32
58,34,92
51,53,104
41,44,85
76,68,144
52,8,60
15,30,45
80,81,161
60,25,85
13,97,110
94,50,144
75,93,168
71,12,83
59,55,114
48,46,94
77,94,171
54,98,152
39,81,120
66,45,111
38,53,91
41,30,71
88,26,114
52,22,74
74,30,104
20,9,29
63,7,70
27,60,87
52,73,125
51,37,88
93,31,124
68,46,114
14,65,79
52,48,100
27,80,107
59,27,86
88,59,147
99,32,131
90,82,172
49,8,57
99,80,179
13,43,56
40,63,103
22,65,87
10,70,80
12,46,58
73,31,104
23,51,74
22,75,97
8,86,94
55,27,82
68,80,148
71,74,145
19,58,77
66,39,105
70,25,95
77,21,98
14,51,65
49,33,82
25,7,32
59,90,149
22,57,79
64,14,78
32,36,68
54,10,64
26,36,62
70,40,110
82,30,112
27,19,46
93,65,158
17,17,34
76,64,140
42,81,123
52,74,126
52,85,137
74,33,107
12,68,80
48,65,113
22,23,45
7,78,85
86,40,126
20,94,114
36,13,49
54,85,139
76,42,118
32,25,57
76,19,95
85,18,103
65,50,115
16,94,110
60,60,120
100,98,198
60,21,81
69,42,111
15,14,29
80,34,114
43,12,55
15,64,79
42,65,107
90,80,170
16,41,57
100,87,187
29,40,69
17,65,82
64,23,87
32,65,97
74,82,156
99,50,149
21,24,45
38,69,107
74,60,134
87,86,173
79,60,139
76,12,88
30,27,57
57,26,83
55,38,93
81,38,119
91,25,116
69,55,124
58,31,89
42,58,100
68,42,110
24,82,106
49,42,91
20,27,47
37,52,89
83,45,128
56,79,135
94,100,194
50,29,79
12,55,67
52,87,139
34,98,132
13,96,109
64,83,147
91,43,134
10,80,90
76,40,116
74,25,99
71,63,134
92,8,100
97,20,117
21,28,49
79,28,107
67,8,75
41,29,70
37,29,66
82,40,122
82,48,130
86,36,122
41,28,69
45,26,71
59,82,141
80,64,144
91,27,118
55,76,131
91,46,137
76,21,97
16,65,81
83,22,105
9,54,63
28,7,35
11,94,105
46,54,100
41,71,112
64,81,145
72,49,121
77,31,108
29,79,108
20,27,47
79,86,165
95,65,160
52,25,77
46,13,59
31,73,104
30,50,80
59,36,95
89,52,141
88,81,169
82,80,162
53,39,92
73,73,146
37,56,93
68,59,127
99,43,142
76,24,100
7,96,103
33,95,128
18,76,94
15,24,39
66,61,127
48,9,57
26,34,60
61,57,118
24,14,38
16,51,67
45,19,64
63,55,118
27,58,85
74,26,100
72,83,155
60,18,78
75,79,154
39,69,108
29,36,65
29,77,106
39,14,53
22,74,96
81,62,143
43,36,79
41,80,121
20,24,44
20,25,45
58,12,70
21,24,45
81,52,133
23,13,36
13,61,74
52,52,104
80,91,171
29,43,72
58,70,128
25,98,123
64,75,139
33,26,59
93,28,121
66,85,151
30,53,83
36,15,51
49,79,128
77,39,116
18,14,32
93,23,116
13,17,30
67,68,135
29,53,82
85,26,111
17,54,71
72,48,120
19,29,48
40,91,131
14,9,23
24,31,55
99,49,148
45,26,71
70,59,129
72,79,151
80,73,153
22,79,101
30,15,45
31,17,48
30,88,118
15,30,45
14,10,24
16,44,60
78,11,89
45,66,111
54,73,127
13,93,106
61,22,83
27,91,118
64,43,107
79,39,118
47,46,93
38,28,66
74,11,85
43,82,125
100,70,170
9,87,96
64,19,83
61,38,99
17,65,82
68,62,130
13,74,87
34,18,52
81,45,126
96,77,173
85,82,167
72,86,158
93,56,149
42,79,121
79,61,140
61,95,156
46,86,132
42,82,124
48,22,70
67,44,111
39,61,100
52,67,119
62,57,119
81,54,135
97,33,130
18,100,118
40,18,58
52,37,89
33,100,133
90,88,178
97,29,126
95,18,113
48,61,109
33,47,80
52,77,129
46,97,143
96,8,104
59,21,80
15,25,40
34,54,88
86,90,176
98,83,181
67,53,120
76,98,174
15,35,50
56,87,143
76,9,85
54,27,81
99,50,149
27,11,38
25,9,34
38,65,103
71,85,156
31,33,64
85,33,118
90,94,184
41,46,87
21,37,58
12,30,42
90,49,139
48,79,127
54,50,104
69,35,104
52,79,131
55,74,129
79,70,149
32,43,75
12,30,42
42,32,74
60,96,156
74,30,104
42,87,129
60,8,68
47,12,59
7,49,56
72,28,100
39,78,117
39,71,110
68,58,126
95,28,123
10,42,52
14,47,61
29,66,95
9,23,32
88,78,166
65,49,114
66,36,102
15,25,40
51,74,125
35,72,107
74,96,170
16,65,81
32,12,44
92,82,174
54,61,115
94,80,174
44,31,75
97,9,106
43,93,136
48,28,76
88,41,129
97,83,180
9,11,20
65,77,142
86,31,117
42,66,108
32,11,43
50,81,131
69,78,147
69,28,97
30,10,40
65,22,87
64,66,130
26,28,54
84,42,126
93,29,122
59,21,80
25,64,89
40,34,74
76,13,89
90,49,139
37,45,82
11,36,47
56,59,115
84,14,98
12,84,96
87,75,162
8,74,82
45,77,122
36,20,56
59,43,102
72,39,111
91,98,189
93,78,171
25,94,119
22,7,29
67,75,142
37,96,133
19,97,116
80,45,125
84,30,114
78,11,89
42,30,72
80,92,172
97,36,133
17,32,49
60,99,159
22,98,120
40,38,78
55,60,115
58,48,106
88,33,121
15,9,24
41,67,108
24,45,69
80,57,137
27,7,34
65,87,152
28,8,36
27,35,62
56,82,138
60,72,132
33,97,130
75,96,171
49,83,132
38,73,111
35,80,115
96,87,183
20,30,50
76,17,93
61,40,101
10,47,57
79,52,131
75,72,147
73,10,83
35,33,68
66,56,122
83,55,138
57,29,86
18,99,117
41,94,135
23,40,63
75,99,174
12,41,53
61,99,160
62,22,84
48,26,74
16,23,39
80,96,176
91,73,164
22,38,60
19,61,80
9,16,25
71,64,135
100,52,152
100,69,169
11,91,102
64,21,85
47,45,92
61,74,135
28,57,85
75,83,158
85,74,159
7,43,50
78,59,137
98,42,140
51,51,102
31,13,44
91,18,109
38,60,98
78,78,156
95,21,116
8,23,31
45,62,107
45,52,97
88,80,168
94,47,141
44,85,129
45,10,55
58,24,82
72,77,149
99,63,162
77,73,150
59,25,84
75,83,158
80,18,98
78,26,104
13,38,51
70,60,130
85,90,175
69,76,145
15,44,59
82,32,114
36,69,105
37,11,48
93,72,165
67,27,94
22,46,68
45,100,145
78,57,135
13,35,48
37,12,49
28,68,96
47,7,54
7,61,68
9,80,89
22,15,37
40,53,93
55,67,122
85,35,120
38,16,54
78,34,112
47,58,105
8,78,86
72,75,147
79,10,89
36,42,78
52,97,149
50,96,146
35,87,122
16,69,85
93,8,101
29,100,129
52,43,95
14,19,33
25,35,60
21,73,94
54,53,107
19,11,30
75,20,95
77,55,132
50,45,95
72,10,82
81,58,139
98,82,180
86,39,125
66,74,140
77,47,124
99,54,153
74,43,117
47,93,140
17,75,92
26,72,98
23,25,48
95,65,160
60,44,104
31,17,48
46,19,65
10,60,70
53,33,86
61,20,81
22,63,85
17,86,103
28,33,61
10,96,106
54,73,127
88,27,115
72,27,99
12,66,78
82,21,103
66,29,95
48,81,129
87,60,147
18,56,74
13,31,44
45,60,105
13,25,38
77,48,125
36,54,90
24,93,117
72,88,160
49,71,120
35,77,112
39,30,69
17,62,79
14,20,34
26,63,89
90,64,154
28,62,90
83,17,100
32,82,114
33,49,82
77,75,152
18,38,56
75,45,120
89,94,183
78,24,102
100,82,182
79,20,99
21,72,93
94,48,142
97,41,138
68,58,126
20,77,97
89,51,140
94,61,155
49,34,83
86,30,116
81,66,147
78,44,122
18,87,105
15,56,71
34,22,56
100,41,141
20,38,58
34,29,63
18,11,29
20,28,48
8,100,108
9,54,63
35,97,132
53,22,75
31,61,92
20,48,68
49,7,56
42,44,86
89,17,106
68,56,124
89,84,173
23,97,120
20,95,115
78,49,127
49,70,119
10,17,27
85,63,148
59,16,75
38,76,114
62,69,131
29,22,51
77,41,118
53,100,153
77,24,101
26,34,60
93,43,136
25,63,88
95,30,125
31,24,55
29,97,126
10,99,109
31,70,101
67,32,99
96,14,110
76,16,92
44,31,75
78,48,126
87,11,98
91,99,190
69,25,94
44,23,67
30,21,51
87,55,142
59,75,134
54,61,115
82,16,98
10,31,41
69,61,130
28,81,109
57,61,118
17,26,43
8,81,89
64,33,97
90,64,154
82,10,92
68,16,84
57,93,150
84,77,161
57,59,116
88,63,151
42,12,54
24,97,121
19,45,64
23,53,76
10,29,39
97,12,109
14,54,68
38,100,138
24,61,85
99,72,171
34,42,76
76,64,140
12,20,32
83,14,97
46,24,70
47,88,135
9,97,106
55,95,150
63,20,83
88,98,186
42,88,130
85,41,126
52,37,89
30,69,99
34,45,79
22,52,74
91,75,166
98,77,175
91,55,146
74,97,171
72,43,115
44,98,142
44,78,122
12,84,96
17,52,69
53,45,98
100,96,196
98,44,142
86,29,115
96,68,164
53,71,124
43,31,74
30,58,88
59,62,121
70,78,148
44,12,56
73,66,139
91,65,156
66,50,116
7,57,64
49,37,86
47,95,142
13,77,90
77,90,167
63,14,77
74,19,93
36,18,54
8,99,107
37,8,45
52,94,146
83,86,169
42,37,79
49,8,57
47,89,136
18,80,98
83,69,152
58,51,109
76,94,170
80,24,104
77,32,109
64,40,104
33,46,79
78,42,120
90,47,137
37,21,58
39,13,52
27,17,44
82,66,148
58,16,74
10,49,59
47,32,79
59,13,72
71,8,79
48,98,146
10,70,80
71,13,84
67,62,129
73,63,136
76,75,151
63,46,109
83,28,111
85,43,128
91,61,152
90,99,189
84,35,119
32,11,43
34,21,55
86,56,142
47,55,102
78,18,96
21,10,31
54,16,70
96,87,183
53,54,107
37,42,79
65,54,119
26,66,92
32,42,74
68,94,162
81,91,172
23,84,107
62,56,118
47,76,123
93,95,188
7,84,91
77,44,121
92,98,190
14,57,71
45,16,61
58,20,78
64,48,112
38,61,99
49,19,68
77,36,113
41,16,57
34,27,61
54,37,91
11,71,82
10,10,20
36,9,45
77,80,157
56,73,129
63,21,84
40,10,50
52,31,83
100,54,154
61,56,117
20,25,45
19,63,82
71,19,90
80,40,120
95,72,167
91,17,108
16,24,40
90,13,103
50,52,102
13,11,24
9,36,45
44,86,130
32,18,50
9,97,106
70,28,98
97,20,117
44,57,101
61,72,133
81,88,169
88,96,184
76,87,163
21,93,114
31,25,56
25,12,37
42,52,94
49,58,107
64,60,124
15,94,109
39,70,109
83,42,125
30,97,127
73,69,142
48,77,125
88,67,155
47,8,55
86,73,159
93,28,121
26,19,45
30,10,40
37,24,61
94,91,185
82,59,141
89,94,183
72,59,131
89,14,103
8,75,83
41,94,135
28,95,123
49,71,120
35,19,54
32,53,85
53,50,103
19,99,118
73,65,138
42,41,83
43,33,76
23,59,82
17,39,56
68,57,125
45,7,52
55,11,66
11,68,79
53,74,127
36,53,89
49,97,146
59,64,123
27,87,114
71,50,121
65,71,136
52,59,111
96,24,120
56,13,69
84,70,154
7,84,91
76,59,135
71,43,114
59,66,125
50,17,67
29,80,109
70,68,138
8,29,37
9,47,56
18,17,35
56,37,93
23,12,35
46,14,60
41,60,101
79,13,92
18,56,74
18,32,50
72,67,139
22,82,104
94,51,145
63,49,112
43,85,128
37,88,125
78,50,128
56,88,144
30,38,68
65,80,145
89,90,179
91,80,171
38,42,80
30,63,93
55,83,138
71,15,86
58,50,108
93,39,132
26,13,39
80,13,93
28,33,61
14,61,75
50,41,91
9,89,98
17,19,36
94,52,146
73,77,150
67,20,87
96,10,106
48,54,102
61,91,152
30,31,61
13,51,64
14,78,92
21,91,112
17,36,53
70,19,89
43,88,131
26,54,80
22,10,32
53,18,71
17,51,68
38,32,70
44,19,63
7,71,78
57,19,76
77,41,118
89,22,111
7,53,60
95,36,131
61,92,153
86,29,115
36,74,110
8,50,58
85,61,146
35,63,98
18,72,90
20,68,88
75,78,153
98,83,181
20,52,72
19,39,58
62,43,105
48,79,127
28,84,112
9,17,26
62,72,134
47,88,135
71,100,171
84,97,181
12,81,93
92,67,159
21,16,37
56,97,153
59,45,104
90,31,121
91,46,137
72,82,154
74,69,143
84,80,164
67,17,84
82,43,125
78,31,109
35,14,49
44,84,128
75,58,133
16,74,90
46,15,61
19,29,48
78,67,145
11,35,46
18,37,55
48,33,81
49,19,68
14,80,94
31,21,52
77,47,124
93,49,142
9,85,94
66,60,126
12,63,75
76,76,152
23,80,103
66,96,162
84,26,110
28,47,75
47,36,83
9,89,98
46,26,72
34,72,106
53,57,110
61,9,70
46,11,57
61,67,128
72,30,102
99,18,117
91,30,121
85,98,183
63,98,161
60,94,154
25,24,49
30,88,118
75,85,160
77,22,99
67,99,166
100,63,163
17,27,44
40,7,47
37,15,52
38,92,130
80,78,158
79,92,171
34,82,116
24,40,64
89,41,130
82,100,182
44,81,125
15,84,99
86,68,154
62,97,159
58,13,71
30,94,124
33,19,52
30,98,128
39,75,114
61,66,127
8,54,62
69,53,122
12,24,36
31,96,127
38,97,135
69,20,89
77,74,151
21,72,93
64,24,88
8,14,22
48,46,94
65,84,149
89,22,111
87,83,170
20,32,52
45,20,65
46,25,71
66,65,131
18,69,87
78,8,86
72,13,85
100,59,159
96,10,106
48,59,107
16,32,48
37,91,128
21,92,113
35,74,109
31,15,46
72,9,81
81,45,126
81,90,171
56,23,79
75,62,137
93,14,107
85,69,154
36,83,119
86,20,106
10,10,20
15,92,107
34,99,133
57,70,127
74,97,171
97,52,149
31,25,56
78,7,85
16,86,102
33,65,98
49,59,108
99,86,185
49,54,103
38,28,66
68,10,78
60,66,126
53,40,93
81,97,178
46,36,82
90,82,172
44,21,65
86,31,117
39,45,84
57,66,123
10,13,23
59,37,96
85,59,144
73,11,84
81,17,98
13,84,97
92,15,107
47,60,107
100,35,135
68,90,158
56,50,106
60,62,122
42,92,134
31,63,94
82,10,92
53,60,113
23,58,81
13,84,97
19,57,76
47,35,82
39,27,66
73,71,144
38,67,105
19,21,40
59,68,127
26,21,47
29,66,95
33,45,78
35,66,101
66,15,81
66,74,140
58,97,155
60,62,122
28,100,128
8,71,79
20,31,51
24,63,87
99,15,114
57,10,67
64,42,106
49,69,118
64,91,155
48,63,111
66,56,122
82,38,120
35,81,116
99,15,114
42,21,63
65,97,162
55,9,64
96,14,110
91,87,178
69,7,76
67,12,79
52,73,125
23,66,89
42,60,102
43,50,93
29,82,111
29,40,69
46,20,66
29,74,103
84,66,150
70,89,159
92,74,166
66,65,131
52,49,101
77,74,151
93,80,173
19,9,28
59,49,108
23,51,74
50,97,147
17,68,85
68,67,135
15,13,28
96,39,135
96,50,146
86,31,117
25,31,56
40,70,110
21,81,102
24,94,118
74,38,112
78,87,165
70,23,93
80,45,125
43,94,137
47,73,120
89,11,100
19,77,96
41,64,105
93,26,119
50,33,83
62,36,98
20,48,68
11,89,100
49,47,96
53,68,121
8,33,41
57,8,65
26,94,120
70,66,136
11,12,23
93,22,115
75,10,85
55,20,75
31,73,104
46,79,125
38,74,112
92,90,182
37,55,92
61,58,119
33,30,63
91,16,107
23,48,71
72,90,162
88,49,137
24,76,100
14,55,69
63,41,104
40,50,90
89,57,146
15,7,22
40,74,114
8,83,91
58,29,87
70,38,108
48,44,92
74,98,172
54,38,92
24,82,106
46,30,76
92,45,137
15,30,45
67,82,149
17,19,36
83,16,99
50,95,145
56,24,80
52,67,119
66,71,137
66,98,164
82,84,166
94,47,141
87,23,110
41,39,80
67,61,128
45,60,105
66,36,102
60,7,67
57,12,69
99,48,147
100,37,137
66,44,110
30,20,50
44,11,55
54,80,134
42,84,126
37,21,58
85,93,178
74,52,126
82,56,138
62,79,141
71,94,165
85,40,125
83,87,170
48,54,102
17,66,83
53,83,136
55,81,136
26,92,118
75,88,163
64,27,91
80,74,154
47,42,89
83,98,181
27,55,82
37,91,128
60,57,117
10,64,74
53,86,139
95,25,120
7,16,23
94,95,189
38,27,65
99,90,189
39,89,128
71,18,89
42,59,101
19,99,118
35,80,115
92,35,127
87,79,166
18,55,73
72,45,117
16,16,32
7,30,37
48,81,129
31,11,42
46,50,96
60,19,79
56,52,108
33,11,44
40,69,109
11,76,87
39,24,63
83,77,160
71,88,159
87,50,137
44,20,64
60,29,89
78,30,108
32,32,64
39,23,62
88,96,184
7,22,29
78,59,137
19,65,84
7,68,75
20,77,97
29,71,100
21,81,102
36,12,48
12,78,90
19,43,62
69,94,163
22,52,74
82,20,102
77,8,85
50,27,77
42,87,129
10,73,83
74,14,88
98,47,145
30,15,45
33,62,95
26,93,119
79,40,119
68,26,94
11,7,18
67,100,167
35,34,69
60,16,76
40,85,125
76,65,141
46,93,139
75,24,99
27,76,103
19,48,67
34,98,132
94,31,125
53,53,106
40,30,70
48,12,60
78,81,159
75,51,126
15,91,106
14,74,88
42,81,123
27,68,95
41,29,70
51,54,105
89,98,187
23,14,37
20,96,116
59,79,138
37,20,57
97,9,106
24,95,119
74,28,102
63,29,92
71,85,156
67,9,76
55,30,85
73,40,113
60,62,122
53,61,114
95,100,195
100,64,164
80,79,159
45,7,52
21,97,118
42,18,60
99,12,111
27,42,69
84,42,126
31,15,46
90,67,157
100,23,123
86,57,143
57,19,76
62,39,101
61,98,159
100,59,159
19,55,74
71,69,140
66,31,97
31,59,90
72,8,80
29,45,74
78,54,132
20,22,42
84,92,176
15,63,78
31,94,125
46,95,141
66,34,100
59,58,117
27,32,59
91,97,188
50,40,90
36,22,58
56,95,151
29,28,57
92,77,169
86,88,174
36,68,104
86,41,127
26,28,54
17,71,88
78,95,173
47,43,90
60,27,87
28,15,43
44,12,56
54,8,62
10,72,82
21,13,34
57,41,98
64,65,129
29,14,43
15,68,83
58,7,65
79,99,178
59,46,105
45,13,58
80,18,98
43,80,123
89,27,116
54,50,104
37,65,102
70,93,163
22,34,56
16,74,90
74,88,162
63,26,89
26,50,76
98,34,132
9,35,44
88,53,141
46,55,101
10,7,17
99,31,130
21,54,75
18,91,109
71,100,171
55,39,94
47,18,65
44,38,82
21,24,45
61,92,153
56,68,124
10,87,97
25,94,119
68,93,161
84,38,122
28,21,49
61,10,71
85,61,146
21,44,65
14,56,70
14,64,78
88,16,104
40,14,54
57,43,100
45,82,127
35,29,64
66,91,157
73,34,107
53,22,75
37,60,97
87,12,99
55,47,102
41,91,132
13,22,35
9,48,57
49,84,133
72,72,144
65,81,146
76,19,95
26,64,90
47,61,108
93,19,112
84,42,126
44,91,135
36,36,72
23,70,93
90,53,143
72,53,125
100,25,125
21,44,65
82,73,155
17,46,63
10,76,86
53,54,107
44,42,86
31,25,56
83,45,128
54,59,113
78,84,162
55,26,81
22,92,114
20,61,81
66,9,75
7,13,20
8,19,27
80,36,116
53,74,127
76,15,91
71,54,125
60,97,157
81,77,158
79,55,134
39,68,107
26,69,95
91,71,162
80,52,132
61,79,140
50,53,103
35,58,93
68,93,161
62,58,120
56,52,108
29,69,98
37,86,123
88,7,95
73,39,112
18,48,66
90,36,126
94,49,143
80,66,146
10,46,56
45,35,80
78,72,150
91,39,130
54,9,63
71,23,94
15,59,74
7,60,67
40,30,70
52,55,107
78,25,103
66,100,166
67,97,164
18,53,71
87,85,172
82,10,92
10,59,69
23,8,31
47,17,64
17,78,95
54,41,95
88,93,181
67,74,141
73,67,140
92,87,179
10,8,18
72,90,162
10,65,75
7,75,82
89,9,98
80,21,101
31,45,76
66,12,78
20,45,65
99,29,128
51,75,126
88,60,148
40,81,121
38,14,52
70,98,168
41,72,113
14,79,93
62,8,70
55,74,129
56,98,154
52,36,88
7,74,81
35,7,42
44,14,58
57,15,72
92,44,136
78,45,123
18,75,93
80,24,104
68,49,117
44,15,59
50,67,117
97,13,110
66,57,123
17,68,85
26,35,61
33,30,63
33,29,62
25,51,76
24,63,87
30,56,86
51,25,76
17,92,109
45,42,87
89,74,163
79,33,112
75,14,89
44,96,140
45,32,77
64,77,141
99,26,125
34,78,112
74,38,112
14,55,69
88,44,132
29,67,96
9,40,49
29,54,83
88,91,179
65,90,155
10,72,82
66,71,137
92,85,177
24,96,120
40,23,63
80,81,161
79,40,119
11,32,43
33,60,93
69,7,76
44,68,112
67,55,122
37,60,97
94,91,185
55,25,80
56,67,123
95,48,143
34,51,85
19,9,28
36,53,89
72,68,140
26,37,63
24,74,98
38,50,88
21,75,96
82,80,162
99,82,181
87,10,97
97,51,148
67,75,142
66,25,91
95,33,128
61,53,114
42,11,53
60,66,126
38,92,130
45,47,92
62,22,84
63,62,125
88,84,172
33,37,70
68,83,151
52,93,145
61,87,148
12,75,87
10,36,46
28,22,50
69,62,131
44,48,92
55,84,139
36,87,123
32,71,103
42,31,73
55,11,66
100,47,147
32,62,94
67,33,100
7,44,51
93,15,108
45,21,66
52,88,140
53,76,129
98,11,109
42,10,52
34,77,111
54,32,86
37,42,79
83,11,94
41,45,86
21,49,70
85,54,139
79,31,110
63,27,90
27,27,54
71,28,99
36,27,63
50,83,133
23,92,115
52,58,110
18,84,102
95,37,132
52,72,124
96,24,120
97,56,153
26,10,36
86,12,98
34,71,105
55,70,125
92,76,168
96,97,193
97,32,129
48,52,100
41,90,131
75,94,169
30,10,40
41,32,73
19,15,34
14,69,83
86,45,131
44,9,53
36,27,63
12,91,103
100,99,199
59,27,86
69,86,155
43,56,99
97,20,117
13,35,48
100,87,187
72,49,121
12,95,107
72,70,142
39,40,79
18,68,86
86,38,124
88,89,177
98,96,194
76,24,100
81,24,105
72,33,105
9,65,74
33,19,52
26,62,88
71,17,88
8,14,22
74,54,128
88,94,182
99,86,185
89,88,177
69,51,120
87,49,136
13,57,70
29,96,125
9,38,47
37,18,55
27,22,49
68,35,103
16,10,26
92,42,134
33,46,79
9,23,32
60,79,139
81,39,120
80,63,143
18,93,111
84,32,116
51,66,117
50,13,63
72,30,102
58,48,106
83,75,158
67,25,92
49,21,70
30,43,73
65,11,76
84,90,174
87,60,147
42,15,57
14,23,37
74,83,157
49,62,111
53,60,113
52,68,120
32,7,39
78,54,132
65,75,140
15,62,77
87,41,128
46,41,87
22,49,71
27,67,94
7,19,26
99,37,136
67,31,98
92,72,164
97,85,182
48,88,136
38,80,118
45,69,114
19,16,35
56,55,111
74,60,134
54,19,73
11,33,44
76,76,152
25,79,104
16,26,42
43,79,122
53,63,116
90,75,165
64,79,143
36,8,44
75,23,98
23,81,104
58,68,126
49,56,105
90,68,158
46,54,100
44,63,107
33,45,78
77,19,96
24,65,89
11,7,18
21,87,108
86,49,135
54,37,91
70,43,113
33,49,82
78,53,131
25,81,106
11,37,48
28,35,63
54,65,119
64,88,152
27,61,88
28,88,116
21,91,112
94,74,168
39,54,93
78,56,134
48,92,140
8,36,44
86,98,184
90,24,114
76,78,154
59,88,147
81,52,133
26,86,112
36,64,100
92,80,172
8,43,51
14,8,22
91,100,191
78,96,174
14,27,41
70,63,133
54,36,90
55,70,125
96,27,123
27,16,43
42,74,116
23,39,62
39,21,60
82,68,150
60,28,88
28,95,123
13,9,22
10,85,95
82,34,116
16,59,75
68,25,93
28,82,110
89,21,110
59,89,148
90,7,97
28,53,81
49,34,83
13,96,109
11,14,25
94,29,123
72,75,147
50,46,96
78,96,174
77,46,123
18,28,46
8,36,44
27,39,66
98,65,163
96,46,142
68,53,121
92,47,139
87,85,172
82,36,118
33,84,117
64,21,85
84,16,100
43,94,137
83,99,182
74,24,98
48,60,108
20,9,29
39,75,114
87,7,94
54,51,105
11,32,43
18,7,25
22,91,113
35,96,131
73,73,146
14,32,46
28,87,115
27,34,61
22,49,71
28,22,50
71,64,135
75,10,85
69,82,151
62,69,131
56,16,72
61,16,77
31,53,84
88,36,124
47,65,112
49,29,78
59,82,141
57,41,98
25,57,82
77,84,161
49,74,123
72,45,117
79,56,135
15,36,51
28,50,78
88,30,118
100,55,155
80,31,111
80,10,90
48,74,122
19,83,102
73,85,158
59,64,123
93,60,153
86,11,97
95,100,195
99,35,134
33,79,112
10,47,57
82,55,137
98,14,112
80,65,145
16,54,70
56,75,131
26,37,63
22,83,105
67,75,142
95,86,181
46,56,102
18,70,88
46,9,55
35,25,60
16,18,34
32,93,125
97,81,178
11,76,87
14,80,94
31,37,68
94,22,116
96,10,106
63,58,121
24,88,112
27,51,78
60,67,127
29,65,94
29,67,96
60,60,120
37,69,106
49,14,63
94,84,178
61,74,135
80,44,124
16,82,98
16,15,31
53,18,71
70,45,115
48,81,129
100,84,184
74,41,115
81,57,138
53,94,147
67,11,78
12,69,81
79,96,175
67,77,144
45,89,134
96,58,154
27,74,101
21,13,34
51,88,139
35,99,134
41,59,100
31,83,114
22,29,51
11,43,54
21,45,66
58,31,89
41,66,107
11,38,49
38,95,133
55,88,143
46,85,131
35,9,44
43,96,139
36,87,123
70,19,89
16,77,93
84,96,180
16,90,106
70,70,140
85,81,166
40,24,64
92,49,141
95,95,190
73,13,86
29,13,42
55,61,116
96,36,132
44,54,98
32,75,107
24,98,122
19,72,91
37,61,98
10,88,98
78,44,122
16,38,54
70,97,167
69,24,93
84,61,145
61,33,94
51,37,88
36,28,64
12,12,24
46,24,70
18,78,96
37,28,65
96,22,118
71,95,166
48,73,121
83,16,99
27,8,35
62,25,87
22,28,50
7,99,106
69,52,121
35,19,54
19,74,93
56,56,112
56,61,117
78,9,87
57,74,131
22,61,83
76,10,86
21,39,60
61,28,89
75,17,92
44,95,139
15,59,74
23,40,63
66,94,160
23,98,121
11,89,100
47,57,104
11,86,97
65,66,131
46,99,145
34,41,75
9,7,16
47,94,141
43,15,58
89,84,173
44,52,96
44,87,131
100,33,133
7,46,53
50,94,144
13,83,96
85,57,142
67,43,110
59,76,135
95,40,135
19,98,117
48,95,143
25,49,74
42,72,114
48,38,86
33,68,101
45,55,100
28,32,60
69,80,149
95,70,165
89,97,186
67,30,97
28,47,75
60,55,115
51,87,138
78,71,149
71,11,82
70,41,111
77,10,87
37,41,78
91,13,104
43,73,116
8,41,49
32,51,83
91,87,178
66,35,101
99,14,113
87,80,167
19,41,60
74,34,108
27,35,62
37,98,135
100,87,187
67,92,159
34,70,104
44,94,138
11,45,56
80,65,145
67,66,133
86,43,129
74,56,130
99,44,143
10,21,31
76,33,109
65,69,134
50,95,145
33,72,105
26,67,93
100,68,168
80,18,98
35,82,117
17,51,68
35,30,65
32,22,54
40,43,83
98,72,170
18,43,61
21,26,47
85,14,99
37,80,117
46,42,88
71,14,85
11,57,68
48,34,82
15,20,35
68,37,105
82,70,152
8,66,74
79,91,170
33,42,75
99,13,112
94,42,136
58,17,75
28,30,58
29,89,118
88,62,150
29,79,108
29,76,105
77,84,161
86,86,172
76,22,98
8,77,85
13,54,67
35,72,107
25,38,63
23,30,53
73,51,124
46,37,83
55,12,67
87,15,102
64,50,114
83,91,174
96,51,147
46,59,105
12,87,99
32,60,92
95,35,130
70,12,82
54,59,113
26,86,112
15,88,103
56,74,130
33,38,71
79,94,173
22,70,92
29,54,83
82,46,128
90,17,107
98,11,109
11,8,19
47,50,97
67,13,80
42,49,91
71,86,157
38,14,52
48,28,76
78,78,156
41,27,68
14,96,110
24,58,82
65,15,80
68,93,161
86,67,153
29,63,92
14,13,27
75,36,111
81,64,145
44,86,130
22,48,70
100,56,156
51,80,131
23,13,36
68,92,160
12,81,93
60,16,76
45,88,133
9,58,67
65,30,95
23,63,86
57,86,143
27,92,119
86,72,158
31,75,106
72,28,100
100,61,161
11,15,26
24,74,98
35,44,79
67,15,82
45,28,73
88,17,105
65,84,149
24,10,34
14,17,31
26,49,75
30,9,39
100,88,188
11,97,108
76,96,172
72,85,157
57,11,68
12,16,28
61,98,159
59,90,149
47,21,68
7,64,71
21,62,83
83,34,117
19,33,52
68,7,75
61,69,130
77,27,104
39,90,129
32,42,74
19,25,44
83,97,180
99,16,115
100,45,145
81,47,128
60,77,137
82,29,111
70,48,118
22,93,115
34,83,117
72,18,90
97,55,152
89,58,147
46,40,86
37,76,113
48,73,121
18,20,38
22,19,41
41,38,79
36,87,123
34,96,130
43,16,59
49,32,81
27,97,124
94,80,174
27,48,75
100,16,116
76,46,122
14,49,63
98,68,166
43,7,50
22,81,103
86,31,117
28,69,97
81,65,146
80,69,149
16,57,73
22,31,53
70,97,167
36,21,57
71,44,115
15,70,85
7,77,84
23,27,50
92,22,114
87,35,122
71,33,104
64,82,146
68,87,155
63,57,120
36,91,127
80,7,87
61,48,109
96,57,153
54,63,117
99,59,158
38,46,84
31,41,72
32,54,86
75,88,163
49,77,126
37,58,95
50,12,62
57,64,121
90,38,128
69,7,76
55,19,74
94,36,130
73,9,82
10,55,65
69,46,115
68,88,156
32,81,113
97,51,148
25,34,59
46,69,115
60,52,112
70,94,164
34,92,126
86,97,183
90,98,188
50,94,144
59,69,128
99,42,141
93,94,187
88,43,131
61,52,113
44,82,126
58,30,88
46,45,91
98,77,175
54,34,88
67,90,157
93,36,129
91,55,146
76,45,121
62,81,143
31,42,73
48,18,66
16,47,63
40,53,93
58,21,79
82,42,124
7,73,80
97,85,182
50,84,134
34,10,44
99,42,141
24,69,93
54,29,83
64,56,120
90,13,103
90,37,127
25,69,94
100,77,177
51,42,93
30,50,80
83,36,119
83,35,118
84,32,116
98,22,120
16,92,108
58,33,91
28,39,67
55,8,63
89,48,137
93,12,105
17,93,110
86,61,147
95,58,153
76,98,174
19,14,33
42,60,102
68,18,86
58,36,94
46,92,138
92,41,133
70,11,81
9,87,96
87,28,115
50,32,82
42,53,95
7,20,27
53,21,74
32,55,87
11,92,103
57,12,69
21,27,48
7,76,83
18,9,27
62,92,154
48,85,133
51,40,91
97,90,187
44,64,108
29,9,38
87,98,185
39,56,95
19,53,72
35,77,112
75,54,129
19,28,47
40,36,76
8,23,31
93,49,142
16,27,43
66,75,141
24,44,68
32,14,46
65,60,125
73,24,97
49,8,57
13,18,31
41,96,137
59,61,120
35,98,133
10,70,80
22,13,35
15,7,22
85,44,129
100,65,165
55,76,131
22,73,95
29,79,108
13,62,75
65,64,129
26,34,60
42,84,126
34,55,89
19,71,90
80,99,179
60,35,95
99,94,193
89,34,123
62,96,158
33,59,92
40,55,95
59,70,129
7,64,71
37,60,97
13,70,83
64,31,95
20,94,114
62,64,126
91,42,133
94,78,172
32,39,71
85,21,106
30,68,98
36,77,113
53,16,69
89,9,98
57,35,92
85,71,156
91,81,172
9,23,32
100,66,166
31,28,59
44,55,99
76,80,156
9,81,90
73,71,144
74,23,97
68,85,153
12,8,20
53,49,102
33,30,63
49,44,93
85,59,144
100,10,110
42,27,69
39,27,66
20,14,34
27,20,47
40,50,90
16,98,114
88,21,109
31,64,95
66,27,93
63,41,104
30,37,67
99,66,165
44,68,112
84,51,135
12,28,40
50,11,61
41,39,80
84,69,153
43,33,76
59,94,153
74,91,165
34,96,130
74,50,124
96,12,108
30,62,92
8,14,22
48,98,146
76,52,128
94,10,104
39,82,121
65,17,82
86,97,183
56,9,65
7,99,106
16,8,24
84,60,144
85,96,181
33,32,65
41,57,98
56,61,117
27,30,57
39,79,118
81,18,99
98,44,142
13,62,75
31,81,112
14,68,82
80,74,154
53,47,100
25,62,87
96,27,123
15,53,68
94,35,129
16,30,46
87,56,143
94,55,149
93,92,185
91,67,158
12,79,91
83,34,117
20,77,97
91,53,144
75,33,108
10,72,82
96,48,144
53,11,64
77,49,126
24,97,121
46,100,146
13,11,24
45,31,76
8,93,101
17,97,114
51,16,67
82,59,141
29,34,63
86,58,144
42,8,50
68,26,94
14,77,91
80,93,173
78,88,166
7,52,59
91,18,109
20,63,83
77,64,141
21,13,34
53,63,116
50,77,127
91,69,160
74,98,172
56,68,124
60,53,113
66,95,161
27,71,98
85,14,99
54,17,71
64,83,147
50,42,92
86,63,149
45,98,143
31,19,50
14,71,85
61,99,160
58,96,154
72,14,86
12,69,81
85,66,151
33,98,131
86,11,97
66,64,130
11,45,56
35,37,72
87,30,117
27,66,93
87,79,166
28,60,88
52,39,91
71,92,163
64,69,133
68,91,159
26,27,53
81,68,149
47,84,131
23,7,30
100,23,123
53,69,122
76,100,176
16,56,72
59,38,97
43,82,125
22,15,37
61,78,139
40,88,128
41,93,134
20,97,117
95,25,120
64,44,108
57,85,142
89,48,137
83,15,98
78,60,138
74,90,164
91,59,150
60,67,127
81,59,140
56,85,141
12,16,28
67,89,156
43,81,124
71,56,127
39,26,65
38,75,113
27,79,106
29,79,108
38,83,121
43,100,143
9,53,62
72,29,101
63,63,126
24,73,97
29,31,60
91,67,158
96,91,187
66,34,100
29,94,123
79,53,132
33,59,92
34,73,107
51,39,90
97,53,150
24,78,102
75,9,84
18,25,43
92,89,181
28,48,76
7,91,98
38,68,106
52,10,62
14,24,38
81,90,171
91,34,125
84,15,99
37,10,47
60,29,89
56,28,84
46,23,69
10,58,68
7,52,59
50,25,75
68,86,154
43,67,110
67,49,116
44,37,81
64,64,128
34,52,86
76,23,99
68,98,166
55,77,132
42,10,52
92,65,157
12,48,60
33,28,61
23,65,88
18,46,64
70,35,105
76,52,128
48,100,148
17,27,44
77,96,173
17,79,96
96,9,105
61,72,133
7,34,41
87,83,170
29,46,75
46,81,127
51,38,89
100,21,121
45,61,106
33,67,100
59,61,120
87,81,168
79,82,161
55,36,91
38,89,127
94,60,154
26,66,92
14,78,92
97,68,165
34,52,86
48,47,95
57,82,139
58,71,129
44,49,93
81,91,172
79,69,148
89,62,151
87,18,105
95,39,134
84,39,123
13,90,103
46,94,140
54,38,92
16,45,61
38,64,102
41,17,58
48,31,79
50,61,111
10,74,84
61,55,116
93,19,112
38,80,118
83,13,96
72,60,132
34,68,102
11,56,67
89,53,142
15,94,109
29,59,88
14,46,60
63,45,108
84,14,98
91,41,132
47,64,111
98,82,180
92,10,102
41,64,105
55,72,127
80,18,98
58,99,157
8,73,81
32,40,72
49,29,78
28,28,56
46,71,117
23,39,62
36,94,130
82,28,110
29,73,102
61,39,100
75,72,147
34,89,123
29,32,61
52,89,141
44,45,89
95,64,159
81,75,156
37,71,108
46,48,94
49,55,104
30,91,121
55,81,136
56,33,89
44,70,114
93,35,128
28,8,36
85,54,139
81,94,175
49,27,76
8,8,16
78,59,137
72,69,141
10,43,53
19,82,101
10,65,75
21,21,42
21,61,82
37,7,44
100,11,111
23,21,44
11,55,66
33,65,98
39,86,125
24,41,65
26,22,48
14,51,65
97,31,128
77,67,144
27,75,102
64,39,103
7,27,34
33,98,131
23,27,50
50,81,131
44,92,136
19,71,90
59,81,140
76,19,95
18,25,43
59,31,90
91,23,114
11,89,100
67,29,96
59,38,97
79,41,120
36,81,117
44,51,95
8,91,99
40,74,114
58,88,146
90,95,185
62,10,72
10,30,40
87,73,160
71,7,78
92,73,165
92,16,108
56,43,99
41,42,83
14,43,57
97,69,166
21,95,116
9,84,93
14,55,69
19,97,116
43,86,129
89,80,169
35,57,92
50,62,112
45,90,135
16,95,111
81,58,139
98,17,115
89,94,183
65,96,161
60,28,88
87,71,158
48,77,125
70,32,102
95,17,112
86,81,167
13,41,54
91,68,159
60,60,120
11,66,77
81,18,99
31,76,107
59,21,80
88,39,127
88,23,111
16,81,97
81,94,175
55,46,101
29,61,90
39,73,112
95,60,155
73,48,121
50,90,140
50,56,106
24,62,86
12,15,27
85,61,146
27,24,51
37,68,105
75,68,143
73,32,105
48,43,91
50,99,149
91,17,108
14,49,63
73,72,145
46,19,65
89,96,185
75,13,88
11,40,51
50,27,77
61,74,135
55,63,118
10,14,24
54,57,111
86,29,115
8,42,50
83,12,95
34,45,79
64,17,81
47,85,132
95,62,157
29,75,104
45,57,102
92,8,100
16,89,105
12,82,94
86,72,158
41,80,121
93,17,110
10,66,76
76,57,133
42,42,84
67,58,125
33,71,104
8,25,33
32,71,103
77,87,164
19,55,74
93,44,137
89,73,162
66,28,94
72,79,151
66,71,137
33,90,123
65,92,157
72,78,150
11,71,82
16,87,103
7,97,104
21,26,47
46,81,127
73,95,168
65,76,141
77,65,142
33,74,107
65,74,139
77,13,90
100,69,169
90,81,171
73,100,173
42,49,91
36,18,54
39,19,58
88,84,172
20,67,87
46,20,66
25,63,88
39,66,105
96,58,154
19,57,76
84,55,139
67,34,101
42,91,133
94,89,183
88,75,163
64,81,145
80,30,110
43,13,56
20,54,74
13,91,104
18,67,85
69,9,78
81,92,173
62,26,88
66,39,105
30,8,38
12,43,55
35,45,80
24,94,118
94,26,120
16,66,82
29,20,49
95,66,161
69,20,89
66,91,157
70,16,86
70,73,143
47,64,111
75,22,97
55,54,109
17,37,54
67,43,110
69,45,114
53,45,98
85,36,121
47,58,105
62,93,155
51,66,117
53,37,90
74,45,119
87,87,174
35,89,124
42,52,94
48,19,67
73,39,112
24,81,105
72,44,116
43,96,139
59,77,136
56,16,72
30,58,88
80,73,153
12,15,27
100,71,171
18,83,101
27,13,40
70,57,127
89,81,170
44,40,84
63,24,87
56,66,122
20,84,104
44,70,114
36,9,45
13,52,65
20,85,105
63,50,113
14,74,88
86,20,106
51,52,103
90,71,161
47,21,68
95,24,119
82,41,123
17,47,64
39,7,46
77,45,122
82,7,89
17,18,35
74,64,138
23,61,84
68,8,76
66,49,115
34,83,117
57,9,66
90,9,99
53,67,120
15,58,73
99,67,166
52,24,76
85,100,185
73,40,113
19,10,29
40,32,72
14,89,103
93,90,183
43,14,57
44,100,144
15,79,94
68,37,105
97,61,158
9,29,38
59,71,130
41,13,54
13,8,21
50,24,74
53,18,71
26,99,125
38,61,99
94,43,137
89,70,159
56,92,148
88,37,125
64,99,163
95,75,170
8,93,101
42,50,92
83,92,175
20,98,118
92,31,123
71,69,140
58,97,155
77,22,99
99,43,142
60,8,68
90,25,115
59,82,141
88,69,157
92,24,116
67,64,131
27,75,102
65,89,154
63,53,116
71,50,121
83,11,94
84,72,156
69,47,116
58,30,88
97,45,142
92,29,121
41,81,122
54,18,72
45,21,66
70,43,113
86,99,185
98,97,195
63,59,122
53,59,112
52,34,86
74,84,158
62,24,86
80,70,150
80,82,162
78,94,172
47,86,133
51,31,82
30,61,91
79,91,170
17,93,110
51,63,114
25,71,96
23,70,93
88,40,128
93,66,159
61,71,132
24,98,122
27,54,81
64,71,135
8,67,75
75,69,144
65,20,85
61,90,151
58,56,114
42,51,93
7,42,49
41,50,91
12,19,31
30,78,108
37,19,56
59,51,110
50,57,107
82,84,166
51,77,128
59,42,101
75,19,94
77,47,124
80,35,115
46,28,74
80,51,131
38,45,83
80,60,140
78,19,97
11,68,79
12,52,64
71,76,147
74,48,122
70,7,77
37,86,123
97,70,167
59,73,132
85,55,140
57,78,135
54,67,121
19,19,38
94,78,172
67,70,137
42,46,88
86,34,120
21,67,88
76,69,145
63,41,104
66,75,141
38,96,134
21,44,65
79,81,160
73,45,118
19,89,108
29,20,49
85,60,145
40,80,120
75,93,168
74,61,135
68,67,135
78,38,116
16,50,66
14,65,79
61,78,139
62,13,75
45,98,143
39,96,135
57,84,141
15,58,73
90,52,142
16,19,35
51,61,112
48,16,64
58,49,107
17,65,82
98,22,120
93,88,181
69,86,155
89,22,111
19,66,85
55,69,124
18,90,108
22,52,74
87,21,108
35,81,116
68,95,163
30,55,85
8,95,103
19,7,26
49,58,107
48,45,93
65,72,137
51,72,123
99,29,128
42,65,107
63,55,118
14,28,42
42,66,108
42,72,114
59,50,109
13,85,98
51,25,76
20,60,80
80,46,126
15,37,52
22,18,40
19,78,97
92,51,143
58,10,68
58,90,148
8,54,62
39,83,122
62,72,134
59,38,97
19,10,29
71,36,107
26,71,97
63,74,137
10,92,102
22,57,79
23,32,55
60,17,77
54,57,111
44,58,102
94,69,163
46,74,120
88,49,137
98,79,177
48,88,136
13,41,54
8,7,15
64,49,113
74,46,120
13,40,53
8,54,62
42,53,95
44,66,110
74,27,101
50,44,94
10,37,47
58,69,127
8,71,79
60,7,67
19,80,99
22,13,35
43,52,95
67,55,122
57,19,76
17,80,97
49,63,112
45,13,58
29,41,70
78,10,88
34,43,77
20,50,70
30,31,61
84,63,147
32,43,75
72,9,81
64,75,139
51,19,70
20,99,119
48,10,58
30,83,113
54,89,143
76,58,134
49,43,92
77,68,145
72,26,98
30,51,81
91,12,103
91,38,129
75,47,122
31,9,40
86,30,116
50,39,89
74,79,153
10,84,94
62,20,82
98,35,133
85,97,182
61,19,80
94,8,102
52,28,80
71,10,81
49,10,59
43,45,88
37,60,97
37,54,91
79,50,129
12,65,77
96,94,190
34,98,132
43,67,110
43,40,83
8,85,93
14,95,109
95,54,149
7,9,16
85,19,104
29,28,57
10,50,60
23,61,84
98,55,153
67,56,123
71,54,125
35,69,104
49,29,78
75,33,108
27,45,72
24,28,52
36,83,119
44,22,66
59,94,153
65,92,157
8,83,91
42,20,62
77,86,163
90,15,105
14,79,93
70,18,88
36,28,64
74,100,174
10,53,63
92,15,107
55,28,83
65,15,80
22,88,110
58,47,105
45,8,53
23,50,73
73,71,144
70,34,104
58,32,90
7,86,93
91,33,124
87,8,95
32,21,53
23,63,86
39,35,74
36,72,108
61,94,155
94,38,132
45,18,63
70,17,87
29,66,95
79,95,174
25,93,118
77,47,124
23,32,55
57,10,67
28,69,97
55,54,109
57,81,138
51,53,104
96,25,121
58,35,93
9,38,47
60,88,148
93,92,185
71,64,135
87,70,157
46,17,63
65,86,151
71,85,156
24,52,76
47,98,145
30,76,106
66,50,116
88,84,172
11,8,19
7,96,103
34,94,128
40,40,80
51,59,110
15,71,86
70,47,117
22,81,103
46,11,57
40,14,54
72,29,101
66,76,142
46,91,137
60,59,119
84,44,128
74,28,102
63,28,91
55,88,143
44,71,115
50,45,95
83,89,172
97,91,188
78,27,105
46,19,65
30,73,103
68,21,89
36,85,121
31,46,77
77,36,113
11,14,25
69,83,152
80,90,170
64,11,75
57,68,125
99,70,169
70,23,93
89,82,171
24,7,31
33,52,85
30,77,107
53,68,121
36,65,101
100,43,143
54,52,106
87,47,134
63,29,92
61,59,120
8,17,25
15,24,39
25,27,52
9,9,18
10,35,45
35,21,56
21,95,116
34,99,133
49,83,132
77,7,84
49,47,96
50,36,86
70,31,101
29,55,84
57,38,95
100,11,111
20,41,61
19,46,65
56,41,97
75,81,156
26,28,54
70,54,124
47,15,62
63,43,106
55,75,130
80,12,92
82,31,113
89,25,114
87,45,132
96,21,117
64,32,96
19,99,118
15,32,47
23,55,78
23,69,92
66,39,105
41,73,114
33,55,88
86,25,111
83,96,179
58,38,96
83,88,171
26,99,125
49,79,128
95,69,164
68,52,120
38,79,117
86,30,116
60,8,68
91,53,144
20,45,65
86,49,135
82,55,137
98,11,109
30,32,62
9,61,70
46,54,100
15,15,30
81,33,114
15,86,101
57,61,118
81,74,155
82,57,139
8,13,21
56,35,91
35,71,106
68,10,78
84,12,96
9,53,62
80,17,97
14,90,104
22,19,41
70,72,142
64,51,115
20,58,78
77,90,167
98,35,133
88,8,96
41,17,58
84,27,111
32,26,58
76,68,144
59,52,111
17,35,52
13,75,88
76,36,112
83,99,182
86,24,110
17,66,83
29,93,122
70,77,147
44,86,130
34,27,61
35,21,56
26,59,85
62,75,137
95,27,122
98,77,175
45,26,71
84,63,147
61,33,94
88,49,137
15,19,34
33,37,70
34,92,126
53,86,139
15,73,88
8,73,81
10,39,49
36,92,128
38,95,133
63,39,102
89,42,131
47,90,137
9,44,53
74,73,147
77,58,135
63,31,94
88,34,122
74,33,107
35,62,97
78,60,138
81,98,179
39,8,47
98,29,127
38,92,130
40,17,57
50,76,126
56,80,136
82,27,109
95,70,165
57,87,144
71,20,91
61,48,109
41,72,113
24,48,72
93,96,189
69,46,115
51,46,97
29,47,76
40,86,126
83,34,117
51,53,104
28,21,49
40,25,65
83,78,161
29,74,103
83,60,143
35,63,98
57,44,101
38,23,61
40,19,59
53,98,151
96,42,138
75,92,167
38,93,131
38,28,66
30,13,43
55,14,69
64,92,156
70,34,104
22,26,48
71,96,167
84,96,180
16,16,32
21,7,28
64,38,102
93,19,112
95,56,151
47,36,83
93,58,151
74,49,123
27,46,73
38,34,72
37,45,82
73,24,97
18,32,50
70,69,139
26,94,120
89,21,110
42,55,97
65,67,132
58,55,113
57,78,135
86,91,177
78,26,104
89,41,130
24,86,110
99,36,135
66,58,124
55,98,153
66,82,148
30,51,81
63,39,102
95,13,108
66,64,130
84,92,176
58,42,100
39,9,48
92,36,128
58,80,138
97,31,128
85,66,151
32,28,60
100,19,119
74,38,112
90,37,127
10,61,71
51,94,145
48,42,90
26,99,125
44,13,57
65,57,122
91,71,162
12,44,56
13,38,51
69,39,108
85,20,105
93,84,177
31,74,105
58,87,145
70,33,103
23,19,42
69,23,92
89,65,154
35,75,110
69,96,165
63,78,141
58,76,134
14,7,21
69,93,162
89,33,122
34,72,106
80,21,101
75,28,103
45,59,104
85,77,162
7,67,74
17,72,89
82,99,181
61,17,78
47,34,81
19,53,72
27,21,48
12,48,60
89,39,128
69,45,114
52,37,89
21,63,84
38,77,115
59,16,75
71,53,124
58,93,151
51,73,124
31,66,97
86,7,93
39,88,127
24,35,59
67,43,110
47,93,140
80,16,96
85,93,178
22,79,101
79,46,125
20,65,85
61,51,112
88,72,160
77,51,128
42,94,136
37,47,84
92,74,166
93,44,137
23,56,79
65,53,118
54,47,101
12,9,21
32,81,113
81,87,168
41,27,68
65,55,120
17,94,111
66,44,110
33,82,115
40,80,120
53,79,132
53,63,116
54,44,98
19,82,101
73,41,114
14,69,83
97,41,138
75,25,100
53,93,146
81,75,156
61,33,94
14,73,87
55,17,72
30,88,118
25,79,104
42,83,125
43,27,70
22,14,36
28,40,68
74,84,158
96,50,146
11,7,18
26,38,64
14,100,114
73,51,124
84,73,157
34,100,134
64,30,94
71,53,124
80,23,103
73,54,127
63,51,114
64,82,146
20,52,72
24,50,74
47,93,140
89,41,130
36,27,63
95,44,139
72,40,112
42,13,55
80,65,145
96,71,167
46,76,122
32,17,49
42,49,91
51,55,106
96,51,147
24,87,111
58,40,98
89,100,189
65,35,100
16,75,91
53,87,140
20,64,84
94,65,159
63,95,158
53,18,71
21,14,35
20,12,32
17,53,70
64,80,144
21,34,55
23,92,115
82,65,147
74,84,158
65,17,82
16,91,107
78,47,125
71,69,140
18,31,49
30,54,84
99,57,156
58,91,149
89,32,121
97,95,192
19,49,68
73,29,102
34,17,51
89,83,172
18,24,42
80,10,90
18,71,89
71,73,144
59,95,154
74,41,115
84,47,131
17,7,24
25,38,63
14,56,70
99,82,181
58,49,107
67,37,104
51,63,114
96,21,117
97,30,127
37,14,51
65,62,127
81,78,159
65,85,150
48,89,137
44,95,139
89,57,146
22,10,32
81,60,141
61,67,128
70,80,150
8,58,66
73,67,140
8,17,25
14,40,54
69,44,113
79,81,160
84,93,177
82,57,139
52,37,89
86,97,183
71,50,121
99,19,118
44,99,143
61,74,135
55,73,128
11,25,36
60,99,159
49,20,69
11,71,82
39,34,73
31,8,39
83,77,160
59,82,141
43,68,111
93,77,170
34,20,54
14,89,103
76,58,134
89,82,171
60,65,125
75,30,105
26,71,97
22,48,70
88,46,134
81,60,141
64,26,90
100,84,184
62,78,140
81,22,103
57,14,71
39,44,83
47,9,56
28,16,44
93,91,184
57,99,156
12,50,62
23,55,78
89,33,122
43,87,130
59,23,82
50,30,80
68,84,152
70,76,146
58,72,130
55,86,141
15,65,80
53,76,129
32,7,39
13,97,110
21,62,83
60,33,93
49,26,75
61,19,80
54,86,140
58,17,75
21,85,106
14,87,101
75,25,100
11,35,46
100,81,181
65,54,119
44,23,67
69,27,96
81,11,92
60,61,121
23,49,72
64,35,99
7,74,81
54,21,75
40,91,131
80,91,171
59,44,103
27,37,64
19,44,63
75,81,156
64,82,146
7,89,96
26,57,83
35,80,115
87,85,172
52,28,80
26,83,109
43,7,50
57,46,103
89,98,187
58,34,92
25,41,66
96,100,196
26,54,80
87,86,173
35,54,89
27,93,120
49,56,105
75,10,85
77,9,86
40,99,139
28,84,112
59,87,146
71,94,165
54,12,66
44,87,131
37,65,102
73,55,128
88,61,149
21,14,35
95,76,171
94,98,192
7,22,29
13,98,111
46,15,61
9,80,89
81,90,171
49,31,80
81,68,149
85,83,168
86,100,186
91,48,139
10,35,45
58,10,68
82,24,106
65,20,85
55,50,105
77,43,120
19,87,106
35,56,91
85,44,129
68,46,114
27,72,99
65,41,106
41,58,99
60,25,85
78,70,148
63,77,140
25,96,121
10,31,41
46,14,60
47,72,119
23,49,72
82,90,172
7,73,80
15,59,74
55,61,116
31,37,68
74,57,131
19,15,34
100,82,182
74,47,121
24,16,40
80,27,107
92,62,154
47,74,121
39,11,50
75,77,152
90,23,113
88,62,150
62,99,161
86,51,137
44,75,119
34,65,99
54,62,116
93,21,114
66,95,161
8,17,25
28,51,79
23,21,44
67,39,106
88,93,181
8,58,66
53,63,116
13,30,43
62,80,142
60,26,86
11,92,103
54,87,141
84,30,114
81,94,175
74,18,92
58,36,94
73,62,135
34,100,134
9,70,79
73,46,119
22,74,96
77,83,160
24,74,98
54,34,88
88,76,164
11,65,76
95,66,161
19,63,82
95,73,168
47,62,109
51,68,119
95,95,190
81,42,123
29,36,65
37,56,93
33,60,93
48,24,72
54,28,82
23,50,73
48,88,136
24,80,104
73,8,81
28,55,83
63,80,143
91,63,154
52,89,141
53,62,115
73,84,157
49,81,130
43,15,58
43,18,61
7,38,45
46,54,100
99,37,136
13,76,89
68,7,75
40,66,106
30,25,55
54,68,122
64,71,135
100,26,126
33,81,114
68,70,138
17,14,31
62,50,112
77,18,95
99,19,118
90,54,144
82,21,103
65,16,81
81,35,116
9,10,19
83,35,118
60,29,89
47,16,63
32,16,48
64,50,114
67,85,152
47,31,78
92,36,128
87,79,166
17,36,53
31,45,76
32,19,51
26,51,77
95,24,119
47,43,90
17,27,44
30,58,88
52,67,119
98,39,137
15,70,85
12,99,111
61,11,72
70,81,151
92,42,134
22,53,75
53,78,131
42,74,116
11,72,83
22,93,115
73,28,101
37,53,90
46,36,82
8,21,29
64,100,164
34,60,94
20,23,43
68,81,149
59,37,96
46,34,80
27,86,113
22,10,32
81,62,143
29,34,63
13,60,73
34,95,129
19,74,93
30,98,128
25,62,87
89,30,119
7,77,84
39,79,118
78,58,136
10,18,28
60,84,144
30,63,93
44,28,72
92,14,106
27,61,88
64,19,83
37,74,111
80,42,122
51,81,132
54,91,145
8,40,48
95,98,193
74,47,121
79,90,169
31,26,57
20,63,83
73,47,120
63,80,143
50,16,66
25,99,124
12,40,52
37,61,98
31,97,128
8,96,104
24,27,51
87,39,126
29,33,62
57,61,118
37,52,89
58,35,93
31,75,106
70,94,164
50,62,112
16,44,60
98,30,128
37,21,58
50,74,124
78,54,132
98,85,183
96,47,143
84,61,145
33,10,43
21,38,59
14,15,29
97,90,187
65,78,143
63,80,143
26,26,52
93,93,186
68,16,84
26,60,86
51,93,144
88,9,97
43,90,133
85,95,180
29,7,36
64,64,128
8,70,78
68,38,106
36,63,99
84,32,116
12,95,107
22,72,94
47,88,135
77,74,151
82,76,158
23,75,98
26,94,120
57,63,120
43,43,86
66,57,123
15,23,38
14,32,46
86,62,148
17,55,72
92,89,181
39,97,136
87,96,183
21,86,107
63,33,96
36,48,84
85,78,163
46,50,96
96,18,114
82,46,128
10,100,110
10,91,101
73,78,151
21,61,82
95,69,164
65,44,109
85,87,172
73,45,118
27,68,95
78,15,93
21,67,88
22,77,99
65,59,124
36,79,115
85,72,157
33,16,49
86,39,125
7,45,52
30,65,95
90,67,157
98,92,190
32,28,60
61,51,112
42,46,88
52,32,84
70,31,101
84,73,157
34,24,58
24,91,115
80,59,139
93,70,163
32,42,74
69,31,100
99,61,160
57,71,128
7,74,81
23,33,56
94,13,107
16,34,50
93,97,190
74,63,137
7,84,91
89,8,97
41,67,108
51,79,130
46,78,124
61,66,127
65,50,115
39,61,100
82,40,122
100,97,197
85,59,144
47,84,131
39,45,84
10,9,19
30,50,80
73,82,155
19,49,68
75,58,133
38,26,64
65,41,106
61,64,125
81,88,169
35,99,134
44,59,103
92,50,142
11,52,63
90,83,173
35,39,74
10,41,51
81,59,140
74,84,158
94,73,167
9,30,39
48,38,86
84,55,139
88,36,124
41,26,67
100,20,120
62,78,140
45,14,59
96,100,196
12,37,49
85,65,150
60,84,144
11,50,61
41,66,107
70,77,147
19,70,89
60,65,125
53,77,130
71,25,96
72,56,128
8,76,84
29,52,81
56,63,119
88,52,140
10,66,76
17,29,46
63,74,137
53,92,145
23,67,90
63,50,113
91,93,184
50,58,108
63,69,132
65,97,162
93,34,127
96,75,171
9,94,103
12,50,62
72,62,134
34,58,92
59,47,106
91,95,186
48,26,74
75,16,91
83,19,102
46,83,129
64,78,142
13,38,51
21,74,95
54,68,122
27,27,54
33,82,115
90,51,141
41,97,138
84,31,115
10,87,97
16,18,34
36,21,57
79,61,140
95,7,102
94,8,102
37,83,120
92,38,130
35,29,64
46,36,82
59,26,85
47,60,107
89,12,101
68,54,122
55,94,149
63,10,73
78,56,134
43,68,111
21,69,90
24,12,36
20,71,91
26,85,111
40,68,108
97,62,159
40,82,122
55,15,70
84,76,160
78,54,132
93,54,147
80,90,170
70,100,170
34,44,78
52,80,132
36,46,82
88,25,113
78,93,171
23,54,77
52,56,108
43,26,69
86,22,108
40,55,95
19,53,72
19,68,87
44,32,76
100,68,168
87,88,175
55,55,110
97,10,107
33,80,113
41,63,104
76,71,147
71,49,120
74,55,129
19,86,105
12,74,86
84,74,158
15,43,58
20,93,113
11,16,27
49,66,115
29,58,87
96,54,150
9,72,81
42,87,129
43,13,56
38,46,84
62,21,83
53,99,152
62,85,147
34,53,87
84,36,120
65,20,85
32,48,80
88,47,135
54,47,101
74,14,88
76,83,159
77,89,166
68,47,115
20,81,101
10,71,81
87,67,154
32,84,116
59,69,128
92,30,122
62,75,137
22,30,52
34,40,74
52,18,70
46,43,89
17,27,44
83,75,158
94,8,102
62,88,150
17,8,25
98,42,140
31,21,52
33,64,97
51,7,58
64,38,102
66,36,102
65,17,82
50,25,75
7,78,85
94,78,172
79,14,93
84,52,136
9,81,90
12,85,97
53,63,116
25,57,82
24,17,41
85,62,147
67,60,127
12,45,57
89,96,185
58,95,153
77,92,169
85,61,146
9,98,107
50,88,138
64,75,139
49,32,81
9,7,16
18,78,96
26,39,65
52,92,144
25,30,55
85,32,117
52,94,146
25,68,93
11,30,41
49,16,65
88,53,141
26,70,96
44,27,71
55,89,144
97,84,181
59,33,92
9,29,38
60,100,160
12,92,104
88,95,183
41,30,71
75,52,127
27,88,115
23,60,83
38,69,107
49,31,80
8,73,81
56,95,151
65,16,81
80,79,159
16,15,31
76,53,129
35,24,59
22,68,90
99,58,157
7,38,45
38,31,69
66,56,122
56,11,67
36,48,84
50,53,103
7,37,44
36,30,66
91,99,190
61,28,89
95,80,175
96,67,163
61,37,98
65,33,98
78,8,86
42,56,98
15,44,59
93,90,183
70,70,140
9,21,30
95,62,157
42,90,132
98,23,121
69,44,113
89,99,188
46,56,102
79,62,141
81,17,98
77,38,115
75,44,119
90,31,121
86,65,151
26,66,92
17,22,39
34,12,46
25,61,86
76,72,148
55,48,103
60,31,91
43,69,112
19,41,60
72,21,93
92,35,127
29,46,75
67,66,133
53,80,133
51,85,136
94,46,140
49,32,81
51,37,88
57,15,72
7,8,15
32,56,88
53,77,130
26,27,53
12,34,46
74,85,159
37,66,103
96,60,156
22,89,111
67,88,155
67,32,99
29,71,100
98,44,142
63,98,161
88,53,141
84,60,144
8,83,91
99,36,135
83,89,172
72,42,114
30,38,68
42,23,65
79,14,93
28,50,78
99,17,116
55,81,136
12,82,94
59,55,114
91,63,154
87,51,138
83,23,106
83,10,93
79,61,140
25,79,104
30,36,66
64,98,162
75,92,167
25,9,34
80,32,112
24,24,48
41,17,58
99,51,150
22,56,78
31,80,111
52,85,137
47,56,103
17,99,116
9,79,88
39,73,112
16,37,53
57,63,120
79,52,131
68,89,157
30,17,47
81,19,100
65,36,101
85,80,165
100,51,151
81,35,116
50,92,142
73,55,128
10,47,57
19,80,99
75,41,116
56,48,104
90,25,115
75,29,104
25,52,77
15,90,105
62,62,124
27,37,64
90,22,112
48,61,109
73,62,135
93,71,164
29,81,110
90,61,151
68,59,127
88,59,147
64,29,93
97,33,130
85,75,160
45,59,104
60,65,125
16,68,84
96,19,115
84,71,155
22,40,62
42,86,128
35,85,120
80,79,159
91,100,191
76,27,103
83,74,157
70,20,90
48,44,92
91,28,119
96,18,114
76,93,169
96,40,136
43,67,110
56,61,117
21,15,36
90,77,167
79,73,152
40,60,100
16,44,60
38,70,108
78,36,114
19,9,28
92,89,181
64,82,146
82,41,123
82,75,157
58,76,134
82,94,176
65,25,90
30,75,105
70,87,157
81,72,153
96,83,179
94,13,107
95,10,105
85,77,162
68,81,149
54,53,107
99,81,180
57,99,156
28,30,58
35,93,128
68,69,137
34,99,133
73,99,172
61,56,117
81,57,138
79,76,155
98,59,157
94,58,152
97,35,132
29,12,41
77,45,122
66,80,146
61,33,94
10,40,50
42,26,68
52,22,74
86,65,151
31,66,97
82,65,147
77,54,131
18,37,55
11,16,27
32,53,85
93,80,173
95,97,192
56,46,102
49,23,72
52,98,150
58,8,66
59,94,153
31,64,95
48,28,76
97,35,132
90,79,169
89,76,165
65,17,82
28,56,84
55,97,152
89,18,107
44,10,54
43,28,71
44,88,132
85,13,98
11,77,88
14,63,77
49,49,98
16,73,89
71,27,98
57,8,65
9,60,69
33,61,94
89,35,124
22,82,104
55,13,68
57,7,64
21,96,117
100,95,195
50,86,136
51,99,150
35,16,51
32,9,41
22,92,114
12,11,23
29,55,84
75,58,133
41,63,104
92,96,188
95,58,153
22,50,72
19,55,74
92,95,187
81,13,94
9,37,46
17,34,51
23,70,93
51,21,72
100,10,110
40,8,48
93,42,135
95,53,148
48,81,129
75,33,108
29,88,117
25,21,46
78,62,140
80,74,154
19,76,95
22,67,89
64,62,126
26,72,98
75,87,162
45,41,86
60,99,159
80,89,169
31,87,118
79,67,146
68,24,92
21,92,113
88,69,157
7,80,87
73,37,110
52,9,61
41,96,137
13,86,99
25,80,105
12,28,40
47,85,132
11,57,68
11,45,56
47,19,66
24,27,51
97,94,191
82,13,95
97,87,184
39,51,90
38,13,51
65,30,95
35,84,119
87,14,101
73,36,109
93,32,125
48,65,113
22,87,109
53,17,70
58,71,129
98,89,187
36,71,107
25,19,44
15,80,95
43,40,83
93,81,174
53,29,82
87,46,133
58,91,149
26,48,74
12,80,92
44,18,62
63,45,108
43,37,80
22,68,90
61,58,119
72,19,91
92,69,161
51,92,143
50,65,115
47,60,107
7,97,104
33,83,116
10,85,95
67,14,81
30,76,106
39,74,113
40,24,64
10,8,18
48,72,120
69,66,135
85,66,151
73,77,150
64,77,141
42,35,77
97,78,175
89,62,151
94,24,118
90,94,184
25,91,116
10,41,51
95,66,161
49,85,134
25,10,35
14,48,62
45,29,74
71,55,126
53,40,93
91,59,150
76,71,147
9,52,61
77,12,89
19,23,42
82,70,152
24,22,46
67,55,122
89,17,106
26,64,90
97,63,160
28,91,119
80,10,90
45,43,88
91,32,123
31,8,39
65,26,91
50,81,131
46,100,146
86,45,131
21,59,80
58,96,154
37,80,117
96,61,157
72,58,130
23,62,85
85,82,167
17,77,94
37,9,46
53,60,113
21,43,64
20,77,97
58,67,125
46,72,118
46,41,87
27,23,50
32,50,82
10,66,76
31,53,84
32,19,51
45,91,136
71,14,85
74,82,156
22,47,69
85,44,129
40,98,138
21,84,105
28,9,37
31,46,77
92,38,130
37,66,103
22,97,119
37,63,100
39,38,77
36,58,94
33,83,116
93,37,130
48,40,88
83,33,116
69,91,160
69,82,151
31,71,102
80,40,120
13,8,21
41,41,82
12,86,98
21,77,98
100,76,176
26,43,69
11,12,23
61,59,120
88,17,105
69,68,137
57,45,102
87,41,128
45,9,54
91,93,184
85,76,161
47,94,141
43,59,102
70,40,110
76,81,157
12,29,41
22,61,83
25,15,40
99,93,192
71,49,120
13,85,98
59,46,105
100,21,121
11,98,109
41,61,102
91,84,175
53,33,86
13,18,31
73,60,133
63,57,120
56,29,85
66,73,139
89,49,138
78,35,113
79,100,179
91,41,132
65,9,74
75,98,173
53,80,133
47,10,57
77,31,108
48,15,63
52,35,87
22,92,114
50,12,62
16,55,71
86,72,158
14,19,33
21,76,97
76,76,152
72,18,90
13,83,96
27,88,115
16,76,92
30,49,79
73,54,127
86,25,111
65,70,135
87,32,119
92,53,145
31,38,69
72,64,136
94,60,154
19,27,46
37,18,55
62,49,111
66,94,160
84,8,92
18,77,95
68,39,107
44,20,64
11,26,37
98,22,120
58,23,81
98,24,122
17,95,112
69,64,133
45,16,61
12,58,70
80,35,115
30,100,130
9,58,67
23,12,35
7,45,52
61,22,83
94,22,116
73,12,85
17,67,84
68,15,83
25,97,122
64,13,77
56,89,145
53,86,139
64,35,99
42,91,133
8,76,84
97,26,123
77,48,125
70,68,138
59,54,113
74,92,166
43,50,93
89,41,130
85,18,103
87,16,103
37,20,57
33,66,99
68,99,167
77,19,96
9,64,73
41,41,82
51,88,139
86,21,107
40,14,54
65,22,87
32,42,74
12,53,65
24,21,45
83,40,123
24,78,102
61,62,123
64,86,150
82,88,170
99,19,118
21,30,51
91,60,151
100,28,128
35,51,86
34,20,54
69,61,130
97,63,160
13,100,113
25,45,70
69,66,135
7,56,63
42,72,114
34,39,73
82,100,182
84,74,158
41,7,48
78,9,87
94,43,137
69,53,122
27,38,65
45,87,132
71,98,169
60,94,154
39,100,139
12,97,109
30,74,104
29,27,56
49,15,64
61,93,154
9,30,39
73,31,104
91,70,161
71,87,158
61,76,137
97,62,159
78,29,107
68,42,110
7,95,102
38,81,119
12,49,61
70,16,86
77,12,89
98,57,155
89,57,146
66,68,134
88,62,150
62,14,76
94,27,121
17,97,114
35,72,107
50,14,64
37,45,82
90,61,151
51,27,78
23,63,86
42,71,113
47,23,70
100,96,196
56,82,138
77,77,154
82,75,157
83,23,106
27,87,114
69,96,165
78,76,154
33,71,104
97,57,154
17,29,46
23,90,113
17,28,45
75,15,90
10,79,89
78,58,136
92,53,145
98,17,115
65,55,120
84,65,149
18,70,88
15,69,84
51,75,126
23,85,108
80,10,90
45,71,116
100,88,188
23,25,48
93,53,146
37,8,45
41,29,70
86,12,98
42,72,114
16,94,110
59,84,143
69,96,165
48,35,83
18,14,32
46,91,137
86,66,152
15,70,85
77,31,108
79,13,92
13,12,25
17,40,57
72,26,98
61,15,76
26,56,82
48,63,111
68,28,96
33,33,66
26,66,92
56,31,87
82,54,136
43,39,82
16,37,53
63,67,130
65,97,162
86,85,171
54,99,153
14,7,21
23,21,44
56,17,73
81,47,128
30,45,75
52,79,131
44,30,74
55,76,131
34,13,47
78,48,126
12,82,94
86,75,161
68,75,143
11,98,109
38,13,51
14,88,102
63,13,76
19,94,113
65,43,108
48,55,103
47,29,76
45,18,63
61,12,73
51,19,70
35,42,77
29,7,36
82,67,149
27,28,55
44,55,99
42,9,51
47,49,96
57,22,79
97,13,110
25,11,36
63,92,155
10,47,57
43,97,140
67,87,154
56,88,144
81,45,126
50,24,74
41,37,78
25,20,45
82,14,96
56,32,88
66,83,149
79,88,167
98,9,107
73,35,108
65,86,151
52,39,91
77,22,99
35,73,108
60,11,71
95,76,171
79,72,151
81,75,156
50,8,58
30,96,126
69,56,125
68,13,81
55,10,65
20,58,78
91,74,165
79,95,174
30,32,62
17,42,59
50,75,125
77,9,86
12,34,46
96,95,191
44,86,130
50,52,102
60,83,143
76,49,125
98,66,164
44,35,79
59,10,69
88,31,119
11,82,93
43,41,84
86,55,141
10,58,68
56,64,120
53,68,121
98,43,141
45,51,96
14,36,50
80,11,91
77,54,131
81,29,110
72,65,137
49,69,118
34,82,116
87,17,104
22,85,107
60,31,91
12,80,92
9,51,60
20,71,91
23,8,31
24,68,92
100,37,137
68,26,94
65,32,97
98,56,154
79,92,171
26,75,101
77,94,171
66,11,77
24,57,81
27,20,47
43,97,140
46,93,139
47,56,103
85,49,134
67,84,151
52,90,142
78,18,96
90,39,129
53,69,122
7,69,76
70,15,85
33,93,126
37,47,84
45,70,115
27,25,52
71,54,125
7,15,22
25,72,97
17,34,51
79,42,121
7,18,25
57,53,110
73,32,105
32,54,86
72,58,130
14,88,102
75,90,165
10,49,59
50,71,121
66,81,147
22,31,53
86,56,142
24,72,96
85,37,122
82,80,162
77,39,116
61,49,110
64,29,93
64,16,80
37,97,134
42,20,62
97,20,117
32,97,129
22,49,71
75,24,99
100,27,127
60,18,78
25,63,88
84,53,137
31,74,105
14,21,35
7,74,81
70,33,103
53,17,70
97,70,167
29,47,76
43,20,63
11,45,56
49,56,105
20,34,54
11,80,91
59,40,99
95,16,111
98,69,167
69,15,84
36,14,50
67,38,105
87,48,135
35,33,68
31,27,58
91,43,134
15,34,49
83,98,181
94,47,141
82,51,133
81,38,119
24,25,49
57,97,154
85,63,148
25,93,118
55,71,126
67,77,144
89,61,150
41,10,51
29,41,70
97,90,187
93,14,107
47,87,134
12,85,97
36,57,93
10,40,50
51,80,131
34,21,55
54,60,114
59,34,93
11,90,101
50,10,60
54,39,93
29,66,95
96,98,194
22,7,29
58,49,107
100,59,159
38,66,104
43,45,88
59,85,144
47,89,136
17,60,77
60,95,155
59,52,111
85,11,96
90,58,148
16,53,69
7,75,82
70,85,155
45,100,145
76,100,176
44,37,81
94,42,136
76,77,153
51,89,140
63,59,122
52,75,127
92,65,157
93,75,168
64,84,148
27,77,104
44,51,95
93,32,125
52,21,73
31,36,67
99,90,189
65,65,130
25,23,48
42,57,99
81,68,149
58,87,145
92,22,114
11,69,80
80,47,127
49,69,118
86,90,176
11,40,51
39,49,88
63,67,130
59,98,157
83,75,158
13,86,99
18,48,66
34,93,127
40,85,125
89,33,122
76,11,87
31,93,124
56,58,114
35,30,65
65,19,84
77,52,129
55,25,80
37,86,123
55,41,96
99,11,110
51,21,72
9,49,58
99,57,156
61,19,80
20,20,40
90,57,147
78,69,147
73,30,103
16,14,30
28,62,90
87,15,102
93,69,162
98,14,112
64,97,161
39,52,91
31,7,38
59,22,81
77,99,176
53,10,63
66,69,135
53,30,83
87,84,171
84,41,125
17,13,30
94,27,121
31,32,63
27,61,88
23,20,43
41,81,122
53,100,153
49,30,79
33,43,76
16,65,81
11,47,58
43,19,62
37,59,96
23,46,69
23,20,43
30,44,74
74,40,114
60,51,111
34,45,79
17,16,33
66,9,75
40,59,99
96,10,106
62,52,114
57,91,148
81,66,147
78,32,110
90,14,104
53,32,85
32,75,107
18,28,46
61,93,154
41,14,55
79,62,141
38,13,51
13,66,79
11,45,56
29,72,101
40,32,72
37,75,112
45,60,105
32,28,60
93,79,172
10,33,43
26,100,126
13,81,94
97,31,128
42,32,74
66,83,149
58,20,78
96,21,117
96,90,186
34,93,127
48,68,116
69,44,113
88,92,180
83,77,160
79,41,120
68,8,76
59,23,82
18,67,85
64,35,99
88,95,183
42,63,105
39,80,119
80,42,122
93,58,151
80,8,88
25,60,85
16,88,104
38,45,83
25,82,107
21,34,55
76,19,95
72,85,157
81,71,152
100,11,111
74,98,172
41,31,72
92,84,176
69,83,152
67,61,128
48,9,57
78,39,117
53,22,75
69,73,142
10,42,52
91,89,180
23,52,75
85,25,110
32,68,100
27,95,122
62,32,94
86,98,184
94,50,144
38,74,112
54,27,81
68,11,79
28,51,79
26,99,125
76,90,166
100,33,133
73,24,97
57,82,139
69,83,152
71,35,106
87,96,183
34,69,103
74,61,135
78,82,160
12,65,77
58,50,108
73,70,143
65,83,148
100,21,121
77,25,102
88,16,104
88,60,148
36,47,83
80,22,102
78,83,161
72,11,83
96,75,171
50,71,121
69,32,101
69,26,95
52,16,68
9,14,23
26,41,67
49,88,137
17,87,104
46,91,137
17,37,54
37,56,93
28,83,111
88,80,168
91,37,128
39,11,50
50,82,132
42,20,62
77,42,119
95,100,195
82,79,161
93,12,105
57,56,113
56,93,149
22,83,105
66,87,153
32,67,99
41,57,98
46,20,66
55,39,94
70,8,78
62,77,139
100,94,194
58,66,124
84,22,106
81,13,94
48,18,66
32,34,66
55,36,91
66,29,95
15,84,99
43,88,131
60,92,152
86,38,124
92,87,179
40,53,93
34,23,57
98,39,137
56,53,109
77,90,167
82,70,152
73,80,153
15,31,46
90,17,107
81,48,129
79,97,176
93,49,142
97,19,116
12,43,55
67,60,127
73,15,88
64,8,72
33,68,101
58,71,129
23,45,68
65,15,80
58,70,128
74,15,89
78,49,127
31,55,86
84,29,113
74,23,97
89,9,98
81,30,111
100,46,146
61,88,149
48,83,131
32,23,55
44,80,124
56,72,128
24,99,123
10,90,100
79,93,172
27,81,108
84,65,149
56,74,130
36,95,131
55,46,101
35,27,62
95,74,169
51,61,112
51,77,128
38,51,89
88,80,168
34,14,48
46,35,81
23,25,48
85,29,114
35,66,101
62,17,79
11,42,53
52,37,89
10,52,62
65,26,91
57,44,101
12,85,97
49,85,134
69,42,111
27,87,114
75,35,110
54,81,135
54,17,71
60,55,115
100,65,165
56,80,136
21,19,40
79,41,120
59,38,97
32,37,69
47,68,115
76,80,156
73,34,107
55,23,78
56,98,154
82,44,126
93,73,166
89,24,113
70,77,147
64,68,132
51,93,144
31,98,129
46,14,60
52,84,136
17,33,50
100,84,184
17,100,117
75,43,118
83,34,117
48,41,89
20,76,96
97,46,143
68,33,101
7,38,45
82,90,172
92,44,136
42,36,78
22,19,41
25,29,54
24,23,47
95,73,168
74,91,165
48,100,148
98,9,107
68,88,156
83,57,140
31,85,116
29,68,97
92,56,148
22,54,76
61,76,137
39,40,79
69,51,120
40,24,64
57,10,67
84,51,135
84,95,179
76,68,144
67,38,105
8,55,63
94,78,172
83,78,161
85,29,114
96,11,107
83,82,165
60,96,156
61,64,125
73,26,99
53,19,72
78,23,101
14,30,44
64,25,89
12,56,68
85,62,147
43,11,54
86,98,184
23,65,88
94,26,120
87,19,106
36,87,123
33,37,70
94,36,130
8,11,19
55,34,89
44,38,82
52,99,151
11,77,88
40,41,81
98,12,110
48,8,56
52,91,143
43,59,102
16,39,55
34,62,96
15,38,53
9,65,74
57,96,153
96,76,172
81,22,103
91,69,160
42,83,125
91,47,138
92,61,153
63,42,105
83,83,166
31,30,61
92,30,122
41,10,51
69,28,97
49,7,56
51,46,97
44,91,135
65,50,115
36,60,96
51,85,136
40,74,114
83,84,167
28,67,95
29,30,59
53,68,121
53,83,136
64,72,136
24,27,51
93,98,191
25,89,114
14,53,67
34,32,66
50,58,108
86,20,106
91,58,149
49,96,145
37,42,79
74,97,171
79,73,152
46,14,60
38,49,87
92,55,147
52,51,103
82,27,109
56,74,130
73,36,109
36,77,113
44,66,110
9,84,93
55,87,142
77,14,91
75,100,175
46,17,63
23,47,70
25,62,87
48,87,135
27,7,34
17,91,108
99,37,136
59,87,146
57,69,126
57,93,150
49,63,112
36,37,73
47,8,55
89,42,131
32,46,78
49,46,95
40,24,64
43,9,52
62,87,149
93,42,135
35,30,65
93,43,136
27,66,93
90,17,107
93,10,103
51,34,85
75,78,153
77,58,135
82,33,115
89,79,168
9,65,74
90,96,186
45,59,104
63,57,120
39,59,98
94,10,104
43,9,52
34,47,81
36,26,62
47,77,124
31,66,97
9,94,103
94,24,118
24,13,37
14,80,94
82,78,160
98,34,132
77,67,144
40,85,125
10,76,86
20,43,63
67,77,144
24,73,97
100,81,181
7,51,58
98,47,145
64,85,149
61,36,97
94,42,136
73,52,125
97,71,168
25,77,102
59,44,103
84,31,115
60,24,84
48,17,65
32,49,81
98,80,178
31,41,72
54,80,134
68,12,80
28,67,95
17,7,24
42,76,118
67,73,140
66,50,116
78,20,98
89,21,110
79,70,149
61,29,90
20,19,39
100,83,183
71,44,115
22,28,50
14,59,73
68,23,91
76,83,159
81,21,102
21,30,51
78,80,158
68,15,83
98,7,105
33,89,122
33,54,87
98,65,163
42,90,132
64,78,142
59,91,150
92,8,100
43,88,131
67,34,101
87,20,107
64,61,125
33,95,128
15,57,72
34,41,75
11,44,55
73,70,143
25,92,117
79,91,170
83,93,176
50,29,79
24,88,112
62,11,73
12,91,103
96,7,103
97,59,156
11,59,70
58,79,137
92,57,149
17,42,59
39,32,71
19,53,72
8,71,79
81,18,99
15,12,27
31,78,109
78,42,120
38,70,108
66,71,137
31,48,79
32,77,109
13,36,49
27,67,94
87,48,135
38,9,47
74,53,127
58,18,76
82,56,138
58,14,72
29,89,118
85,36,121
69,63,132
43,82,125
23,16,39
96,39,135
88,73,161
34,100,134
9,55,64
83,16,99
96,60,156
55,20,75
87,99,186
8,33,41
51,35,86
78,10,88
81,53,134
80,38,118
80,32,112
86,91,177
90,47,137
32,32,64
75,8,83
32,88,120
50,52,102
90,73,163
39,76,115
33,38,71
11,100,111
100,59,159
56,50,106
47,62,109
55,37,92
44,44,88
24,51,75
69,33,102
9,55,64
54,44,98
85,32,117
8,44,52
99,17,116
84,45,129
20,37,57
33,90,123
68,61,129
43,19,62
42,33,75
79,88,167
98,77,175
66,90,156
83,74,157
35,41,76
54,66,120
35,19,54
63,57,120
21,44,65
48,27,75
95,68,163
95,25,120
50,75,125
9,99,108
65,50,115
74,100,174
49,86,135
31,56,87
64,46,110
83,19,102
18,65,83
47,75,122
100,96,196
38,35,73
86,28,114
27,58,85
20,38,58
66,77,143
81,88,169
39,34,73
87,69,156
98,18,116
24,74,98
17,9,26
11,51,62
14,52,66
75,77,152
40,70,110
30,31,61
87,57,144
27,17,44
57,98,155
42,90,132
26,56,82
98,60,158
34,19,53
71,92,163
60,83,143
100,51,151
46,68,114
85,58,143
28,12,40
19,64,83
8,33,41
86,86,172
99,61,160
82,25,107
51,51,102
72,80,152
56,84,140
38,72,110
79,15,94
89,75,164
36,62,98
17,61,78
56,56,112
16,78,94
86,96,182
41,42,83
34,56,90
37,10,47
77,29,106
8,29,37
49,48,97
17,91,108
89,63,152
82,78,160
77,83,160
88,30,118
46,45,91
77,79,156
19,69,88
38,80,118
44,67,111
94,64,158
80,28,108
33,30,63
9,89,98
56,18,74
65,74,139
72,18,90
43,28,71
43,47,90
20,70,90
77,51,128
11,25,36
63,10,73
40,86,126
99,86,185
72,19,91
74,37,111
82,46,128
53,83,136
98,22,120
77,90,167
19,53,72
25,31,56
27,30,57
47,86,133
93,80,173
94,49,143
58,97,155
98,58,156
28,64,92
95,20,115
59,38,97
42,22,64
48,63,111
90,22,112
72,81,153
55,53,108
70,18,88
84,70,154
77,93,170
48,90,138
80,59,139
61,10,71
10,8,18
24,40,64
40,17,57
91,58,149
62,29,91
8,56,64
39,48,87
58,65,123
56,77,133
10,38,48
65,33,98
37,14,51
48,10,58
80,34,114
93,63,156
13,86,99
51,83,134
84,36,120
62,66,128
60,73,133
45,69,114
69,95,164
60,44,104
68,90,158
87,58,145
15,89,104
70,31,101
35,83,118
88,44,132
35,53,88
27,38,65
9,26,35
49,45,94
30,91,121
15,40,55
65,65,130
83,74,157
38,12,50
10,9,19
39,15,54
35,87,122
64,88,152
65,78,143
56,74,130
51,47,98
75,54,129
44,51,95
78,84,162
67,89,156
15,92,107
96,31,127
65,91,156
30,54,84
94,10,104
12,18,30
53,63,116
72,45,117
45,68,113
73,10,83
34,49,83
8,93,101
12,8,20
9,100,109
77,78,155
42,83,125
14,32,46
10,14,24
66,14,80
32,28,60
34,39,73
67,42,109
18,73,91
18,28,46
96,79,175
80,71,151
44,51,95
37,75,112
55,17,72
86,57,143
18,58,76
54,40,94
29,53,82
53,72,125
13,84,97
12,22,34
21,43,64
82,84,166
55,92,147
79,7,86
59,31,90
38,59,97
84,20,104
27,86,113
65,69,134
49,17,66
56,56,112
33,97,130
98,7,105
83,13,96
33,72,105
46,69,115
70,66,136
73,7,80
48,60,108
88,21,109
91,47,138
33,75,108
20,14,34
91,53,144
55,42,97
58,15,73
68,27,95
27,13,40
10,62,72
32,100,132
50,24,74
45,34,79
36,14,50
67,41,108
58,29,87
19,83,102
18,73,91
85,68,153
29,40,69
8,20,28
94,96,190
97,46,143
35,33,68
77,90,167
67,77,144
82,9,91
44,88,132
33,21,54
16,38,54
11,7,18
77,36,113
31,94,125
83,69,152
91,47,138
27,31,58
75,24,99
75,86,161
50,91,141
83,38,121
16,49,65
72,79,151
26,56,82
83,17,100
16,34,50
80,68,148
51,34,85
19,89,108
11,7,18
11,82,93
99,55,154
84,36,120
18,31,49
25,63,88
44,60,104
9,45,54
65,49,114
74,16,90
61,27,88
24,8,32
79,89,168
88,94,182
88,31,119
78,8,86
80,34,114
65,70,135
29,82,111
69,55,124
52,50,102
9,51,60
41,73,114
29,64,93
26,63,89
60,24,84
55,85,140
79,74,153
80,75,155
18,73,91
84,43,127
32,61,93
60,60,120
85,34,119
23,43,66
82,15,97
57,60,117
74,89,163
31,78,109
100,97,197
76,50,126
45,9,54
11,23,34
72,71,143
23,58,81
84,8,92
78,32,110
87,16,103
80,93,173
95,58,153
96,16,112
50,94,144
72,30,102
16,30,46
10,41,51
62,41,103
31,19,50
52,78,130
72,46,118
53,71,124
87,46,133
82,80,162
50,63,113
69,80,149
25,50,75
10,58,68
99,22,121
71,88,159
83,18,101
32,31,63
92,24,116
13,62,75
71,50,121
37,55,92
84,31,115
47,75,122
49,91,140
74,67,141
80,7,87
58,79,137
44,67,111
42,52,94
25,11,36
98,98,196
100,50,150
32,56,88
36,64,100
58,12,70
11,81,92
71,85,156
87,49,136
41,82,123
44,21,65
92,68,160
90,7,97
40,14,54
37,41,78
67,80,147
82,59,141
94,68,162
40,78,118
42,73,115
83,82,165
92,15,107
54,98,152
83,83,166
74,20,94
10,10,20
50,54,104
76,99,175
20,64,84
65,98,163
12,71,83
56,22,78
70,16,86
41,96,137
41,9,50
84,82,166
39,88,127
68,40,108
15,96,111
54,35,89
24,19,43
28,18,46
47,76,123
19,36,55
59,31,90
63,78,141
26,95,121
54,63,117
52,34,86
52,12,64
80,70,150
20,31,51
32,67,99
39,59,98
91,44,135
96,52,148
100,43,143
61,99,160
78,23,101
25,93,118
93,49,142
90,82,172
96,16,112
55,9,64
24,74,98
60,24,84
44,38,82
90,39,129
15,73,88
23,87,110
40,62,102
64,15,79
65,99,164
84,54,138
82,74,156
52,96,148
44,42,86
47,76,123
26,73,99
39,33,72
84,64,148
31,26,57
36,70,106
54,21,75
92,36,128
40,85,125
43,67,110
48,15,63
40,48,88
36,36,72
97,78,175
98,68,166
15,8,23
42,49,91
36,43,79
31,59,90
93,82,175
21,76,97
11,23,34
59,39,98
29,7,36
51,39,90
73,27,100
38,37,75
30,75,105
29,46,75
72,97,169
34,64,98
65,70,135
83,51,134
14,97,111
75,31,106
67,14,81
44,94,138
51,66,117
44,29,73
7,24,31
26,87,113
82,45,127
36,49,85
90,53,143
44,69,113
46,47,93
12,41,53
29,57,86
71,90,161
79,71,150
23,12,35
34,42,76
34,64,98
20,14,34
35,31,66
22,85,107
98,98,196
83,55,138
80,100,180
54,44,98
75,36,111
73,89,162
84,56,140
99,43,142
94,90,184
12,17,29
39,24,63
60,62,122
98,53,151
40,50,90
97,38,135
10,48,58
37,9,46
80,65,145
70,78,148
67,77,144
73,98,171
66,44,110
29,40,69
15,33,48
17,25,42
16,15,31
79,36,115
77,65,142
91,67,158
60,85,145
33,31,64
41,11,52
44,24,68
63,35,98
15,66,81
88,89,177
93,37,130
15,85,100
14,62,76
63,11,74
89,41,130
54,29,83
8,78,86
41,38,79
53,25,78
89,88,177
51,79,130
57,90,147
72,81,153
23,72,95
20,95,115
83,24,107
21,78,99
57,48,105
72,9,81
27,85,112
25,85,110
74,34,108
96,59,155
33,25,58
13,99,112
22,43,65
96,59,155
59,82,141
56,7,63
22,16,38
82,89,171
92,92,184
46,40,86
33,53,86
14,54,68
23,31,54
75,30,105
58,23,81
26,68,94
51,32,83
20,74,94
68,99,167
9,16,25
92,91,183
91,81,172
83,47,130
22,51,73
76,16,92
51,92,143
35,85,120
90,47,137
85,89,174
86,81,167
85,31,116
93,25,118
61,92,153
68,78,146
68,42,110
87,75,162
23,78,101
92,21,113
52,24,76
47,71,118
81,51,132
38,31,69
60,40,100
96,37,133
73,37,110
86,67,153
64,21,85
62,35,97
86,29,115
98,20,118
62,11,73
82,77,159
35,15,50
98,24,122
90,25,115
69,47,116
59,61,120
29,92,121
29,17,46
67,85,152
19,85,104
50,33,83
28,21,49
99,46,145
29,10,39
78,99,177
22,47,69
86,91,177
75,41,116
93,84,177
36,11,47
36,52,88
16,24,40
87,26,113
84,82,166
61,33,94
98,40,138
10,28,38
60,52,112
35,58,93
75,81,156
11,85,96
74,82,156
91,70,161
46,37,83
43,26,69
75,16,91
45,22,67
25,17,42
32,68,100
78,22,100
66,67,133
63,74,137
64,20,84
8,58,66
68,20,88
46,88,134
75,8,83
67,13,80
71,72,143
95,93,188
83,61,144
82,59,141
37,29,66
23,22,45
93,15,108
41,21,62
70,80,150
13,66,79
57,67,124
44,23,67
42,47,89
76,65,141
66,19,85
66,88,154
73,84,157
96,28,124
14,40,54
79,9,88
8,57,65
52,100,152
7,75,82
18,70,88
12,41,53
24,100,124
54,72,126
64,76,140
16,36,52
39,91,130
10,76,86
62,19,81
77,97,174
90,31,121
13,100,113
38,21,59
90,78,168
92,68,160
58,76,134
78,13,91
20,91,111
8,7,15
30,18,48
48,21,69
30,13,43
31,46,77
62,55,117
18,53,71
25,22,47
86,51,137
79,48,127
18,77,95
16,79,95
68,77,145
13,79,92
75,96,171
71,71,142
55,11,66
83,78,161
39,97,136
94,96,190
81,66,147
76,66,142
25,41,66
69,50,119
93,87,180
81,74,155
20,61,81
95,82,177
51,43,94
68,64,132
53,16,69
86,32,118
69,98,167
17,92,109
67,45,112
28,96,124
11,92,103
59,66,125
98,28,126
25,39,64
8,90,98
84,67,151
73,21,94
66,85,151
89,55,144
28,66,94
79,38,117
30,17,47
90,46,136
32,45,77
30,58,88
62,28,90
21,30,51
13,99,112
48,95,143
64,61,125
15,28,43
48,83,131
90,44,134
76,25,101
26,18,44
44,74,118
26,33,59
95,99,194
97,52,149
81,92,173
81,65,146
81,11,92
47,20,67
80,98,178
27,74,101
81,70,151
7,7,14
23,17,40
71,63,134
18,99,117
8,78,86
73,16,89
80,97,177
90,49,139
70,15,85
68,17,85
47,24,71
67,64,131
46,96,142
39,69,108
83,31,114
36,8,44
54,60,114
27,77,104
7,80,87
20,20,40
17,61,78
10,53,63
24,85,109
100,33,133
71,28,99
55,47,102
70,97,167
19,94,113
80,34,114
27,79,106
92,64,156
14,31,45
16,35,51
43,30,73
44,38,82
35,58,93
83,13,96
61,25,86
96,13,109
85,95,180
42,86,128
32,54,86
35,54,89
50,42,92
98,8,106
63,71,134
23,89,112
36,58,94
95,87,182
10,73,83
80,63,143
18,94,112
12,16,28
98,19,117
9,67,76
81,91,172
9,7,16
53,67,120
24,81,105
50,94,144
42,57,99
45,12,57
95,75,170
73,41,114
21,15,36
27,30,57
43,59,102
28,18,46
7,63,70
17,33,50
68,85,153
58,17,75
42,69,111
72,32,104
86,36,122
50,70,120
100,65,165
53,50,103
73,32,105
71,54,125
82,83,165
90,63,153
32,100,132
92,48,140
87,78,165
67,39,106
60,43,103
23,73,96
64,65,129
97,46,143
94,20,114
49,89,138
23,94,117
57,76,133
71,99,170
48,73,121
98,89,187
92,80,172
26,32,58
68,12,80
18,76,94
80,84,164
83,15,98
71,50,121
12,64,76
31,80,111
93,57,150
59,94,153
61,94,155
45,63,108
33,49,82
92,8,100
97,81,178
90,83,173
26,31,57
26,89,115
56,38,94
33,52,85
45,19,64
29,30,59
98,72,170
94,51,145
98,23,121
46,15,61
14,66,80
26,66,92
100,45,145
91,46,137
22,91,113
97,55,152
64,29,93
7,100,107
14,25,39
81,31,112
88,34,122
7,28,35
97,12,109
75,54,129
89,36,125
9,82,91
8,9,17
37,62,99
56,97,153
45,76,121
57,36,93
88,98,186
94,11,105
81,27,108
63,87,150
15,43,58
51,17,68
90,78,168
26,28,54
87,25,112
25,53,78
19,33,52
65,56,121
68,15,83
18,86,104
10,47,57
95,40,135
76,97,173
52,9,61
21,78,99
85,92,177
69,18,87
97,89,186
62,34,96
65,78,143
77,24,101
92,75,167
95,70,165
57,74,131
24,60,84
17,62,79
79,10,89
98,99,197
35,34,69
80,12,92
41,19,60
39,82,121
53,45,98
24,84,108
47,38,85
8,80,88
17,19,36
92,62,154
30,83,113
56,94,150
24,73,97
84,66,150
12,64,76
49,30,79
76,88,164
22,46,68
14,90,104
33,49,82
32,13,45
47,59,106
99,74,173
11,83,94
44,82,126
41,52,93
10,64,74
20,71,91
12,87,99
15,34,49
18,80,98
34,67,101
7,21,28
17,76,93
89,45,134
81,73,154
11,75,86
58,91,149
16,20,36
89,54,143
61,76,137
17,29,46
38,63,101
67,89,156
29,71,100
27,59,86
93,47,140
18,78,96
35,44,79
95,92,187
68,7,75
57,32,89
97,23,120
46,88,134
89,58,147
33,97,130
58,46,104
74,65,139
14,53,67
40,58,98
76,64,140
97,30,127
42,87,129
37,77,114
55,37,92
35,26,61
90,11,101
34,54,88
69,35,104
95,59,154
90,60,150
40,97,137
79,74,153
11,84,95
57,88,145
28,92,120
72,25,97
28,69,97
41,87,128
79,79,158
94,96,190
95,52,147
34,90,124
84,42,126
87,12,99
72,15,87
30,100,130
77,100,177
78,54,132
24,10,34
72,17,89
7,53,60
62,68,130
23,58,81
17,41,58
62,38,100
41,64,105
8,48,56
71,49,120
24,67,91
39,69,108
54,87,141
22,11,33
53,92,145
41,81,122
41,44,85
99,62,161
92,79,171
38,46,84
90,99,189
94,14,108
36,37,73
98,50,148
24,29,53
59,28,87
87,43,130
41,82,123
18,65,83
65,43,108
43,19,62
100,34,134
15,14,29
62,47,109
77,82,159
14,64,78
21,71,92
16,31,47
59,60,119
40,78,118
46,94,140
53,10,63
68,52,120
20,79,99
43,52,95
81,81,162
57,94,151
70,13,83
74,33,107
45,29,74
94,25,119
85,45,130
33,72,105
17,63,80
29,47,76
76,29,105
53,43,96
58,46,104
43,51,94
75,35,110
18,74,92
9,95,104
49,26,75
52,46,98
11,70,81
9,26,35
35,95,130
35,74,109
29,23,52
79,51,130
87,94,181
53,43,96
40,51,91
7,89,96
16,47,63
32,42,74
77,48,125
97,24,121
29,68,97
63,83,146
96,24,120
76,95,171
62,30,92
21,46,67
46,27,73
70,36,106
79,57,136
78,80,158
27,39,66
32,40,72
42,29,71
62,91,153
21,40,61
37,85,122
70,84,154
44,92,136
39,20,59
72,58,130
44,75,119
43,33,76
95,95,190
84,7,91
9,24,33
48,88,136
36,64,100
78,22,100
73,36,109
7,60,67
33,23,56
28,80,108
21,36,57
83,73,156
10,84,94
20,50,70
86,95,181
65,23,88
26,71,97
99,52,151
55,43,98
29,24,53
44,34,78
58,60,118
9,45,54
97,25,122
10,36,46
22,69,91
60,64,124
13,93,106
65,18,83
47,46,93
24,25,49
94,35,129
35,58,93
28,69,97
35,50,85
16,84,100
81,68,149
24,37,61
22,18,40
91,37,128
24,89,113
81,56,137
51,21,72
42,10,52
51,91,142
85,47,132
22,10,32
17,21,38
19,67,86
9,57,66
39,28,67
24,73,97
20,8,28
44,77,121
43,61,104
95,60,155
92,11,103
60,13,73
45,57,102
17,87,104
38,8,46
14,49,63
66,87,153
66,80,146
41,94,135
83,79,162
59,47,106
95,53,148
48,73,121
8,59,67
46,58,104
90,95,185
81,61,142
67,90,157
12,13,25
47,96,143
44,11,55
81,23,104
88,40,128
80,83,163
61,12,73
37,11,48
45,55,100
27,42,69
8,38,46
7,22,29
31,56,87
33,89,122
93,41,134
73,75,148
20,78,98
36,49,85
91,19,110
21,10,31
40,50,90
79,14,93
57,56,113
73,82,155
57,9,66
19,49,68
54,71,125
49,47,96
97,96,193
52,27,79
69,46,115
80,48,128
88,66,154
33,62,95
30,53,83
37,71,108
74,69,143
68,27,95
56,94,150
93,62,155
20,86,106
30,49,79
81,49,130
43,93,136
70,80,150
77,33,110
63,50,113
63,92,155
35,61,96
13,50,63
62,94,156
66,31,97
18,46,64
89,53,142
62,47,109
29,74,103
97,49,146
96,99,195
68,56,124
54,15,69
50,42,92
75,24,99
29,91,120
60,98,158
79,95,174
93,28,121
26,54,80
64,93,157
76,85,161
92,78,170
27,74,101
41,65,106
71,29,100
91,69,160
36,26,62
52,41,93
93,60,153
87,28,115
85,7,92
82,7,89
22,41,63
39,99,138
67,82,149
78,21,99
65,65,130
71,81,152
85,97,182
47,78,125
55,82,137
81,42,123
66,98,164
28,34,62
39,18,57
97,36,133
71,64,135
86,89,175
44,88,132
17,78,95
17,15,32
95,35,130
15,23,38
83,17,100
26,80,106
29,19,48
61,92,153
21,32,53
29,35,64
65,50,115
33,25,58
23,8,31
20,26,46
89,80,169
87,22,109
27,47,74
32,58,90
67,28,95
19,54,73
90,32,122
19,15,34
91,16,107
69,35,104
86,94,180
27,92,119
37,83,120
25,46,71
42,29,71
82,37,119
52,14,66
85,37,122
67,90,157
22,66,88
96,90,186
24,44,68
31,64,95
26,67,93
58,9,67
77,20,97
29,8,37
37,75,112
86,98,184
62,20,82
100,91,191
94,52,146
9,79,88
35,64,99
76,78,154
46,59,105
17,52,69
19,10,29
27,86,113
36,90,126
83,54,137
24,66,90
57,61,118
24,37,61
86,7,93
74,62,136
19,14,33
66,41,107
59,97,156
8,66,74
30,9,39
79,18,97
75,34,109
98,62,160
13,65,78
38,35,73
62,48,110
44,79,123
23,18,41
75,9,84
13,62,75
95,10,105
62,90,152
59,88,147
60,12,72
29,45,74
78,91,169
79,90,169
68,37,105
38,60,98
99,94,193
75,30,105
37,22,59
76,41,117
89,41,130
44,17,61
84,97,181
18,15,33
76,97,173
62,86,148
89,96,185
78,98,176
73,54,127
36,57,93
62,33,95
93,95,188
93,9,102
39,34,73
83,39,122
26,72,98
24,77,101
32,70,102
49,53,102
19,84,103
55,81,136
51,70,121
66,9,75
76,13,89
78,14,92
89,81,170
10,92,102
95,68,163
67,67,134
50,77,127
91,70,161
42,47,89
39,65,104
84,26,110
99,62,161
13,24,37
42,20,62
67,61,128
94,95,189
44,51,95
18,27,45
74,56,130
32,51,83
83,67,150
65,55,120
32,40,72
49,69,118
18,83,101
42,81,123
45,16,61
17,30,47
14,67,81
51,49,100
29,28,57
60,96,156
80,26,106
7,38,45
89,75,164
37,41,78
94,22,116
54,80,134
8,58,66
32,73,105
49,74,123
87,84,171
90,41,131
29,45,74
55,66,121
49,22,71
68,36,104
93,14,107
75,53,128
90,56,146
33,75,108
97,50,147
53,91,144
91,65,156
36,70,106
42,48,90
51,12,63
55,48,103
42,99,141
9,69,78
64,17,81
97,58,155
86,69,155
95,23,118
18,77,95
31,64,95
81,53,134
70,63,133
63,58,121
73,56,129
67,78,145
19,38,57
51,27,78
37,11,48
50,29,79
58,15,73
17,69,86
14,82,96
19,18,37
33,60,93
28,65,93
77,60,137
99,41,140
51,85,136
26,31,57
15,19,34
85,48,133
45,12,57
100,76,176
49,34,83
93,77,170
64,71,135
97,16,113
26,39,65
10,97,107
83,54,137
48,29,77
85,60,145
70,52,122
14,68,82
29,64,93
7,34,41
39,68,107
85,83,168
14,57,71
39,68,107
22,32,54
42,35,77
41,73,114
100,15,115
91,91,182
60,36,96
41,66,107
89,45,134
26,51,77
43,79,122
70,58,128
63,85,148
63,16,79
77,37,114
97,39,136
55,100,155
11,78,89
86,37,123
81,47,128
31,27,58
72,79,151
63,44,107
37,38,75
27,70,97
8,47,55
56,38,94
31,60,91
12,25,37
39,53,92
84,77,161
61,71,132
51,93,144
72,70,142
52,26,78
95,37,132
37,27,64
69,83,152
44,84,128
41,53,94
89,28,117
53,97,150
11,85,96
15,99,114
22,23,45
84,56,140
65,95,160
59,95,154
73,38,111
90,89,179
100,23,123
31,94,125
67,67,134
20,85,105
86,97,183
59,54,113
41,99,140
20,43,63
73,64,137
53,92,145
40,42,82
60,16,76
33,12,45
18,83,101
67,90,157
23,21,44
53,86,139
30,71,101
27,33,60
48,9,57
32,48,80
59,63,122
44,81,125
98,93,191
36,87,123
11,63,74
86,63,149
38,30,68
37,95,132
100,93,193
47,37,84
89,29,118
37,86,123
17,89,106
22,100,122
78,34,112
57,63,120
28,37,65
100,28,128
51,9,60
79,68,147
36,42,78
34,36,70
36,12,48
88,42,130
87,10,97
91,87,178
35,24,59
86,21,107
17,52,69
77,10,87
73,98,171
45,66,111
43,26,69
29,49,78
79,52,131
84,82,166
85,56,141
32,30,62
81,87,168
86,83,169
72,19,91
72,51,123
33,54,87
32,66,98
49,14,63
100,37,137
56,15,71
93,98,191
79,64,143
16,77,93
67,51,118
83,58,141
81,92,173
35,89,124
38,86,124
47,43,90
87,24,111
62,40,102
85,18,103
21,47,68
99,34,133
44,15,59
86,59,145
53,90,143
95,71,166
90,67,157
29,78,107
96,52,148
90,88,178
76,9,85
88,97,185
60,8,68
65,35,100
32,64,96
89,27,116
30,19,49
77,46,123
42,83,125
66,33,99
42,18,60
28,76,104
45,53,98
35,36,71
34,46,80
39,69,108
14,16,30
62,22,84
87,10,97
62,57,119
28,51,79
32,56,88
46,23,69
38,87,125
58,80,138
47,46,93
17,49,66
95,21,116
77,36,113
43,24,67
88,21,109
64,55,119
78,8,86
78,98,176
22,90,112
98,35,133
38,10,48
95,82,177
87,26,113
24,68,92
67,21,88
18,86,104
47,69,116
47,88,135
94,18,112
33,65,98
80,45,125
54,24,78
22,62,84
51,40,91
35,40,75
91,51,142
89,26,115
62,28,90
26,11,37
86,21,107
62,64,126
9,98,107
64,13,77
29,8,37
53,56,109
17,33,50
57,23,80
14,52,66
29,38,67
77,21,98
48,64,112
43,39,82
41,7,48
85,33,118
16,73,89
22,97,119
93,48,141
12,7,19
51,87,138
43,26,69
10,74,84
24,33,57
70,100,170
28,43,71
89,41,130
63,69,132
44,36,80
70,54,124
44,17,61
72,63,135
93,39,132
45,92,137
30,98,128
87,73,160
51,51,102
31,42,73
32,95,127
15,32,47
8,54,62
66,87,153
95,98,193
43,19,62
21,47,68
25,16,41
55,51,106
78,73,151
81,49,130
30,25,55
10,13,23
78,50,128
53,21,74
71,33,104
52,48,100
76,86,162
70,26,96
19,26,45
99,98,197
40,22,62
93,99,192
77,65,142
26,94,120
13,16,29
70,44,114
92,52,144
18,88,106
43,80,123
58,63,121
74,26,100
39,42,81
31,55,86
65,85,150
91,56,147
18,60,78
89,73,162
38,79,117
40,26,66
41,42,83
93,9,102
17,26,43
99,38,137
40,54,94
94,83,177
27,29,56
34,87,121
52,8,60
56,23,79
98,9,107
66,64,130
24,52,76
34,66,100
59,56,115
97,43,140
94,16,110
23,45,68
46,20,66
42,51,93
34,47,81
59,61,120
80,75,155
58,54,112
56,19,75
81,17,98
21,64,85
48,52,100
86,91,177
30,42,72
76,46,122
46,22,68
85,40,125
74,71,145
90,13,103
95,55,150
62,77,139
16,46,62
23,27,50
93,98,191
51,89,140
39,41,80
35,55,90
28,54,82
94,21,115
25,56,81
28,25,53
48,64,112
12,100,112
19,83,102
81,75,156
89,93,182
73,59,132
82,57,139
97,16,113
45,49,94
96,79,175
50,62,112
38,88,126
26,45,71
67,90,157
74,81,155
36,34,70
37,99,136
32,83,115
33,54,87
40,63,103
87,33,120
51,18,69
34,73,107
68,31,99
78,55,133
45,45,90
31,19,50
74,58,132
25,42,67
63,30,93
85,83,168
86,42,128
95,45,140
43,32,75
33,82,115
68,14,82
45,8,53
90,39,129
35,14,49
9,12,21
42,69,111
68,40,108
40,33,73
93,50,143
14,45,59
84,64,148
71,42,113
95,19,114
36,84,120
61,93,154
30,48,78
26,32,58
77,46,123
79,35,114
86,82,168
90,61,151
21,77,98
20,77,97
87,72,159
45,72,117
89,54,143
67,52,119
71,55,126
75,70,145
16,92,108
12,52,64
39,14,53
41,60,101
74,98,172
29,89,118
29,75,104
88,82,170
77,58,135
93,40,133
28,83,111
74,32,106
12,55,67
57,85,142
96,13,109
55,8,63
16,28,44
48,55,103
27,86,113
50,92,142
38,99,137
8,35,43
43,90,133
95,70,165
28,43,71
19,85,104
50,56,106
41,70,111
95,46,141
16,70,86
46,35,81
62,43,105
78,78,156
20,51,71
10,90,100
27,12,39
80,12,92
97,67,164
98,23,121
77,86,163
52,41,93
79,67,146
82,70,152
61,24,85
58,21,79
68,93,161
33,94,127
48,91,139
39,35,74
36,15,51
78,64,142
75,83,158
32,51,83
53,48,101
100,47,147
94,95,189
25,94,119
82,100,182
30,9,39
21,93,114
84,37,121
70,95,165
40,90,130
48,89,137
73,21,94
76,72,148
93,66,159
67,87,154
13,21,34
33,37,70
20,43,63
89,93,182
88,31,119
77,49,126
33,45,78
75,22,97
53,56,109
58,55,113
82,43,125
15,80,95
43,78,121
59,69,128
53,88,141
25,21,46
48,40,88
27,11,38
37,34,71
39,31,70
83,82,165
12,65,77
93,13,106
90,19,109
21,45,66
65,59,124
68,39,107
30,73,103
39,81,120
20,82,102
82,67,149
94,68,162
22,55,77
80,70,150
7,8,15
33,7,40
43,77,120
81,36,117
90,32,122
62,20,82
59,82,141
89,47,136
21,97,118
90,54,144
27,93,120
88,12,100
75,14,89
70,25,95
11,72,83
16,36,52
96,76,172
80,38,118
84,34,118
67,49,116
59,27,86
51,35,86
51,75,126
75,61,136
96,96,192
59,89,148
70,37,107
43,86,129
95,42,137
71,62,133
15,85,100
62,34,96
100,57,157
99,27,126
36,41,77
44,53,97
60,38,98
69,64,133
52,82,134
91,61,152
30,77,107
36,8,44
35,85,120
42,58,100
90,53,143
78,40,118
31,79,110
20,67,87
85,78,163
10,86,96
78,93,171
55,94,149
66,75,141
67,43,110
86,44,130
55,58,113
20,7,27
61,92,153
58,75,133
72,33,105
98,24,122
82,92,174
49,19,68
54,85,139
91,89,180
42,92,134
33,66,99
28,24,52
68,58,126
48,82,130
67,29,96
34,77,111
69,43,112
30,56,86
33,33,66
86,18,104
53,86,139
52,54,106
97,12,109
93,89,182
77,30,107
40,90,130
96,86,182
92,12,104
65,79,144
26,79,105
51,29,80
39,68,107
59,37,96
63,8,71
21,40,61
39,59,98
73,92,165
53,17,70
100,80,180
100,32,132
88,86,174
55,93,148
22,75,97
60,36,96
65,59,124
57,14,71
73,97,170
88,32,120
92,38,130
60,82,142
60,96,156
18,55,73
50,60,110
76,50,126
49,75,124
45,97,142
30,46,76
98,62,160
29,82,111
63,85,148
92,39,131
70,36,106
23,67,90
76,23,99
79,71,150
35,8,43
44,85,129
69,46,115
59,20,79
30,43,73
41,8,49
76,27,103
100,10,110
46,79,125
26,93,119
18,27,45
79,56,135
96,86,182
15,31,46
29,46,75
37,32,69
65,20,85
64,63,127
56,71,127
34,48,82
53,43,96
62,9,71
99,96,195
22,98,120
95,57,152
55,73,128
79,13,92
81,95,176
60,74,134
65,15,80
82,18,100
54,33,87
96,90,186
84,69,153
76,88,164
50,98,148
77,35,112
23,95,118
51,45,96
84,94,178
11,14,25
94,49,143
72,9,81
14,13,27
17,20,37
14,77,91
40,26,66
78,40,118
36,89,125
71,47,118
17,12,29
10,84,94
12,45,57
13,61,74
12,65,77
51,41,92
69,13,82
94,97,191
86,89,175
100,30,130
28,43,71
61,30,91
44,42,86
42,18,60
22,78,100
91,25,116
97,12,109
96,26,122
29,65,94
62,81,143
38,71,109
75,29,104
42,51,93
46,21,67
60,55,115
20,88,108
50,73,123
93,89,182
43,25,68
31,11,42
13,92,105
85,77,162
67,66,133
97,56,153
94,66,160
26,41,67
83,49,132
40,23,63
57,49,106
93,11,104
32,55,87
51,9,60
29,29,58
45,84,129
28,96,124
92,38,130
66,17,83
57,90,147
47,67,114
10,62,72
83,37,120
99,12,111
59,60,119
31,97,128
30,25,55
13,26,39
31,51,82
56,28,84
34,21,55
52,84,136
83,65,148
38,46,84
59,61,120
60,61,121
99,86,185
44,81,125
31,61,92
49,42,91
80,65,145
43,67,110
20,38,58
73,26,99
95,14,109
99,32,131
19,23,42
12,80,92
70,56,126
25,33,58
84,32,116
59,37,96
63,29,92
70,83,153
95,51,146
58,79,137
44,70,114
99,84,183
53,57,110
42,22,64
85,16,101
93,89,182
74,18,92
74,10,84
7,23,30
93,44,137
95,75,170
95,97,192
26,21,47
83,51,134
75,68,143
8,67,75
60,34,94
51,26,77
20,94,114
14,41,55
80,46,126
17,54,71
98,12,110
24,24,48
19,42,61
18,83,101
92,11,103
38,93,131
56,43,99
71,53,124
10,47,57
27,55,82
30,10,40
43,47,90
94,59,153
74,7,81
66,40,106
95,48,143
70,32,102
89,79,168
81,90,171
73,72,145
55,45,100
92,25,117
87,11,98
14,94,108
10,22,32
80,60,140
22,14,36
20,76,96
73,11,84
98,36,134
70,8,78
48,79,127
89,57,146
18,24,42
16,68,84
91,15,106
98,54,152
67,59,126
36,53,89
17,97,114
71,93,164
42,9,51
85,56,141
55,51,106
78,74,152
38,37,75
30,7,37
40,58,98
68,37,105
85,47,132
7,58,65
72,92,164
79,60,139
57,52,109
8,8,16
58,45,103
80,75,155
52,74,126
37,18,55
82,26,108
30,71,101
61,18,79
42,34,76
32,93,125
92,62,154
54,25,79
59,23,82
60,85,145
93,22,115
27,11,38
53,52,105
67,42,109
52,67,119
57,64,121
42,70,112
68,55,123
85,12,97
41,37,78
12,32,44
68,34,102
24,30,54
32,87,119
10,53,63
59,10,69
68,43,111
78,22,100
38,49,87
92,48,140
23,13,36
91,34,125
59,87,146
57,71,128
47,87,134
34,27,61
60,73,133
28,55,83
78,11,89
93,68,161
8,72,80
10,89,99
61,92,153
41,84,125
74,88,162
65,7,72
88,28,116
70,86,156
80,93,173
85,25,110
69,17,86
89,48,137
20,38,58
28,28,56
93,33,126
96,9,105
38,60,98
97,57,154
35,86,121
98,75,173
61,32,93
12,26,38
61,48,109
27,90,117
9,45,54
63,57,120
39,40,79
62,73,135
69,77,146
52,70,122
29,13,42
7,65,72
44,9,53
94,27,121
67,47,114
18,58,76
40,23,63
13,23,36
42,40,82
9,44,53
100,43,143
19,56,75
27,74,101
63,9,72
27,64,91
66,29,95
96,100,196
38,41,79
74,26,100
53,44,97
92,89,181
60,69,129
55,56,111
69,42,111
70,8,78
8,44,52
82,100,182
30,99,129
30,70,100
16,88,104
16,80,96
23,39,62
33,80,113
26,13,39
14,88,102
47,32,79
39,99,138
79,95,174
10,27,37
16,42,58
30,51,81
94,30,124
49,83,132
77,76,153
19,77,96
78,56,134
91,50,141
82,86,168
50,53,103
9,45,54
92,55,147
80,33,113
7,93,100
51,60,111
36,25,61
89,30,119
11,74,85
89,26,115
59,16,75
55,35,90
14,64,78
20,45,65
66,99,165
71,85,156
64,100,164
80,59,139
32,21,53
43,47,90
88,12,100
95,31,126
8,71,79
37,43,80
21,11,32
94,38,132
7,19,26
99,45,144
90,82,172
70,26,96
65,53,118
22,27,49
66,52,118
92,32,124
61,55,116
21,74,95
33,81,114
46,95,141
30,81,111
52,52,104
58,87,145
58,46,104
51,87,138
47,96,143
66,78,144
85,43,128
88,31,119
89,41,130
9,97,106
79,22,101
60,84,144
88,89,177
30,75,105
85,34,119
66,12,78
24,58,82
80,19,99
38,33,71
19,35,54
31,16,47
29,70,99
23,56,79
70,51,121
84,15,99
96,78,174
99,63,162
13,43,56
85,22,107
85,26,111
21,90,111
14,66,80
54,81,135
79,13,92
18,26,44
23,64,87
12,75,87
43,94,137
93,24,117
77,48,125
9,36,45
66,96,162
40,19,59
18,33,51
29,47,76
50,53,103
11,13,24
63,42,105
53,91,144
31,20,51
8,91,99
19,56,75
100,10,110
32,95,127
26,18,44
11,55,66
46,21,67
28,32,60
38,54,92
24,78,102
13,77,90
9,95,104
66,56,122
8,54,62
66,55,121
22,10,32
23,9,32
99,16,115
41,23,64
82,92,174
11,39,50
97,53,150
94,72,166
52,50,102
57,55,112
25,34,59
63,20,83
10,73,83
41,72,113
11,15,26
91,37,128
63,17,80
90,84,174
51,51,102
98,18,116
50,56,106
25,53,78
42,28,70
21,61,82
91,94,185
85,18,103
93,90,183
73,29,102
71,81,152
76,17,93
59,73,132
88,13,101
76,31,107
93,88,181
73,72,145
68,46,114
53,97,150
14,16,30
50,85,135
76,84,160
38,86,124
56,86,142
32,100,132
74,91,165
90,88,178
51,34,85
30,73,103
8,70,78
65,66,131
83,37,120
8,71,79
77,16,93
17,96,113
48,69,117
48,28,76
40,48,88
21,42,63
45,99,144
43,48,91
55,89,144
69,21,90
81,99,180
22,24,46
65,53,118
12,86,98
52,47,99
68,73,141
79,46,125
71,42,113
89,40,129
24,76,100
19,61,80
14,89,103
28,59,87
51,77,128
10,38,48
54,55,109
93,19,112
91,65,156
7,15,22
67,7,74
56,98,154
25,33,58
83,17,100
7,35,42
47,18,65
37,38,75
81,7,88
62,91,153
96,20,116
29,73,102
56,94,150
58,86,144
97,92,189
29,65,94
99,97,196
72,71,143
98,40,138
27,78,105
53,87,140
95,14,109
12,47,59
43,29,72
86,7,93
96,59,155
96,45,141
27,47,74
14,79,93
55,96,151
65,96,161
16,30,46
49,28,77
92,14,106
42,89,131
67,11,78
91,84,175
91,97,188
100,78,178
61,100,161
81,73,154
57,66,123
21,77,98
96,88,184
41,77,118
43,82,125
35,31,66
54,98,152
99,9,108
18,23,41
92,23,115
92,46,138
26,29,55
35,59,94
30,15,45
14,81,95
8,64,72
72,39,111
19,44,63
47,93,140
28,84,112
71,90,161
89,52,141
95,78,173
60,39,99
73,36,109
60,48,108
70,14,84
62,48,110
18,42,60
75,54,129
19,100,119
99,92,191
16,11,27
98,93,191
39,66,105
15,75,90
32,81,113
54,51,105
94,96,190
84,46,130
44,66,110
87,35,122
60,76,136
19,16,35
25,43,68
69,81,150
59,21,80
33,29,62
23,56,79
51,33,84
28,33,61
24,74,98
73,48,121
95,64,159
82,67,149
62,18,80
57,63,120
90,51,141
59,84,143
7,93,100
85,84,169
80,69,149
96,23,119
90,59,149
68,98,166
22,23,45
55,27,82
56,72,128
59,12,71
82,17,99
12,99,111
59,93,152
13,40,53
95,40,135
38,83,121
47,56,103
53,43,96
31,53,84
23,93,116
60,96,156
10,54,64
85,14,99
26,70,96
69,28,97
82,13,95
85,77,162
86,93,179
65,73,138
89,33,122
46,32,78
31,47,78
68,78,146
66,50,116
35,33,68
11,8,19
80,75,155
13,89,102
33,67,100
72,16,88
47,46,93
92,60,152
54,39,93
47,14,61
22,75,97
51,11,62
15,33,48
90,52,142
87,26,113
25,34,59
54,86,140
78,93,171
25,89,114
31,26,57
75,18,93
42,60,102
76,93,169
47,97,144
95,48,143
25,7,32
55,56,111
26,76,102
46,35,81
11,39,50
33,85,118
84,32,116
90,86,176
55,21,76
25,31,56
15,73,88
48,48,96
30,8,38
33,58,91
53,52,105
46,27,73
84,33,117
86,54,140
74,27,101
77,76,153
17,83,100
15,86,101
51,14,65
17,22,39
57,38,95
69,79,148
21,17,38
62,79,141
64,42,106
20,13,33
59,57,116
40,18,58
99,40,139
12,85,97
62,24,86
80,66,146
56,75,131
86,41,127
63,84,147
53,25,78
91,28,119
42,60,102
67,85,152
40,65,105
100,82,182
64,16,80
44,61,105
50,47,97
50,55,105
69,87,156
23,86,109
36,97,133
23,65,88
18,27,45
37,35,72
27,48,75
12,84,96
52,35,87
32,64,96
49,70,119
81,31,112
43,21,64
75,19,94
77,17,94
52,42,94
30,35,65
50,96,146
45,92,137
91,33,124
81,68,149
64,10,74
22,62,84
10,87,97
63,59,122
27,18,45
23,42,65
96,29,125
79,84,163
91,43,134
53,49,102
24,66,90
97,23,120
9,100,109
37,90,127
60,16,76
48,12,60
66,46,112
15,35,50
43,44,87
50,19,69
9,54,63
97,38,135
55,38,93
62,41,103
95,24,119
23,49,72
70,11,81
10,53,63
51,12,63
89,46,135
58,27,85
41,92,133
85,52,137
23,37,60
85,27,112
43,97,140
49,46,95
77,51,128
22,36,58
13,88,101
12,10,22
72,73,145
72,47,119
16,92,108
24,14,38
72,33,105
41,58,99
88,80,168
10,68,78
78,89,167
53,59,112
56,64,120
60,53,113
60,23,83
83,23,106
11,46,57
90,53,143
77,74,151
79,52,131
27,44,71
49,74,123
91,22,113
34,40,74
20,15,35
27,33,60
86,87,173
40,79,119
32,54,86
83,70,153
13,69,82
19,70,89
37,81,118
94,42,136
81,88,169
28,57,85
27,31,58
44,25,69
65,66,131
36,72,108
54,44,98
31,10,41
36,76,112
15,38,53
26,8,34
52,32,84
97,76,173
76,25,101
43,73,116
90,27,117
59,80,139
98,98,196
95,49,144
48,16,64
27,9,36
61,41,102
53,11,64
48,31,79
51,78,129
77,80,157
40,71,111
20,17,37
73,15,88
52,36,88
65,12,77
32,60,92
97,60,157
29,70,99
43,60,103
85,37,122
99,82,181
96,22,118
34,59,93
7,30,37
19,10,29
69,43,112
28,58,86
52,81,133
41,77,118
69,42,111
72,21,93
50,71,121
92,71,163
86,16,102
98,45,143
39,21,60
100,99,199
61,21,82
33,42,75
69,16,85
49,75,124
95,31,126
47,60,107
17,77,94
60,59,119
21,41,62
74,55,129
63,44,107
74,98,172
94,28,122
14,16,30
87,38,125
7,22,29
86,56,142
68,16,84
22,18,40
65,94,159
9,32,41
14,79,93
34,79,113
47,54,101
21,8,29
86,94,180
39,53,92
49,86,135
73,20,93
64,67,131
98,9,107
25,22,47
85,37,122
68,56,124
8,40,48
95,81,176
50,10,60
48,15,63
91,89,180
48,90,138
10,43,53
53,9,62
49,23,72
31,63,94
13,11,24
19,66,85
39,76,115
19,79,98
49,96,145
73,28,101
94,58,152
18,54,72
92,22,114
71,90,161
74,83,157
11,88,99
91,55,146
39,81,120
77,52,129
22,39,61
44,92,136
11,44,55
43,25,68
49,49,98
92,32,124
95,62,157
32,15,47
45,16,61
24,19,43
83,36,119
86,99,185
54,93,147
27,89,116
24,45,69
74,10,84
31,87,118
65,60,125
85,52,137
46,48,94
44,99,143
19,62,81
23,49,72
46,48,94
28,84,112
42,45,87
94,32,126
66,46,112
51,17,68
55,14,69
20,40,60
52,54,106
100,7,107
97,19,116
13,54,67
24,100,124
46,82,128
55,32,87
10,29,39
35,73,108
13,92,105
10,36,46
51,49,100
42,20,62
53,51,104
66,66,132
76,14,90
51,52,103
96,7,103
54,83,137
90,48,138
7,64,71
60,16,76
11,77,88
17,21,38
15,93,108
57,50,107
17,85,102
66,58,124
53,69,122
74,35,109
93,31,124
35,79,114
93,28,121
57,86,143
37,23,60
31,34,65
34,95,129
55,85,140
47,37,84
72,15,87
71,42,113
100,74,174
27,91,118
23,23,46
37,13,50
19,50,69
10,47,57
18,23,41
88,90,178
54,63,117
71,25,96
27,77,104
64,22,86
59,72,131
57,37,94
80,46,126
21,23,44
24,48,72
76,79,155
10,80,90
13,20,33
66,50,116
87,88,175
90,7,97
37,81,118
88,9,97
56,9,65
84,49,133
26,39,65
100,41,141
38,94,132
70,100,170
36,16,52
91,85,176
72,100,172
97,90,187
55,35,90
47,11,58
99,56,155
20,21,41
41,74,115
61,98,159
14,36,50
97,33,130
89,81,170
94,79,173
55,34,89
9,10,19
12,86,98
33,31,64
57,59,116
82,26,108
44,64,108
41,53,94
60,44,104
30,12,42
7,100,107
51,85,136
9,61,70
48,39,87
32,70,102
15,26,41
20,41,61
23,86,109
41,26,67
13,33,46
89,9,98
34,45,79
36,27,63
31,32,63
82,91,173
19,80,99
51,82,133
76,24,100
54,47,101
10,47,57
82,28,110
85,11,96
19,7,26
39,40,79
34,77,111
31,46,77
35,29,64
73,41,114
39,39,78
68,62,130
76,87,163
25,79,104
22,76,98
95,51,146
53,86,139
63,86,149
71,33,104
71,87,158
54,57,111
12,96,108
23,52,75
37,62,99
62,49,111
77,38,115
54,28,82
60,41,101
8,21,29
83,91,174
28,22,50
59,33,92
63,30,93
11,69,80
59,97,156
70,11,81
65,64,129
49,77,126
49,44,93
33,99,132
51,31,82
13,92,105
30,23,53
82,54,136
31,37,68
21,66,87
82,63,145
55,92,147
42,51,93
67,12,79
65,75,140
69,61,130
65,45,110
24,52,76
8,75,83
99,85,184
58,56,114
39,69,108
33,58,91
71,16,87
80,49,129
21,33,54
97,61,158
41,42,83
25,98,123
53,88,141
13,34,47
41,62,103
57,21,78
7,88,95
95,10,105
39,25,64
58,71,129
83,9,92
36,21,57
77,85,162
96,66,162
30,10,40
52,71,123
63,53,116
31,73,104
64,54,118
16,59,75
30,22,52
55,27,82
40,58,98
52,35,87
89,57,146
13,17,30
7,56,63
86,95,181
97,55,152
52,14,66
26,26,52
31,61,92
32,82,114
34,93,127
56,79,135
69,39,108
32,90,122
37,37,74
29,42,71
37,27,64
13,46,59
67,10,77
42,73,115
78,55,133
18,10,28
85,20,105
53,14,67
71,71,142
18,46,64
99,57,156
95,24,119
10,35,45
29,98,127
89,50,139
36,93,129
43,65,108
38,49,87
27,32,59
38,100,138
23,90,113
31,63,94
26,75,101
74,15,89
58,77,135
31,48,79
28,82,110
11,99,110
86,88,174
39,60,99
7,41,48
17,62,79
86,15,101
41,42,83
94,59,153
42,97,139
15,35,50
24,32,56
100,40,140
52,95,147
95,15,110
85,54,139
23,11,34
50,89,139
27,19,46
34,51,85
26,48,74
83,45,128
75,75,150
21,78,99
67,8,75
60,31,91
56,94,150
60,31,91
27,29,56
81,49,130
13,57,70
42,41,83
78,16,94
97,42,139
70,29,99
70,17,87
87,41,128
26,90,116
15,90,105
94,58,152
49,96,145
39,34,73
72,57,129
28,65,93
69,13,82
100,61,161
52,52,104
62,21,83
66,66,132
40,45,85
88,95,183
51,39,90
24,27,51
59,74,133
30,14,44
84,30,114
90,76,166
86,50,136
89,15,104
49,98,147
60,15,75
14,40,54
9,48,57
39,38,77
98,36,134
27,67,94
14,98,112
47,48,95
88,88,176
49,92,141
84,35,119
71,41,112
74,7,81
15,33,48
81,96,177
89,94,183
10,100,110
46,92,138
74,8,82
60,98,158
42,16,58
91,75,166
50,8,58
13,56,69
41,97,138
30,93,123
75,46,121
82,31,113
48,94,142
31,61,92
68,92,160
74,57,131
29,39,68
28,55,83
85,25,110
39,95,134
49,72,121
19,65,84
34,13,47
31,78,109
56,70,126
94,29,123
26,29,55
28,51,79
17,58,75
56,79,135
43,92,135
50,73,123
69,78,147
21,98,119
99,85,184
87,93,180
74,96,170
34,85,119
55,31,86
97,63,160
19,75,94
59,47,106
36,45,81
12,75,87
51,75,126
24,15,39
41,60,101
58,28,86
47,73,120
55,37,92
17,79,96
16,54,70
40,84,124
100,54,154
10,90,100
90,24,114
84,67,151
74,81,155
84,98,182
63,96,159
29,52,81
53,77,130
59,23,82
33,70,103
14,12,26
25,11,36
100,7,107
68,92,160
97,37,134
92,51,143
19,76,95
70,95,165
44,49,93
74,25,99
14,96,110
92,74,166
100,9,109
51,91,142
22,48,70
84,47,131
66,46,112
51,92,143
84,76,160
64,14,78
72,80,152
87,16,103
81,24,105
53,16,69
72,66,138
84,41,125
13,62,75
18,44,62
57,50,107
38,8,46
50,25,75
25,8,33
94,49,143
55,56,111
29,100,129
39,11,50
53,50,103
68,53,121
58,59,117
34,15,49
46,91,137
84,97,181
89,62,151
90,94,184
60,74,134
28,7,35
48,94,142
40,7,47
26,52,78
82,14,96
62,78,140
68,25,93
9,33,42
44,43,87
98,63,161
97,24,121
21,52,73
11,45,56
58,16,74
90,75,165
31,88,119
68,81,149
50,37,87
24,59,83
46,61,107
67,96,163
20,33,53
45,45,90
97,93,190
15,22,37
38,42,80
47,39,86
37,80,117
51,99,150
23,61,84
64,24,88
30,51,81
42,60,102
38,82,120
94,8,102
78,12,90
92,59,151
89,20,109
28,26,54
49,24,73
79,47,126
92,77,169
44,60,104
22,68,90
28,75,103
15,100,115
25,88,113
76,49,125
57,49,106
60,73,133
24,23,47
60,84,144
93,63,156
35,41,76
82,92,174
66,93,159
72,51,123
96,18,114
24,85,109
46,73,119
39,83,122
50,88,138
70,90,160
36,83,119
88,71,159
98,26,124
87,48,135
61,58,119
58,27,85
10,71,81
98,93,191
97,57,154
93,48,141
42,49,91
13,67,80
50,100,150
89,58,147
95,54,149
70,11,81
97,34,131
21,58,79
26,18,44
62,28,90
69,9,78
54,18,72
23,59,82
62,98,160
75,43,118
54,76,130
9,24,33
41,68,109
72,100,172
90,75,165
9,94,103
89,75,164
55,11,66
25,26,51
66,45,111
95,80,175
92,25,117
34,58,92
98,69,167
55,52,107
85,14,99
62,62,124
8,96,104
28,10,38
49,81,130
29,37,66
38,18,56
10,79,89
27,73,100
70,31,101
17,10,27
9,95,104
69,99,168
91,83,174
31,7,38
30,79,109
8,80,88
74,29,103
39,30,69
50,86,136
44,73,117
53,19,72
59,78,137
8,100,108
29,52,81
9,86,95
39,87,126
48,12,60
64,23,87
90,50,140
26,30,56
23,10,33
19,63,82
34,44,78
66,53,119
50,55,105
8,68,76
48,56,104
70,83,153
9,18,27
91,17,108
21,24,45
99,53,152
38,60,98
14,35,49
53,83,136
96,73,169
47,33,80
19,24,43
13,46,59
59,14,73
30,76,106
43,74,117
73,32,105
49,72,121
11,56,67
59,39,98
14,85,99
96,57,153
89,11,100
51,45,96
70,15,85
30,96,126
34,22,56
16,53,69
96,47,143
89,23,112
19,71,90
97,47,144
95,19,114
21,82,103
84,70,154
26,65,91
33,64,97
23,37,60
87,23,110
99,38,137
32,88,120
21,56,77
17,44,61
10,14,24
92,100,192
56,52,108
9,42,51
79,28,107
33,88,121
15,86,101
93,74,167
32,86,118
87,98,185
55,47,102
81,64,145
41,27,68
75,46,121
53,22,75
65,45,110
27,100,127
55,61,116
65,47,112
18,64,82
39,62,101
61,65,126
50,31,81
69,33,102
88,21,109
87,22,109
95,36,131
53,61,114
42,81,123
43,65,108
79,34,113
100,67,167
37,50,87
36,61,97
78,70,148
90,70,160
96,45,141
66,42,108
34,88,122
81,70,151
57,87,144
62,53,115
23,66,89
24,96,120
37,10,47
75,45,120
75,20,95
53,54,107
90,70,160
22,74,96
28,13,41
8,69,77
40,37,77
54,17,71
62,72,134
39,89,128
32,26,58
89,17,106
89,15,104
21,71,92
67,67,134
12,10,22
19,55,74
59,37,96
71,45,116
58,37,95
52,73,125
43,12,55
67,88,155
52,26,78
79,28,107
53,41,94
29,84,113
79,95,174
41,24,65
16,12,28
53,65,118
17,8,25
10,76,86
33,69,102
97,10,107
74,32,106
59,46,105
66,38,104
43,39,82
31,50,81
78,29,107
48,26,74
22,76,98
53,78,131
58,64,122
98,8,106
17,67,84
99,21,120
48,58,106
30,94,124
99,62,161
64,50,114
10,100,110
91,44,135
19,38,57
93,93,186
24,95,119
35,33,68
39,80,119
27,96,123
39,27,66
31,11,42
48,82,130
29,28,57
30,40,70
23,43,66
98,91,189
37,74,111
19,17,36
46,65,111
44,93,137
54,39,93
63,49,112
36,91,127
97,62,159
72,69,141
22,66,88
61,90,151
27,97,124
75,65,140
22,16,38
97,9,106
67,92,159
68,20,88
94,82,176
28,71,99
89,9,98
69,62,131
61,12,73
76,50,126
57,30,87
53,18,71
68,59,127
62,61,123
50,92,142
64,68,132
79,38,117
8,43,51
62,42,104
47,80,127
68,9,77
62,26,88
18,94,112
93,88,181
57,9,66
74,20,94
17,59,76
10,8,18
26,22,48
97,22,119
9,82,91
7,8,15
35,49,84
57,37,94
30,42,72
7,65,72
36,41,77
48,50,98
52,57,109
56,87,143
27,30,57
24,65,89
26,74,100
10,42,52
25,91,116
80,95,175
16,63,79
29,80,109
97,61,158
72,80,152
82,78,160
14,22,36
99,14,113
20,23,43
7,35,42
34,40,74
47,26,73
38,61,99
16,24,40
21,81,102
27,16,43
91,51,142
13,32,45
92,20,112
82,27,109
28,26,54
84,62,146
41,49,90
61,40,101
57,46,103
22,70,92
89,62,151
72,55,127
80,46,126
73,66,139
62,75,137
72,98,170
86,43,129
27,58,85
25,40,65
93,14,107
84,10,94
91,89,180
87,9,96
20,53,73
42,66,108
46,44,90
66,41,107
68,16,84
85,18,103
32,32,64
84,92,176
48,13,61
17,52,69
62,16,78
66,80,146
98,37,135
51,8,59
20,90,110
55,76,131
58,74,132
66,65,131
84,69,153
97,44,141
68,32,100
90,13,103
66,51,117
31,10,41
28,72,100
28,9,37
53,7,60
7,80,87
77,25,102
37,13,50
37,13,50
7,45,52
89,81,170
42,24,66
74,91,165
88,52,140
32,61,93
100,18,118
99,96,195
81,91,172
85,61,146
42,57,99
45,19,64
96,79,175
73,91,164
54,59,113
22,57,79
72,88,160
73,67,140
36,73,109
48,39,87
34,89,123
88,19,107
63,26,89
50,21,71
10,41,51
91,95,186
81,54,135
67,77,144
74,60,134
44,12,56
11,82,93
58,77,135
65,63,128
76,94,170
65,92,157
19,41,60
18,100,118
97,72,169
33,77,110
56,31,87
90,9,99
51,93,144
45,71,116
26,84,110
18,14,32
97,87,184
29,65,94
16,73,89
52,71,123
12,16,28
24,100,124
62,27,89
58,85,143
79,93,172
95,33,128
96,90,186
44,38,82
72,72,144
75,40,115
45,54,99
97,77,174
88,82,170
36,43,79
79,86,165
13,61,74
94,17,111
25,22,47
15,75,90
74,43,117
54,35,89
58,14,72
94,62,156
43,99,142
93,43,136
79,15,94
79,88,167
38,84,122
17,65,82
17,44,61
57,9,66
70,49,119
51,46,97
47,98,145
40,54,94
34,36,70
32,91,123
11,85,96
17,31,48
75,94,169
48,7,55
18,50,68
68,24,92
73,100,173
19,98,117
55,49,104
35,34,69
56,78,134
13,28,41
8,40,48
69,38,107
94,60,154
82,100,182
72,93,165
92,90,182
18,67,85
55,21,76
45,16,61
64,98,162
80,70,150
74,8,82
82,10,92
51,94,145
96,61,157
26,60,86
43,96,139
97,90,187
31,48,79
82,85,167
69,57,126
13,84,97
22,9,31
31,90,121
52,78,130
59,98,157
57,85,142
83,20,103
45,98,143
27,40,67
93,80,173
95,22,117
67,90,157
19,64,83
66,66,132
44,18,62
48,51,99
8,20,28
98,24,122
90,100,190
78,95,173
89,90,179
57,60,117
83,25,108
98,27,125
24,47,71
47,77,124
14,88,102
52,17,69
71,73,144
91,44,135
74,53,127
29,17,46
34,22,56
46,70,116
34,36,70
48,97,145
29,70,99
89,46,135
38,92,130
71,12,83
21,94,115
42,32,74
86,34,120
83,65,148
28,64,92
46,91,137
66,93,159
76,8,84
24,53,77
48,72,120
46,96,142
8,66,74
85,33,118
22,29,51
98,79,177
33,7,40
55,46,101
82,18,100
19,93,112
82,61,143
36,22,58
52,54,106
27,45,72
11,13,24
7,22,29
88,43,131
65,12,77
51,85,136
35,79,114
71,30,101
61,90,151
65,82,147
59,74,133
14,96,110
47,81,128
69,45,114
19,11,30
64,58,122
93,21,114
45,38,83
75,95,170
77,65,142
61,46,107
47,72,119
24,28,52
72,27,99
21,56,77
38,46,84
99,78,177
14,9,23
58,46,104
32,94,126
77,86,163
65,17,82
8,26,34
84,67,151
84,11,95
23,56,79
58,25,83
54,91,145
86,91,177
11,81,92
37,41,78
83,56,139
51,30,81
76,35,111
24,15,39
24,14,38
93,81,174
21,28,49
98,61,159
8,40,48
64,42,106
62,71,133
40,51,91
43,77,120
30,64,94
61,21,82
90,70,160
36,21,57
48,30,78
14,10,24
75,11,86
63,60,123
23,74,97
61,98,159
33,18,51
55,96,151
25,62,87
9,77,86
71,13,84
38,89,127
37,27,64
47,36,83
99,64,163
69,47,116
18,85,103
62,9,71
75,55,130
27,95,122
23,49,72
37,75,112
7,26,33
66,80,146
25,59,84
83,32,115
38,82,120
20,36,56
72,44,116
44,23,67
19,99,118
73,39,112
42,31,73
76,94,170
98,89,187
26,82,108
87,86,173
56,61,117
24,66,90
46,81,127
15,85,100
72,28,100
100,89,189
100,25,125
18,96,114
23,53,76
53,29,82
43,32,75
47,73,120
92,86,178
70,23,93
63,83,146
19,89,108
8,82,90
90,62,152
94,81,175
61,21,82
58,59,117
25,58,83
92,80,172
12,16,28
22,81,103
23,81,104
33,57,90
75,63,138
26,22,48
56,73,129
61,20,81
32,81,113
75,10,85
85,70,155
76,30,106
68,21,89
73,74,147
11,19,30
49,17,66
100,7,107
72,99,171
34,95,129
29,63,92
92,69,161
72,61,133
70,50,120
14,13,27
62,90,152
33,98,131
49,14,63
35,86,121
54,10,64
30,89,119
66,9,75
37,34,71
15,88,103
49,73,122
71,32,103
24,55,79
72,13,85
30,8,38
42,58,100
68,30,98
21,54,75
67,21,88
27,96,123
78,63,141
11,86,97
23,9,32
36,51,87
93,12,105
28,88,116
72,43,115
63,88,151
14,95,109
58,75,133
8,35,43
19,46,65
85,76,161
59,7,66
57,71,128
32,81,113
51,53,104
26,94,120
50,59,109
69,20,89
80,61,141
59,58,117
68,11,79
53,85,138
48,82,130
78,87,165
63,12,75
29,19,48
52,18,70
68,69,137
38,9,47
26,94,120
100,50,150
41,26,67
39,72,111
30,72,102
90,86,176
51,42,93
87,63,150
33,40,73
24,79,103
86,23,109
48,37,85
93,48,141
52,36,88
82,8,90
26,15,41
37,14,51
46,88,134
91,12,103
69,51,120
86,89,175
73,26,99
75,42,117
56,78,134
57,32,89
31,36,67
32,10,42
68,12,80
82,97,179
83,43,126
17,73,90
66,34,100
10,56,66
94,56,150
97,96,193
84,99,183
85,41,126
59,60,119
93,82,175
78,58,136
9,41,50
30,37,67
96,54,150
34,86,120
62,95,157
88,53,141
24,32,56
15,41,56
94,48,142
56,15,71
19,81,100
31,14,45
94,58,152
19,43,62
45,100,145
46,100,146
36,26,62
100,46,146
68,71,139
56,96,152
96,8,104
39,47,86
44,35,79
73,39,112
58,39,97
12,78,90
76,92,168
17,35,52
66,85,151
99,98,197
35,11,46
40,46,86
40,90,130
15,81,96
94,57,151
48,38,86
100,52,152
14,85,99
56,54,110
48,74,122
44,66,110
12,23,35
89,21,110
92,79,171
47,36,83
48,20,68
49,74,123
100,72,172
38,98,136
20,71,91
32,87,119
33,61,94
56,63,119
97,98,195
93,55,148
30,87,117
57,21,78
93,27,120
98,57,155
97,28,125
29,34,63
15,29,44
83,63,146
59,63,122
14,51,65
38,10,48
58,75,133
32,46,78
75,45,120
44,48,92
93,25,118
72,33,105
83,29,112
81,81,162
53,19,72
62,85,147
37,14,51
29,75,104
12,24,36
71,75,146
80,73,153
37,12,49
8,82,90
77,71,148
67,34,101
96,72,168
81,60,141
54,68,122
60,43,103
36,88,124
43,75,118
43,81,124
49,73,122
38,96,134
41,11,52
65,100,165
43,80,123
58,67,125
77,11,88
26,75,101
67,83,150
32,97,129
53,77,130
100,34,134
94,95,189
75,10,85
37,74,111
90,85,175
29,57,86
81,85,166
70,85,155
95,18,113
74,37,111
63,34,97
41,10,51
26,13,39
81,8,89
18,25,43
39,35,74
78,56,134
53,92,145
41,84,125
86,24,110
57,55,112
9,27,36
64,17,81
21,34,55
44,83,127
31,18,49
68,25,93
9,22,31
47,10,57
92,45,137
91,53,144
97,44,141
69,52,121
16,50,66
54,47,101
12,78,90
70,75,145
31,36,67
79,49,128
40,28,68
9,97,106
47,73,120
10,37,47
66,54,120
79,9,88
100,10,110
18,96,114
87,46,133
57,19,76
21,82,103
27,60,87
83,77,160
41,63,104
16,75,91
58,14,72
86,66,152
30,42,72
83,11,94
73,42,115
100,25,125
81,20,101
17,54,71
14,47,61
65,99,164
19,11,30
93,55,148
41,72,113
14,79,93
9,66,75
92,7,99
70,25,95
33,83,116
80,61,141
80,76,156
47,40,87
66,34,100
47,97,144
87,56,143
43,15,58
93,53,146
16,76,92
27,52,79
96,84,180
15,18,33
99,85,184
40,22,62
95,92,187
49,57,106
49,12,61
91,83,174
80,20,100
78,13,91
25,72,97
87,59,146
44,37,81
55,94,149
43,69,112
7,21,28
7,58,65
69,51,120
48,60,108
95,39,134
52,75,127
48,49,97
40,53,93
78,91,169
79,64,143
82,68,150
97,9,106
19,53,72
84,74,158
63,43,106
83,79,162
91,14,105
47,44,91
31,76,107
100,71,171
71,97,168
94,97,191
17,94,111
94,32,126
67,12,79
47,42,89
79,44,123
52,12,64
99,43,142
53,15,68
60,52,112
62,60,122
72,36,108
19,99,118
66,65,131
21,96,117
24,50,74
84,21,105
36,22,58
52,16,68
28,14,42
21,27,48
37,48,85
92,70,162
91,71,162
74,30,104
10,65,75
94,39,133
67,88,155
99,29,128
85,82,167
49,13,62
50,21,71
58,13,71
44,30,74
35,55,90
35,70,105
75,43,118
45,75,120
78,27,105
33,85,118
31,46,77
80,53,133
74,57,131
89,26,115
39,95,134
75,30,105
95,18,113
85,53,138
16,19,35
10,87,97
70,100,170
43,36,79
66,98,164
12,31,43
85,48,133
66,15,81
13,99,112
22,48,70
88,40,128
53,49,102
59,79,138
46,69,115
9,25,34
19,73,92
43,74,117
52,80,132
14,34,48
33,50,83
66,48,114
86,27,113
33,48,81
71,90,161
33,43,76
92,90,182
26,26,52
9,65,74
75,88,163
20,81,101
11,21,32
58,71,129
32,85,117
18,46,64
44,93,137
48,64,112
85,82,167
82,53,135
69,90,159
10,42,52
65,12,77
69,92,161
63,28,91
88,45,133
17,68,85
94,33,127
26,15,41
66,80,146
45,76,121
80,21,101
26,66,92
28,73,101
10,96,106
33,72,105
19,92,111
80,88,168
78,21,99
80,47,127
16,95,111
77,32,109
59,51,110
10,100,110
90,70,160
26,71,97
84,100,184
64,79,143
38,90,128
61,19,80
66,42,108
85,21,106
92,24,116
54,38,92
68,15,83
24,23,47
98,13,111
85,43,128
51,18,69
52,51,103
66,85,151
67,60,127
17,32,49
14,48,62
85,79,164
48,49,97
51,93,144
90,67,157
30,11,41
30,11,41
67,13,80
48,45,93
11,38,49
46,94,140
29,11,40
25,98,123
10,38,48
26,43,69
37,77,114
34,35,69
93,8,101
66,99,165
80,49,129
86,69,155
46,13,59
89,7,96
70,13,83
17,93,110
13,87,100
22,64,86
76,85,161
36,16,52
52,62,114
51,24,75
76,65,141
52,59,111
54,53,107
28,28,56
93,52,145
54,73,127
63,13,76
88,58,146
80,80,160
69,30,99
96,64,160
81,54,135
7,83,90
21,97,118
60,17,77
38,98,136
89,21,110
16,74,90
47,11,58
44,95,139
50,37,87
40,94,134
10,49,59
55,25,80
11,49,60
12,59,71
15,7,22
88,92,180
28,39,67
17,77,94
76,66,142
71,36,107
53,47,100
41,35,76
26,74,100
74,18,92
31,37,68
23,16,39
69,62,131
73,32,105
67,37,104
13,58,71
94,79,173
100,49,149
51,24,75
80,78,158
61,19,80
20,97,117
85,23,108
98,42,140
34,57,91
8,58,66
9,83,92
40,8,48
45,97,142
60,43,103
59,87,146
50,53,103
75,7,82
26,91,117
88,70,158
88,19,107
86,62,148
89,40,129
69,16,85
52,92,144
59,57,116
42,23,65
65,14,79
28,91,119
29,10,39
34,9,43
67,67,134
69,35,104
38,77,115
89,41,130
33,31,64
87,88,175
30,76,106
95,33,128
28,47,75
58,74,132
97,20,117
53,11,64
32,34,66
72,13,85
95,22,117
97,22,119
70,10,80
32,33,65
53,98,151
22,20,42
81,23,104
57,16,73
97,62,159
76,51,127
62,45,107
43,62,105
55,87,142
75,8,83
55,58,113
11,17,28
18,22,40
86,39,125
18,31,49
72,43,115
31,18,49
79,89,168
90,96,186
39,63,102
72,44,116
49,55,104
48,8,56
88,59,147
7,61,68
8,49,57
88,35,123
98,52,150
97,28,125
53,15,68
17,83,100
11,21,32
51,86,137
35,70,105
74,31,105
38,88,126
67,29,96
97,86,183
52,53,105
96,74,170
23,56,79
27,80,107
33,89,122
76,66,142
80,34,114
19,70,89
46,8,54
42,84,126
90,9,99
95,83,178
45,18,63
80,8,88
34,13,47
100,35,135
77,44,121
69,98,167
75,50,125
17,36,53
22,9,31
33,75,108
93,33,126
66,23,89
71,15,86
39,49,88
16,74,90
100,57,157
77,47,124
13,46,59
29,59,88
15,11,26
98,34,132
62,32,94
70,46,116
53,28,81
50,63,113
92,53,145
77,92,169
35,91,126
100,67,167
35,51,86
63,28,91
39,55,94
94,49,143
37,49,86
30,43,73
55,36,91
64,58,122
88,79,167
43,28,71
90,81,171
80,26,106
62,34,96
41,22,63
13,62,75
9,15,24
94,97,191
51,97,148
47,51,98
59,47,106
53,81,134
12,71,83
95,36,131
83,70,153
12,54,66
62,66,128
98,46,144
62,27,89
20,95,115
42,36,78
98,62,160
49,36,85
24,11,35
7,36,43
54,52,106
14,64,78
59,51,110
22,75,97
78,93,171
78,85,163
44,99,143
24,23,47
59,93,152
85,84,169
39,90,129
62,72,134
77,12,89
88,19,107
33,52,85
93,82,175
37,52,89
54,43,97
36,10,46
36,79,115
35,48,83
15,52,67
31,12,43
22,21,43
23,52,75
80,33,113
41,56,97
18,65,83
22,76,98
94,58,152
55,48,103
64,41,105
46,88,134
62,80,142
56,15,71
30,56,86
20,22,42
15,18,33
91,50,141
54,61,115
40,72,112
29,12,41
7,25,32
58,35,93
99,38,137
25,22,47
20,86,106
43,89,132
87,7,94
82,21,103
34,97,131
58,46,104
25,56,81
57,30,87
19,90,109
10,65,75
29,54,83
18,18,36
100,99,199
21,76,97
79,97,176
8,53,61
34,10,44
39,12,51
83,83,166
17,81,98
63,13,76
70,34,104
95,15,110
44,48,92
18,33,51
8,86,94
27,61,88
73,40,113
95,71,166
94,18,112
85,59,144
75,74,149
33,64,97
11,30,41
55,61,116
10,80,90
63,15,78
64,88,152
63,7,70
52,34,86
53,15,68
8,34,42
61,90,151
82,63,145
42,28,70
69,93,162
45,23,68
78,76,154
16,35,51
15,55,70
43,61,104
46,76,122
87,54,141
44,55,99
29,77,106
55,65,120
12,66,78
37,59,96
24,53,77
42,87,129
34,95,129
30,78,108
19,24,43
63,87,150
30,94,124
22,58,80
73,95,168
70,41,111
35,52,87
54,49,103
68,65,133
71,66,137
34,51,85
57,65,122
54,62,116
95,44,139
56,17,73
52,56,108
50,62,112
44,19,63
86,35,121
29,19,48
95,75,170
99,34,133
52,16,68
12,75,87
16,54,70
76,33,109
49,70,119
64,75,139
80,83,163
80,30,110
44,68,112
67,39,106
51,75,126
54,37,91
53,88,141
10,7,17
45,38,83
61,96,157
80,24,104
59,95,154
22,26,48
31,94,125
42,86,128
9,18,27
49,38,87
48,31,79
44,14,58
69,40,109
21,35,56
14,91,105
13,28,41
83,95,178
8,15,23
44,93,137
68,23,91
93,94,187
72,71,143
43,30,73
12,86,98
50,71,121
22,76,98
17,43,60
52,33,85
50,9,59
39,56,95
95,67,162
92,96,188
16,57,73
87,35,122
27,90,117
61,97,158
60,38,98
92,33,125
84,43,127
77,99,176
22,82,104
71,41,112
22,99,121
7,82,89
21,40,61
56,99,155
7,96,103
96,48,144
100,82,182
69,48,117
80,87,167
83,92,175
23,88,111
18,43,61
18,44,62
69,23,92
81,40,121
28,33,61
52,34,86
98,42,140
36,62,98
17,50,67
25,48,73
32,67,99
59,27,86
48,97,145
58,96,154
21,60,81
18,87,105
18,96,114
56,79,135
54,46,100
8,76,84
49,24,73
98,31,129
15,25,40
20,20,40
35,89,124
82,30,112
86,42,128
76,20,96
79,69,148
36,29,65
65,76,141
88,78,166
35,84,119
82,60,142
91,83,174
13,17,30
10,91,101
16,30,46
63,98,161
29,39,68
48,84,132
48,87,135
97,69,166
90,49,139
48,98,146
81,90,171
85,92,177
67,85,152
87,18,105
60,23,83
43,67,110
50,34,84
80,66,146
65,52,117
94,41,135
59,31,90
37,22,59
80,92,172
95,90,185
31,48,79
47,62,109
25,56,81
25,97,122
56,13,69
76,75,151
66,25,91
38,65,103
48,63,111
77,34,111
35,48,83
29,90,119
83,8,91
51,69,120
53,78,131
12,38,50
53,35,88
15,93,108
93,66,159
46,48,94
68,89,157
83,38,121
49,83,132
81,44,125
70,23,93
31,95,126
93,57,150
74,79,153
86,30,116
93,41,134
39,47,86
59,66,125
19,7,26
19,24,43
18,71,89
32,80,112
43,84,127
21,58,79
39,90,129
7,75,82
62,85,147
44,46,90
51,21,72
14,90,104
95,99,194
48,78,126
31,42,73
43,54,97
90,59,149
79,7,86
94,61,155
29,46,75
94,56,150
88,37,125
78,44,122
86,53,139
52,97,149
30,54,84
60,20,80
95,100,195
81,32,113
53,83,136
82,15,97
28,95,123
71,79,150
80,26,106
95,32,127
14,30,44
72,83,155
75,49,124
38,40,78
44,34,78
36,14,50
35,41,76
34,84,118
78,36,114
65,58,123
20,19,39
77,29,106
60,89,149
7,93,100
47,25,72
91,100,191
22,67,89
44,32,76
47,90,137
21,79,100
98,41,139
13,33,46
69,96,165
89,68,157
56,99,155
8,49,57
59,58,117
56,97,153
70,87,157
85,71,156
55,100,155
76,13,89
11,16,27
34,53,87
63,88,151
22,27,49
11,54,65
91,86,177
18,82,100
40,11,51
41,89,130
20,38,58
76,30,106
97,83,180
76,79,155
71,57,128
67,23,90
12,77,89
42,52,94
55,13,68
60,79,139
22,41,63
52,9,61
16,93,109
76,21,97
81,10,91
37,26,63
30,77,107
67,20,87
67,83,150
23,97,120
50,96,146
48,88,136
36,48,84
17,37,54
29,28,57
86,93,179
35,13,48
79,37,116
63,50,113
12,10,22
46,36,82
96,47,143
27,28,55
51,36,87
16,58,74
70,26,96
34,18,52
96,8,104
11,35,46
76,19,95
29,25,54
20,51,71
65,78,143
15,37,52
79,100,179
65,97,162
58,95,153
39,69,108
91,17,108
76,69,145
81,55,136
32,69,101
76,90,166
34,70,104
7,27,34
94,74,168
47,23,70
51,97,148
73,98,171
38,14,52
29,78,107
59,83,142
64,65,129
60,30,90
82,15,97
82,46,128
89,11,100
94,85,179
98,8,106
26,37,63
78,49,127
86,23,109
14,96,110
23,69,92
24,64,88
36,52,88
35,65,100
93,82,175
70,37,107
21,43,64
24,79,103
11,66,77
24,96,120
90,51,141
8,18,26
37,46,83
79,27,106
30,44,74
73,93,166
10,46,56
26,14,40
34,55,89
45,77,122
9,70,79
67,81,148
99,56,155
88,84,172
60,38,98
84,53,137
73,60,133
68,39,107
83,83,166
21,80,101
11,89,100
69,28,97
19,94,113
84,14,98
49,23,72
13,100,113
29,89,118
42,11,53
19,34,53
59,50,109
68,23,91
46,42,88
34,11,45
62,22,84
52,85,137
9,32,41
9,50,59
64,91,155
41,57,98
72,99,171
64,75,139
82,7,89
32,28,60
13,77,90
82,66,148
18,70,88
11,87,98
63,87,150
81,44,125
94,41,135
68,73,141
80,82,162
40,90,130
86,44,130
64,87,151
82,46,128
72,16,88
97,35,132
18,69,87
21,65,86
98,90,188
73,62,135
72,43,115
45,34,79
59,22,81
11,76,87
34,92,126
57,88,145
100,24,124
72,7,79
9,69,78
36,48,84
68,16,84
60,51,111
86,65,151
7,50,57
24,19,43
92,40,132
16,32,48
50,86,136
45,49,94
97,70,167
56,30,86
81,46,127
45,95,140
72,18,90
46,83,129
77,94,171
60,97,157
12,75,87
12,45,57
33,86,119
80,68,148
61,100,161
44,93,137
74,17,91
41,11,52
23,100,123
29,42,71
70,15,85
47,71,118
9,77,86
47,70,117
87,72,159
26,85,111
90,35,125
67,32,99
12,66,78
67,57,124
18,71,89
9,97,106
22,45,67
59,79,138
11,29,40
94,97,191
78,54,132
14,97,111
92,66,158
50,31,81
83,86,169
39,13,52
94,87,181
64,85,149
59,85,144
68,43,111
51,22,73
13,87,100
54,62,116
75,54,129
18,62,80
64,38,102
45,18,63
14,53,67
28,65,93
82,43,125
60,23,83
71,69,140
21,34,55
21,17,38
78,97,175
70,64,134
19,25,44
34,77,111
73,80,153
73,78,151
54,85,139
92,44,136
27,27,54
81,45,126
69,97,166
56,46,102
74,7,81
24,32,56
38,78,116
61,43,104
91,63,154
38,68,106
43,51,94
64,67,131
82,44,126
65,61,126
39,99,138
24,91,115
15,57,72
73,57,130
43,83,126
45,25,70
63,78,141
24,85,109
50,96,146
63,47,110
84,93,177
49,30,79
7,86,93
93,39,132
64,63,127
77,48,125
89,49,138
90,58,148
83,97,180
62,90,152
66,63,129
29,95,124
56,78,134
64,22,86
93,60,153
95,13,108
66,61,127
87,47,134
58,8,66
21,92,113
61,56,117
60,31,91
52,41,93
58,59,117
16,72,88
50,17,67
45,23,68
55,19,74
74,74,148
10,93,103
99,92,191
61,47,108
75,59,134
49,93,142
87,99,186
44,91,135
60,88,148
53,12,65
82,87,169
17,96,113
73,43,116
98,64,162
29,91,120
89,66,155
66,81,147
30,91,121
68,25,93
72,21,93
50,84,134
62,46,108
39,81,120
39,45,84
88,87,175
65,59,124
45,60,105
87,60,147
72,34,106
72,100,172
56,39,95
18,62,80
36,27,63
11,53,64
20,92,112
90,30,120
44,46,90
57,76,133
34,42,76
50,12,62
14,38,52
31,48,79
14,68,82
89,89,178
31,80,111
78,41,119
60,67,127
70,99,169
73,69,142
70,22,92
10,88,98
8,42,50
30,25,55
89,59,148
27,63,90
50,57,107
22,82,104
53,68,121
55,40,95
81,45,126
32,87,119
81,87,168
87,31,118
90,89,179
92,61,153
53,83,136
74,18,92
80,40,120
95,85,180
18,38,56
99,46,145
26,87,113
44,100,144
66,72,138
37,40,77
68,41,109
73,43,116
92,86,178
37,36,73
62,83,145
34,58,92
79,11,90
53,68,121
53,20,73
74,78,152
80,27,107
97,68,165
93,66,159
43,76,119
7,26,33
55,51,106
26,60,86
7,55,62
64,51,115
86,12,98
98,95,193
89,52,141
19,74,93
30,96,126
91,9,100
17,87,104
72,95,167
62,31,93
57,69,126
74,68,142
35,76,111
94,13,107
42,60,102
28,35,63
77,22,99
77,91,168
40,55,95
19,94,113
7,39,46
91,32,123
79,86,165
43,90,133
13,24,37
41,80,121
56,68,124
38,7,45
55,79,134
65,37,102
94,39,133
33,62,95
100,81,181
85,35,120
78,99,177
46,9,55
67,97,164
98,32,130
67,84,151
99,59,158
11,62,73
43,21,64
10,89,99
9,82,91
91,10,101
81,18,99
58,91,149
20,96,116
79,11,90
37,91,128
60,83,143
43,29,72
33,74,107
39,23,62
23,17,40
53,43,96
63,46,109
17,62,79
65,60,125
27,48,75
92,20,112
25,16,41
37,40,77
53,88,141
15,54,69
11,95,106
48,65,113
91,30,121
94,44,138
74,76,150
23,62,85
80,8,88
7,36,43
50,66,116
23,42,65
71,50,121
21,45,66
8,41,49
94,97,191
56,78,134
90,36,126
34,92,126
36,71,107
41,100,141
76,27,103
98,90,188
48,76,124
94,22,116
49,42,91
79,84,163
59,62,121
87,22,109
39,80,119
32,19,51
100,44,144
65,41,106
49,26,75
12,99,111
62,36,98
80,36,116
74,79,153
12,87,99
28,65,93
20,13,33
76,58,134
60,15,75
45,100,145
72,12,84
87,7,94
63,68,131
32,76,108
83,52,135
26,63,89
63,44,107
8,74,82
13,52,65
68,79,147
11,52,63
30,33,63
47,51,98
64,29,93
70,91,161
77,24,101
65,51,116
65,27,92
13,41,54
58,88,146
18,50,68
86,22,108
82,72,154
56,33,89
7,48,55
39,63,102
64,48,112
55,98,153
57,18,75
27,38,65
39,44,83
57,52,109
58,70,128
33,89,122
33,27,60
67,88,155
48,58,106
43,18,61
12,84,96
96,80,176
69,18,87
49,72,121
21,69,90
79,42,121
37,43,80
94,45,139
42,62,104
49,83,132
64,53,117
10,34,44
43,27,70
88,35,123
49,59,108
9,63,72
61,74,135
65,65,130
8,70,78
51,14,65
84,23,107
57,66,123
26,90,116
65,59,124
94,11,105
56,92,148
63,20,83
39,27,66
25,47,72
74,89,163
54,9,63
63,57,120
89,91,180
14,53,67
77,67,144
38,95,133
15,44,59
59,19,78
25,75,100
66,30,96
56,35,91
9,17,26
84,44,128
29,68,97
26,79,105
34,56,90
52,68,120
17,38,55
34,68,102
71,42,113
41,62,103
70,43,113
95,57,152
100,27,127
24,79,103
77,58,135
9,58,67
12,77,89
99,91,190
91,10,101
57,65,122
90,94,184
51,31,82
24,79,103
41,54,95
19,72,91
33,80,113
71,35,106
88,11,99
82,27,109
40,22,62
29,85,114
70,63,133
83,78,161
83,7,90
45,47,92
43,68,111
9,38,47
89,29,118
83,85,168
23,64,87
35,83,118
79,76,155
19,11,30
62,46,108
57,92,149
64,13,77
98,79,177
8,15,23
84,94,178
66,31,97
69,14,83
100,10,110
75,29,104
17,38,55
14,40,54
83,14,97
25,76,101
96,70,166
76,21,97
32,44,76
18,19,37
80,86,166
96,14,110
31,58,89
30,78,108
11,90,101
75,29,104
79,22,101
43,13,56
65,13,78
94,20,114
39,51,90
63,32,95
23,14,37
80,78,158
79,51,130
77,97,174
33,65,98
96,66,162
18,13,31
18,29,47
64,61,125
97,55,152
17,80,97
94,16,110
91,69,160
99,10,109
99,56,155
73,17,90
43,7,50
58,73,131
39,85,124
13,17,30
58,16,74
25,81,106
78,19,97
77,91,168
65,88,153
29,36,65
57,41,98
53,43,96
18,27,45
66,77,143
12,8,20
80,54,134
28,99,127
16,99,115
11,20,31
34,90,124
82,83,165
53,60,113
20,26,46
52,100,152
87,45,132
88,99,187
24,51,75
19,79,98
63,76,139
60,12,72
100,51,151
19,49,68
78,23,101
63,48,111
58,89,147
74,75,149
18,28,46
61,64,125
91,62,153
30,98,128
44,8,52
9,26,35
34,28,62
37,80,117
56,19,75
15,64,79
24,24,48
43,88,131
99,26,125
16,82,98
31,18,49
44,88,132
91,15,106
53,66,119
24,75,99
90,33,123
69,90,159
39,7,46
79,60,139
68,72,140
100,81,181
88,89,177
16,81,97
50,66,116
30,49,79
33,38,71
22,55,77
85,60,145
37,70,107
63,57,120
35,83,118
84,22,106
78,9,87
95,68,163
29,77,106
93,36,129
28,11,39
41,48,89
7,44,51
75,24,99
14,82,96
53,66,119
65,30,95
82,66,148
34,45,79
16,51,67
87,8,95
8,8,16
92,67,159
87,70,157
32,35,67
21,28,49
66,49,115
51,87,138
94,63,157
38,20,58
72,12,84
50,71,121
53,41,94
58,82,140
83,69,152
14,32,46
91,32,123
26,67,93
61,65,126
70,18,88
58,91,149
43,99,142
91,50,141
35,29,64
89,9,98
38,41,79
30,50,80
14,28,42
62,24,86
43,63,106
80,61,141
31,61,92
82,61,143
90,28,118
93,29,122
46,99,145
42,56,98
85,32,117
24,66,90
34,53,87
27,63,90
100,18,118
63,68,131
63,76,139
78,17,95
26,93,119
81,18,99
54,32,86
63,66,129
75,25,100
12,78,90
44,26,70
50,45,95
76,43,119
39,78,117
56,95,151
40,54,94
95,94,189
67,85,152
84,79,163
30,68,98
57,52,109
39,28,67
52,66,118
49,82,131
12,49,61
44,82,126
96,44,140
40,22,62
76,20,96
79,10,89
69,63,132
22,61,83
33,97,130
11,53,64
23,28,51
46,91,137
86,9,95
76,84,160
87,21,108
66,28,94
63,48,111
50,96,146
51,37,88
37,9,46
49,59,108
69,8,77
18,51,69
74,36,110
48,54,102
69,23,92
41,26,67
30,57,87
89,36,125
69,48,117
47,19,66
13,85,98
86,32,118
68,26,94
21,51,72
37,55,92
7,60,67
68,39,107
49,11,60
92,40,132
75,55,130
64,38,102
29,13,42
53,71,124
46,74,120
32,32,64
65,59,124
58,21,79
7,41,48
17,76,93
78,15,93
16,41,57
46,99,145
10,32,42
53,66,119
74,43,117
31,38,69
33,27,60
7,56,63
56,90,146
16,30,46
15,90,105
93,73,166
83,100,183
25,86,111
66,99,165
59,58,117
22,94,116
76,45,121
48,33,81
89,84,173
60,26,86
78,24,102
95,87,182
19,84,103
47,53,100
86,31,117
75,32,107
31,91,122
41,38,79
39,31,70
30,85,115
81,29,110
99,31,130
71,53,124
95,45,140
50,86,136
90,79,169
28,78,106
17,76,93
46,42,88
45,100,145
43,85,128
78,12,90
22,45,67
19,85,104
59,16,75
10,9,19
85,26,111
80,27,107
7,17,24
100,56,156
20,71,91
82,28,110
78,34,112
59,91,150
71,96,167
17,10,27
72,28,100
82,95,177
7,63,70
92,34,126
11,77,88
17,17,34
74,77,151
64,58,122
80,7,87
32,43,75
42,42,84
73,10,83
8,68,76
61,81,142
34,20,54
56,83,139
62,66,128
14,71,85
38,91,129
56,18,74
61,78,139
40,99,139
17,97,114
56,55,111
96,26,122
60,95,155
65,8,73
40,70,110
67,61,128
72,21,93
83,41,124
79,92,171
80,47,127
10,14,24
10,60,70
8,55,63
49,57,106
23,52,75
26,15,41
75,16,91
64,54,118
40,22,62
81,57,138
86,93,179
85,70,155
51,10,61
90,65,155
69,20,89
87,97,184
25,64,89
14,86,100
39,28,67
29,50,79
12,81,93
74,87,161
93,10,103
94,93,187
100,24,124
53,21,74
79,48,127
98,30,128
67,76,143
70,47,117
33,19,52
20,14,34
83,94,177
65,67,132
97,38,135
9,24,33
56,92,148
72,71,143
25,15,40
67,88,155
65,53,118
74,44,118
80,17,97
57,85,142
56,32,88
88,14,102
17,17,34
65,37,102
10,50,60
67,46,113
64,66,130
100,7,107
11,7,18
41,62,103
59,84,143
53,85,138
92,74,166
73,70,143
81,28,109
88,76,164
15,14,29
61,74,135
50,11,61
45,78,123
63,99,162
94,89,183
49,56,105
32,33,65
95,88,183
75,40,115
84,11,95
93,33,126
82,38,120
78,53,131
42,83,125
21,21,42
85,11,96
70,89,159
29,13,42
35,61,96
13,88,101
88,77,165
65,73,138
45,25,70
16,99,115
95,7,102
77,79,156
67,85,152
46,82,128
37,75,112
12,59,71
35,88,123
15,96,111
98,47,145
49,40,89
18,19,37
41,43,84
86,47,133
74,25,99
95,69,164
17,26,43
54,39,93
78,43,121
84,48,132
24,44,68
81,97,178
89,84,173
48,30,78
8,51,59
27,97,124
96,14,110
100,94,194
81,44,125
56,32,88
17,13,30
42,44,86
45,90,135
19,71,90
18,80,98
33,70,103
35,77,112
7,17,24
18,76,94
11,87,98
98,87,185
83,75,158
52,26,78
82,75,157
36,46,82
83,57,140
90,94,184
86,51,137
71,58,129
46,8,54
42,35,77
75,26,101
71,11,82
9,57,66
73,8,81
51,79,130
45,96,141
65,29,94
54,94,148
17,95,112
43,67,110
7,89,96
68,54,122
38,35,73
7,100,107
59,14,73
29,53,82
74,88,162
51,68,119
52,21,73
72,57,129
85,98,183
68,64,132
35,21,56
38,56,94
33,71,104
27,92,119
91,28,119
12,24,36
53,28,81
61,58,119
87,68,155
30,37,67
99,19,118
50,41,91
35,69,104
64,37,101
50,96,146
55,53,108
14,92,106
41,79,120
45,76,121
95,80,175
24,12,36
12,91,103
61,90,151
11,70,81
64,45,109
9,87,96
36,58,94
31,73,104
7,42,49
23,88,111
48,67,115
81,7,88
95,75,170
63,98,161
76,49,125
23,8,31
7,51,58
46,15,61
15,40,55
32,88,120
27,86,113
44,77,121
64,35,99
59,49,108
85,57,142
84,90,174
48,68,116
97,24,121
45,85,130
51,21,72
49,34,83
57,60,117
12,78,90
99,100,199
72,29,101
74,52,126
100,100,200
30,80,110
89,92,181
46,21,67
31,93,124
81,76,157
60,84,144
38,30,68
79,74,153
56,96,152
62,59,121
85,97,182
29,63,92
16,15,31
96,31,127
31,62,93
39,100,139
58,85,143
27,43,70
13,56,69
26,49,75
20,80,100
89,7,96
68,58,126
44,40,84
13,34,47
33,68,101
42,12,54
29,66,95
56,70,126
12,40,52
84,52,136
33,89,122
11,40,51
69,8,77
26,17,43
28,34,62
14,99,113
24,100,124
88,30,118
54,8,62
7,58,65
95,62,157
32,23,55
86,39,125
57,82,139
82,13,95
42,37,79
52,94,146
11,29,40
37,79,116
67,90,157
26,19,45
10,90,100
27,58,85
83,60,143
51,26,77
100,50,150
43,25,68
65,41,106
14,74,88
53,24,77
98,46,144
82,52,134
89,14,103
16,68,84
29,37,66
69,23,92
27,83,110
31,27,58
93,66,159
82,80,162
82,20,102
68,66,134
24,68,92
73,62,135
78,99,177
81,23,104
7,93,100
91,58,149
50,43,93
88,8,96
29,47,76
54,99,153
96,28,124
52,64,116
67,86,153
19,51,70
73,66,139
73,38,111
7,22,29
99,69,168
39,55,94
8,63,71
55,12,67
41,95,136
47,39,86
9,48,57
95,38,133
60,69,129
61,55,116
100,94,194
99,92,191
38,57,95
71,37,108
73,84,157
89,76,165
13,19,32
57,92,149
75,73,148
48,16,64
68,30,98
80,53,133
77,25,102
42,60,102
65,80,145
41,83,124
32,36,68
29,86,115
67,22,89
71,65,136
100,27,127
46,95,141
73,26,99
66,43,109
58,10,68
45,7,52
59,19,78
26,73,99
96,12,108
52,23,75
96,43,139
9,40,49
52,68,120
16,13,29
79,57,136
36,39,75
25,19,44
8,17,25
62,13,75
34,21,55
83,13,96
29,28,57
72,35,107
21,68,89
54,37,91
80,50,130
29,79,108
57,45,102
44,46,90
71,83,154
17,19,36
82,76,158
85,73,158
9,63,72
36,23,59
42,32,74
48,32,80
31,94,125
78,27,105
24,86,110
80,46,126
84,84,168
89,47,136
22,29,51
30,77,107
33,30,63
36,99,135
99,61,160
51,91,142
10,39,49
11,78,89
88,98,186
16,79,95
94,15,109
21,86,107
38,93,131
93,96,189
74,89,163
78,77,155
22,59,81
97,54,151
66,22,88
26,58,84
57,93,150
42,17,59
99,98,197
79,35,114
39,77,116
29,99,128
93,66,159
99,76,175
88,87,175
46,50,96
12,47,59
67,7,74
70,76,146
15,35,50
94,24,118
38,14,52
96,91,187
35,19,54
95,85,180
70,17,87
7,70,77
92,34,126
77,29,106
13,29,42
64,70,134
74,17,91
16,45,61
81,71,152
28,61,89
12,16,28
90,37,127
70,19,89
30,50,80
13,49,62
24,18,42
36,46,82
83,22,105
71,73,144
16,62,78
73,59,132
16,21,37
60,94,154
95,7,102
84,55,139
10,37,47
98,55,153
71,72,143
92,30,122
20,47,67
89,86,175
80,65,145
24,38,62
10,40,50
20,44,64
45,38,83
63,47,110
40,35,75
56,95,151
9,37,46
76,28,104
74,28,102
50,28,78
87,10,97
63,50,113
50,44,94
18,44,62
94,48,142
70,66,136
85,51,136
72,93,165
59,59,118
51,99,150
56,88,144
83,37,120
55,66,121
44,90,134
93,46,139
38,86,124
9,42,51
22,67,89
17,75,92
31,65,96
45,45,90
42,31,73
21,80,101
79,38,117
17,44,61
49,23,72
31,20,51
61,42,103
41,79,120
76,89,165
62,88,150
18,63,81
73,63,136
73,45,118
98,16,114
17,100,117
33,82,115
73,92,165
55,64,119
12,99,111
44,27,71
99,64,163
22,38,60
65,13,78
48,85,133
66,89,155
52,40,92
15,70,85
88,56,144
59,65,124
79,61,140
37,61,98
53,39,92
61,15,76
92,97,189
33,33,66
40,17,57
60,10,70
18,81,99
56,49,105
39,68,107
12,21,33
51,33,84
91,90,181
99,92,191
60,53,113
83,91,174
50,46,96
20,59,79
12,21,33
70,54,124
67,71,138
78,84,162
31,55,86
43,46,89
20,90,110
65,45,110
7,10,17
23,91,114
19,23,42
74,37,111
100,37,137
93,79,172
71,70,141
35,9,44
77,62,139
67,95,162
18,14,32
69,12,81
88,26,114
71,84,155
19,80,99
65,15,80
79,30,109
84,56,140
39,61,100
93,46,139
7,89,96
70,60,130
31,53,84
36,51,87
81,98,179
41,86,127
84,19,103
10,41,51
57,48,105
23,22,45
58,61,119
63,73,136
43,10,53
29,76,105
8,56,64
31,13,44
84,88,172
29,47,76
39,82,121
23,57,80
14,78,92
35,86,121
7,100,107
13,48,61
32,74,106
16,35,51
55,46,101
95,21,116
57,38,95
47,11,58
15,88,103
96,70,166
62,34,96
74,7,81
81,32,113
99,66,165
18,17,35
78,14,92
49,68,117
88,41,129
99,70,169
45,12,57
13,23,36
26,30,56
63,17,80
34,80,114
62,84,146
28,99,127
61,64,125
98,42,140
40,73,113
63,78,141
39,9,48
28,62,90
56,43,99
24,91,115
79,83,162
67,87,154
29,9,38
66,7,73
31,72,103
46,98,144
61,85,146
91,14,105
30,85,115
44,96,140
100,15,115
66,51,117
61,21,82
52,67,119
11,85,96
23,41,64
41,17,58
92,31,123
33,60,93
81,26,107
59,34,93
99,92,191
74,33,107
73,61,134
98,99,197
24,40,64
19,20,39
96,18,114
23,44,67
28,26,54
26,99,125
30,56,86
31,61,92
80,97,177
66,23,89
18,100,118
35,89,124
55,84,139
24,14,38
74,94,168
60,40,100
23,57,80
92,65,157
63,90,153
35,64,99
71,17,88
10,90,100
91,41,132
91,93,184
98,45,143
7,40,47
76,34,110
95,11,106
58,96,154
62,28,90
47,97,144
67,54,121
10,76,86
69,60,129
91,25,116
19,13,32
66,69,135
17,52,69
96,79,175
92,87,179
63,60,123
17,67,84
82,75,157
79,55,134
94,47,141
89,40,129
73,8,81
22,55,77
87,62,149
69,24,93
26,93,119
91,29,120
91,63,154
67,52,119
64,95,159
50,43,93
98,70,168
32,84,116
27,45,72
22,87,109
17,75,92
74,62,136
76,62,138
64,56,120
11,14,25
35,38,73
32,92,124
44,96,140
57,52,109
69,23,92
59,30,89
18,64,82
58,59,117
14,33,47
85,31,116
98,61,159
31,13,44
49,73,122
7,67,74
60,71,131
31,51,82
25,59,84
19,45,64
68,50,118
70,37,107
91,7,98
78,44,122
32,95,127
11,65,76
15,78,93
66,35,101
69,49,118
90,11,101
33,53,86
89,83,172
11,65,76
93,92,185
66,50,116
65,13,78
51,71,122
90,50,140
40,97,137
90,47,137
77,92,169
50,87,137
75,11,86
17,58,75
58,99,157
7,78,85
41,35,76
55,71,126
100,11,111
36,96,132
28,51,79
98,76,174
69,66,135
25,60,85
60,17,77
10,76,86
64,65,129
33,73,106
33,37,70
26,19,45
49,42,91
61,81,142
45,29,74
74,84,158
30,7,37
99,78,177
15,50,65
54,63,117
98,57,155
99,47,146
71,36,107
76,69,145
54,54,108
96,69,165
8,98,106
51,60,111
84,77,161
81,11,92
64,65,129
39,24,63
92,21,113
66,53,119
62,9,71
78,7,85
34,19,53
37,24,61
86,32,118
67,41,108
40,10,50
27,97,124
78,43,121
51,18,69
81,24,105
13,62,75
10,82,92
93,89,182
97,32,129
40,48,88
71,10,81
94,44,138
42,79,121
98,92,190
13,95,108
13,75,88
59,66,125
44,52,96
24,48,72
48,68,116
91,46,137
76,76,152
54,30,84
87,97,184
70,96,166
87,33,120
34,47,81
85,86,171
73,75,148
7,32,39
20,14,34
12,77,89
30,53,83
67,69,136
76,77,153
50,96,146
33,10,43
40,36,76
15,77,92
44,40,84
17,43,60
58,38,96
30,57,87
64,91,155
49,32,81
80,29,109
93,38,131
58,12,70
72,97,169
12,38,50
71,99,170
18,15,33
60,84,144
65,50,115
21,13,34
48,80,128
74,99,173
51,86,137
12,42,54
27,66,93
34,38,72
58,28,86
31,47,78
23,74,97
60,10,70
94,29,123
44,56,100
24,87,111
55,45,100
84,33,117
84,62,146
15,73,88
62,72,134
30,35,65
32,26,58
56,58,114
7,58,65
85,68,153
37,15,52
14,88,102
66,93,159
54,31,85
33,98,131
73,84,157
60,98,158
44,16,60
35,27,62
50,13,63
89,69,158
92,76,168
11,32,43
39,16,55
48,39,87
76,76,152
10,43,53
96,58,154
12,66,78
50,94,144
70,91,161
77,63,140
76,38,114
82,13,95
27,57,84
15,51,66
32,57,89
93,70,163
29,77,106
27,97,124
59,71,130
86,31,117
73,93,166
57,20,77
25,71,96
50,61,111
63,91,154
64,64,128
96,86,182
36,15,51
38,22,60
60,48,108
66,28,94
22,42,64
17,19,36
35,69,104
80,32,112
27,10,37
8,27,35
90,29,119
16,51,67
37,100,137
23,94,117
22,96,118
73,61,134
72,71,143
80,90,170
20,23,43
98,32,130
19,42,61
89,8,97
21,47,68
62,74,136
31,88,119
66,75,141
43,55,98
18,50,68
40,24,64
93,31,124
92,9,101
34,32,66
57,72,129
74,27,101
41,67,108
42,65,107
14,93,107
66,37,103
12,46,58
81,40,121
81,61,142
81,93,174
68,56,124
85,68,153
52,69,121
73,24,97
70,82,152
25,76,101
95,33,128
98,41,139
53,30,83
92,100,192
56,27,83
29,48,77
51,92,143
8,85,93
32,11,43
34,51,85
14,25,39
96,82,178
57,72,129
93,57,150
52,86,138
35,45,80
53,56,109
92,79,171
21,9,30
13,30,43
47,87,134
94,55,149
91,38,129
76,56,132
97,43,140
13,14,27
45,83,128
29,84,113
46,43,89
16,76,92
76,87,163
66,43,109
67,42,109
55,15,70
55,85,140
94,74,168
18,14,32
27,40,67
12,66,78
87,31,118
26,54,80
58,40,98
56,66,122
7,61,68
54,17,71
97,69,166
48,89,137
30,80,110
21,62,83
73,91,164
89,60,149
91,16,107
87,56,143
86,32,118
73,89,162
62,48,110
60,57,117
98,80,178
90,9,99
29,86,115
42,82,124
40,55,95
46,90,136
29,52,81
7,82,89
36,49,85
36,43,79
57,24,81
34,79,113
60,85,145
57,90,147
77,20,97
43,34,77
67,7,74
77,16,93
62,27,89
57,67,124
83,29,112
80,96,176
9,12,21
60,46,106
18,66,84
68,99,167
27,53,80
53,37,90
64,52,116
84,86,170
26,27,53
57,39,96
79,86,165
58,20,78
98,80,178
55,21,76
56,100,156
71,30,101
89,67,156
52,45,97
75,49,124
39,12,51
80,72,152
61,39,100
26,17,43
93,88,181
56,92,148
97,48,145
52,15,67
66,97,163
61,27,88
32,98,130
8,78,86
42,19,61
86,71,157
81,39,120
92,10,102
8,9,17
40,89,129
77,39,116
68,85,153
75,18,93
92,37,129
91,69,160
36,15,51
66,82,148
18,59,77
99,61,160
80,67,147
43,44,87
100,63,163
8,90,98
41,61,102
94,40,134
83,80,163
69,59,128
69,60,129
98,96,194
98,95,193
87,45,132
49,72,121
45,91,136
79,49,128
83,37,120
31,24,55
53,45,98
67,44,111
14,31,45
73,86,159
83,71,154
76,34,110
71,82,153
8,35,43
98,86,184
44,94,138
67,13,80
77,92,169
92,40,132
79,90,169
76,48,124
9,31,40
51,72,123
77,78,155
64,50,114
39,100,139
52,23,75
66,67,133
73,35,108
51,92,143
99,95,194
92,32,124
73,8,81
10,86,96
35,92,127
54,84,138
29,91,120
90,57,147
34,9,43
43,40,83
76,33,109
100,61,161
43,50,93
71,17,88
22,83,105
97,53,150
25,48,73
11,71,82
58,40,98
53,31,84
7,11,18
16,19,35
51,90,141
7,29,36
41,93,134
37,80,117
77,31,108
54,7,61
42,61,103
96,41,137
35,99,134
56,49,105
35,73,108
86,11,97
85,49,134
52,72,124
41,12,53
38,18,56
64,69,133
67,35,102
13,75,88
37,45,82
59,15,74
7,90,97
81,31,112
9,75,84
54,74,128
51,29,80
98,77,175
52,51,103
81,32,113
15,85,100
24,63,87
53,39,92
90,12,102
48,30,78
19,36,55
85,7,92
89,52,141
26,85,111
29,13,42
58,78,136
22,99,121
78,18,96
67,71,138
9,10,19
45,42,87
33,51,84
59,77,136
32,25,57
58,91,149
78,75,153
39,87,126
33,53,86
47,26,73
85,59,144
10,19,29
17,69,86
74,29,103
15,94,109
69,84,153
14,72,86
98,23,121
43,95,138
25,79,104
57,47,104
41,97,138
81,35,116
66,78,144
94,84,178
37,7,44
82,55,137
29,94,123
52,81,133
30,79,109
30,17,47
62,28,90
15,40,55
91,22,113
84,51,135
23,72,95
24,14,38
9,16,25
16,70,86
94,60,154
78,75,153
82,95,177
58,22,80
76,71,147
39,21,60
57,10,67
10,14,24
77,57,134
18,48,66
18,86,104
16,64,80
10,86,96
60,83,143
62,43,105
45,74,119
82,58,140
17,23,40
72,58,130
44,37,81
48,70,118
33,59,92
31,86,117
22,62,84
39,59,98
96,25,121
24,40,64
22,27,49
93,92,185
21,11,32
43,34,77
71,69,140
58,34,92
44,89,133
98,82,180
27,24,51
70,67,137
44,83,127
85,30,115
88,67,155
32,82,114
33,51,84
14,63,77
71,99,170
52,94,146
76,41,117
15,65,80
55,71,126
8,60,68
77,62,139
90,56,146
21,32,53
50,29,79
73,10,83
35,54,89
58,100,158
61,38,99
7,96,103
23,16,39
85,56,141
94,85,179
41,95,136
26,100,126
50,57,107
75,48,123
57,61,118
68,72,140
32,35,67
70,41,111
81,99,180
27,78,105
11,23,34
85,56,141
37,11,48
91,23,114
67,93,160
98,74,172
11,90,101
77,81,158
81,80,161
100,40,140
8,27,35
85,8,93
9,42,51
85,27,112
8,30,38
87,37,124
20,29,49
69,84,153
16,8,24
22,79,101
79,70,149
71,23,94
97,71,168
55,99,154
54,33,87
20,16,36
95,40,135
31,9,40
72,13,85
90,23,113
21,44,65
42,90,132
93,89,182
11,96,107
14,70,84
7,92,99
18,77,95
48,8,56
9,62,71
22,71,93
32,38,70
28,41,69
36,48,84
25,66,91
56,21,77
7,10,17
97,53,150
65,13,78
88,79,167
46,54,100
46,25,71
51,55,106
95,7,102
60,51,111
67,22,89
10,73,83
23,23,46
57,87,144
65,18,83
96,83,179
40,30,70
53,48,101
71,48,119
86,42,128
80,55,135
90,24,114
89,51,140
50,43,93
36,29,65
61,68,129
7,42,49
55,10,65
74,18,92
29,89,118
40,71,111
33,31,64
23,55,78
14,92,106
30,59,89
22,49,71
61,53,114
47,17,64
81,73,154
56,84,140
76,71,147
84,65,149
81,66,147
11,78,89
21,91,112
53,28,81
18,45,63
70,92,162
76,68,144
19,96,115
74,80,154
46,34,80
56,92,148
60,33,93
52,39,91
88,77,165
66,35,101
56,74,130
58,22,80
27,70,97
83,48,131
47,23,70
7,50,57
74,15,89
90,27,117
57,16,73
19,25,44
23,23,46
36,64,100
40,56,96
87,38,125
88,12,100
31,64,95
86,29,115
84,78,162
36,54,90
61,100,161
11,10,21
30,81,111
51,58,109
62,25,87
72,71,143
60,77,137
91,49,140
48,11,59
16,21,37
57,13,70
90,30,120
54,26,80
46,9,55
81,81,162
24,65,89
58,78,136
82,28,110
60,80,140
49,77,126
90,15,105
43,24,67
62,56,118
44,76,120
24,34,58
90,61,151
68,80,148
9,40,49
48,36,84
21,91,112
55,72,127
94,9,103
75,67,142
76,74,150
87,78,165
99,57,156
98,72,170
26,79,105
21,68,89
53,64,117
93,92,185
80,71,151
38,65,103
84,97,181
46,92,138
12,100,112
26,85,111
50,90,140
19,82,101
59,86,145
69,63,132
94,97,191
31,22,53
50,24,74
13,30,43
29,92,121
89,67,156
42,32,74
80,47,127
53,78,131
40,96,136
70,37,107
24,17,41
18,20,38
12,21,33
84,88,172
41,15,56
74,46,120
41,14,55
35,45,80
18,28,46
26,86,112
60,16,76
62,38,100
41,94,135
18,25,43
54,79,133
17,67,84
30,90,120
11,8,19
24,42,66
27,57,84
96,62,158
16,81,97
87,93,180
63,37,100
94,41,135
91,76,167
78,66,144
24,57,81
89,53,142
50,60,110
52,90,142
31,13,44
71,16,87
84,88,172
62,82,144
57,91,148
11,16,27
7,38,45
60,79,139
25,41,66
9,86,95
91,15,106
69,31,100
70,65,135
36,75,111
28,8,36
7,71,78
26,68,94
36,73,109
26,84,110
26,60,86
73,73,146
44,96,140
43,59,102
56,27,83
20,16,36
82,21,103
73,57,130
54,96,150
75,95,170
41,63,104
87,48,135
50,92,142
20,23,43
71,42,113
62,38,100
28,84,112
58,69,127
32,24,56
27,28,55
22,94,116
84,97,181
15,19,34
97,92,189
67,41,108
70,32,102
12,78,90
90,86,176
20,37,57
63,33,96
34,35,69
72,87,159
96,68,164
87,36,123
88,91,179
26,11,37
32,65,97
100,28,128
45,54,99
34,92,126
37,25,62
68,71,139
93,10,103
78,22,100
45,94,139
81,43,124
39,71,110
82,27,109
63,73,136
52,40,92
100,70,170
37,98,135
96,82,178
14,21,35
24,52,76
94,10,104
85,30,115
86,28,114
18,54,72
40,72,112
70,73,143
63,87,150
52,80,132
46,74,120
63,13,76
48,90,138
85,53,138
63,52,115
75,88,163
80,19,99
81,37,118
64,81,145
55,66,121
66,38,104
10,17,27
28,68,96
36,9,45
77,39,116
59,61,120
48,25,73
45,25,70
54,72,126
20,72,92
100,11,111
65,72,137
42,84,126
9,52,61
15,81,96
62,85,147
61,11,72
24,78,102
58,40,98
96,44,140
52,89,141
66,42,108
18,48,66
77,81,158
43,18,61
35,98,133
73,40,113
99,30,129
67,87,154
97,74,171
28,97,125
75,15,90
100,82,182
52,64,116
92,13,105
53,68,121
21,70,91
48,10,58
35,79,114
97,20,117
27,63,90
39,94,133
85,78,163
89,61,150
80,71,151
32,59,91
36,36,72
57,71,128
46,32,78
97,92,189
43,92,135
70,29,99
43,74,117
64,25,89
90,35,125
29,26,55
49,28,77
99,37,136
8,32,40
14,83,97
96,34,130
22,86,108
84,56,140
80,34,114
58,75,133
21,33,54
50,60,110
84,19,103
48,88,136
36,70,106
9,91,100
10,10,20
45,27,72
60,61,121
90,18,108
95,51,146
16,81,97
83,88,171
13,26,39
8,25,33
16,93,109
78,47,125
29,60,89
47,87,134
72,100,172
26,61,87
70,25,95
73,41,114
45,58,103
20,36,56
83,62,145
29,49,78
13,96,109
9,26,35
86,56,142
17,96,113
69,81,150
17,84,101
20,7,27
39,25,64
33,55,88
71,75,146
42,12,54
78,88,166
25,74,99
8,88,96
53,18,71
42,66,108
30,94,124
51,49,100
78,79,157
28,97,125
95,98,193
36,46,82
32,72,104
46,34,80
73,42,115
60,61,121
60,92,152
25,66,91
28,73,101
80,23,103
96,84,180
85,48,133
77,73,150
39,42,81
39,83,122
74,48,122
61,32,93
41,98,139
18,9,27
20,22,42
49,36,85
58,81,139
30,52,82
49,32,81
67,20,87
28,78,106
99,74,173
66,41,107
69,10,79
85,87,172
88,88,176
63,12,75
60,39,99
60,60,120
71,65,136
29,8,37
95,81,176
93,78,171
20,54,74
64,21,85
17,82,99
26,75,101
16,55,71
57,24,81
60,100,160
22,47,69
68,91,159
56,34,90
9,69,78
23,64,87
15,55,70
67,25,92
36,14,50
89,68,157
56,95,151
50,90,140
51,32,83
45,71,116
39,91,130
97,14,111
78,83,161
33,27,60
24,10,34
32,89,121
24,7,31
81,31,112
94,23,117
39,11,50
23,34,57
94,36,130
83,16,99
73,21,94
35,75,110
29,61,90
60,97,157
81,85,166
84,29,113
22,68,90
94,93,187
48,26,74
14,89,103
85,49,134
85,93,178
86,80,166
9,96,105
92,45,137
79,75,154
96,65,161
23,71,94
12,52,64
70,87,157
86,36,122
77,86,163
26,27,53
78,56,134
21,74,95
23,36,59
16,81,97
51,92,143
94,96,190
57,64,121
72,43,115
92,46,138
75,94,169
45,21,66
42,44,86
87,90,177
58,79,137
81,66,147
18,78,96
71,66,137
64,65,129
54,32,86
44,31,75
23,29,52
48,65,113
99,44,143
52,80,132
72,57,129
44,20,64
10,100,110
36,61,97
66,33,99
56,46,102
22,70,92
72,70,142
14,14,28
95,30,125
19,8,27
50,69,119
43,71,114
41,72,113
89,35,124
70,40,110
98,69,167
65,43,108
39,20,59
80,52,132
31,38,69
74,32,106
86,23,109
43,17,60
26,63,89
80,61,141
76,73,149
93,34,127
87,35,122
38,49,87
91,80,171
45,34,79
33,33,66
10,26,36
52,19,71
78,67,145
7,15,22
95,55,150
82,25,107
54,37,91
35,82,117
22,25,47
33,75,108
61,46,107
87,74,161
11,84,95
88,15,103
34,11,45
58,48,106
79,48,127
80,34,114
82,81,163
46,16,62
42,16,58
15,99,114
37,93,130
96,92,188
36,63,99
35,49,84
88,77,165
78,47,125
70,69,139
14,68,82
20,15,35
38,89,127
33,17,50
17,58,75
68,9,77
58,59,117
39,17,56
7,14,21
35,97,132
68,54,122
72,45,117
46,68,114
58,18,76
87,61,148
100,51,151
32,70,102
27,34,61
14,49,63
74,31,105
54,42,96
47,84,131
94,80,174
36,77,113
26,94,120
42,19,61
82,64,146
50,21,71
93,32,125
18,40,58
74,94,168
75,81,156
28,38,66
94,17,111
79,55,134
79,53,132
24,55,79
66,65,131
99,18,117
26,22,48
47,58,105
23,70,93
25,64,89
53,93,146
8,93,101
42,99,141
64,54,118
98,15,113
89,76,165
78,67,145
75,59,134
86,83,169
100,61,161
18,51,69
46,71,117
49,82,131
78,72,150
7,74,81
49,51,100
86,87,173
36,38,74
63,7,70
72,51,123
84,44,128
66,53,119
38,84,122
99,60,159
31,63,94
53,12,65
35,53,88
46,41,87
23,95,118
37,80,117
42,87,129
48,52,100
83,13,96
19,54,73
82,38,120
45,30,75
78,39,117
47,58,105
50,25,75
8,74,82
80,92,172
95,14,109
48,100,148
75,9,84
31,62,93
42,48,90
81,80,161
76,19,95
14,27,41
88,82,170
36,82,118
41,56,97
73,58,131
64,94,158
79,98,177
47,17,64
87,30,117
18,72,90
31,72,103
44,20,64
37,29,66
72,66,138
64,11,75
27,20,47
85,46,131
17,77,94
97,19,116
39,17,56
18,66,84
54,82,136
69,96,165
70,100,170
41,37,78
79,86,165
19,21,40
15,60,75
27,50,77
43,58,101
53,13,66
21,50,71
58,48,106
53,22,75
30,67,97
75,79,154
100,87,187
96,14,110
32,99,131
78,37,115
52,14,66
35,53,88
13,78,91
81,88,169
22,13,35
58,57,115
60,44,104
99,30,129
94,18,112
60,54,114
78,8,86
32,23,55
23,9,32
99,7,106
48,71,119
83,65,148
48,96,144
68,31,99
19,69,88
100,97,197
29,12,41
47,19,66
61,32,93
66,54,120
23,78,101
90,49,139
45,44,89
52,85,137
100,23,123
86,84,170
90,62,152
100,96,196
81,76,157
84,63,147
24,12,36
18,11,29
99,20,119
27,66,93
45,39,84
62,33,95
58,9,67
83,96,179
61,51,112
12,90,102
89,97,186
57,99,156
50,93,143
74,28,102
54,62,116
21,53,74
12,27,39
28,88,116
32,36,68
22,79,101
52,26,78
73,40,113
96,34,130
58,64,122
63,88,151
95,47,142
62,25,87
85,61,146
30,82,112
21,58,79
69,72,141
69,99,168
48,22,70
35,20,55
25,45,70
76,69,145
11,33,44
42,34,76
91,88,179
36,61,97
9,42,51
50,44,94
95,62,157
45,78,123
52,42,94
51,14,65
93,92,185
99,30,129
34,38,72
14,42,56
44,88,132
31,27,58
87,11,98
80,51,131
39,93,132
65,98,163
96,98,194
7,83,90
65,93,158
32,57,89
23,57,80
39,94,133
42,20,62
63,39,102
23,83,106
19,74,93
58,87,145
54,22,76
24,44,68
20,48,68
7,93,100
16,19,35
86,50,136
65,95,160
63,89,152
84,18,102
90,68,158
74,89,163
42,75,117
94,65,159
23,85,108
16,71,87
17,64,81
24,37,61
80,52,132
22,45,67
87,34,121
76,86,162
80,58,138
17,38,55
46,47,93
43,40,83
25,32,57
38,100,138
61,67,128
61,61,122
100,99,199
62,65,127
85,67,152
93,7,100
98,35,133
96,9,105
45,17,62
80,91,171
97,79,176
47,45,92
14,44,58
76,13,89
13,78,91
80,39,119
72,21,93
91,63,154
52,8,60
36,93,129
62,31,93
16,85,101
56,77,133
53,72,125
10,19,29
29,51,80
20,23,43
37,62,99
77,66,143
20,26,46
17,88,105
98,82,180
23,16,39
65,17,82
7,31,38
47,52,99
71,85,156
29,34,63
94,14,108
38,17,55
73,44,117
9,28,37
44,58,102
33,75,108
66,47,113
15,84,99
95,21,116
40,44,84
80,29,109
63,47,110
30,31,61
69,7,76
25,77,102
58,32,90
21,38,59
42,50,92
66,84,150
49,75,124
59,10,69
23,82,105
12,100,112
22,59,81
42,93,135
14,81,95
42,50,92
15,43,58
16,45,61
80,18,98
84,36,120
60,36,96
66,36,102
53,50,103
42,19,61
61,97,158
17,96,113
30,92,122
17,29,46
85,20,105
8,86,94
45,88,133
42,97,139
65,73,138
9,78,87
80,54,134
55,100,155
77,11,88
21,91,112
11,52,63
96,94,190
43,14,57
58,77,135
28,19,47
51,19,70
54,31,85
34,39,73
18,67,85
76,31,107
20,33,53
45,31,76
46,83,129
87,54,141
7,32,39
77,95,172
85,81,166
11,44,55
77,81,158
80,43,123
55,11,66
74,90,164
78,89,167
24,58,82
40,40,80
53,45,98
20,51,71
57,99,156
78,11,89
63,33,96
75,27,102
52,19,71
46,17,63
29,93,122
18,16,34
50,67,117
46,50,96
86,76,162
74,85,159
26,40,66
10,13,23
59,15,74
93,33,126
67,97,164
32,86,118
37,85,122
91,76,167
70,34,104
25,35,60
99,37,136
15,48,63
36,84,120
33,7,40
52,48,100
92,91,183
97,27,124
28,50,78
41,15,56
75,46,121
94,41,135
16,8,24
41,90,131
82,74,156
12,64,76
91,47,138
43,44,87
63,10,73
57,12,69
51,85,136
94,34,128
29,43,72
96,96,192
80,65,145
57,10,67
74,15,89
61,17,78
86,72,158
25,93,118
98,81,179
9,100,109
67,73,140
12,46,58
41,52,93
67,72,139
70,34,104
46,46,92
41,54,95
21,49,70
78,46,124
22,46,68
88,78,166
73,23,96
85,74,159
48,65,113
76,28,104
82,23,105
20,73,93
33,44,77
91,33,124
38,94,132
35,55,90
22,30,52
48,11,59
59,14,73
72,61,133
57,70,127
70,61,131
33,32,65
23,18,41
46,21,67
16,54,70
39,59,98
78,69,147
76,82,158
9,9,18
8,85,93
71,22,93
58,7,65
93,36,129
79,53,132
47,87,134
20,46,66
68,27,95
23,37,60
56,37,93
96,15,111
16,59,75
87,22,109
68,63,131
34,20,54
55,8,63
80,93,173
65,100,165
50,64,114
55,73,128
20,17,37
17,32,49
79,76,155
42,76,118
38,14,52
10,28,38
99,57,156
46,32,78
20,24,44
38,62,100
23,89,112
52,63,115
92,46,138
11,68,79
29,65,94
75,57,132
86,23,109
15,57,72
93,29,122
57,88,145
18,25,43
80,47,127
74,98,172
58,62,120
17,69,86
19,34,53
67,30,97
11,54,65
22,12,34
50,52,102
34,56,90
52,93,145
40,51,91
16,70,86
58,22,80
88,90,178
84,61,145
49,27,76
8,60,68
89,44,133
48,80,128
14,50,64
57,93,150
72,29,101
57,7,64
60,99,159
56,49,105
64,30,94
91,73,164
85,52,137
17,30,47
65,34,99
23,70,93
51,24,75
63,78,141
56,56,112
47,60,107
40,50,90
22,90,112
20,95,115
48,34,82
22,9,31
28,40,68
7,96,103
99,28,127
58,41,99
94,52,146
48,56,104
9,22,31
15,67,82
46,57,103
49,59,108
30,58,88
92,68,160
52,98,150
28,26,54
21,81,102
43,84,127
79,59,138
34,52,86
67,73,140
47,93,140
67,40,107
81,62,143
55,15,70
62,50,112
18,20,38
70,76,146
22,42,64
40,64,104
89,82,171
71,54,125
79,72,151
82,12,94
18,45,63
42,97,139
79,7,86
57,65,122
42,21,63
74,13,87
49,53,102
90,10,100
86,68,154
37,62,99
11,25,36
55,93,148
18,93,111
22,22,44
40,59,99
74,15,89
18,18,36
46,50,96
94,41,135
60,39,99
15,10,25
81,62,143
55,73,128
55,55,110
15,57,72
7,55,62
59,15,74
78,52,130
34,23,57
43,27,70
40,25,65
35,15,50
79,91,170
85,94,179
48,24,72
27,98,125
11,62,73
76,76,152
70,12,82
66,12,78
17,66,83
80,62,142
33,92,125
88,46,134
83,100,183
9,46,55
84,12,96
47,48,95
7,28,35
63,40,103
68,40,108
10,13,23
29,78,107
23,50,73
58,98,156
90,72,162
20,12,32
58,95,153
92,41,133
16,95,111
28,93,121
16,73,89
77,87,164
76,27,103
58,52,110
42,25,67
13,71,84
7,79,86
53,46,99
53,12,65
100,29,129
71,56,127
42,14,56
66,82,148
29,62,91
83,7,90
19,25,44
84,46,130
87,44,131
9,33,42
91,13,104
42,63,105
27,10,37
73,22,95
22,35,57
69,44,113
80,56,136
55,15,70
72,89,161
7,18,25
52,77,129
68,42,110
35,76,111
73,81,154
35,26,61
46,75,121
72,76,148
86,74,160
61,40,101
72,33,105
33,18,51
49,26,75
70,88,158
15,13,28
85,81,166
71,36,107
69,28,97
43,25,68
33,69,102
99,93,192
28,16,44
83,46,129
97,55,152
30,72,102
77,70,147
75,28,103
16,27,43
30,44,74
86,94,180
89,48,137
43,94,137
73,32,105
70,36,106
33,51,84
22,85,107
54,75,129
74,31,105
61,54,115
43,61,104
9,41,50
25,77,102
56,83,139
8,30,38
59,33,92
49,41,90
30,79,109
77,23,100
78,93,171
89,61,150
39,71,110
29,33,62
19,80,99
47,71,118
48,8,56
56,25,81
85,69,154
48,51,99
74,96,170
15,9,24
59,87,146
66,26,92
38,58,96
90,55,145
10,79,89
23,86,109
26,35,61
26,13,39
33,17,50
25,34,59
80,55,135
58,59,117
82,43,125
9,23,32
65,48,113
86,29,115
95,33,128
55,27,82
94,11,105
89,98,187
16,92,108
43,32,75
14,80,94
85,98,183
74,43,117
95,63,158
30,92,122
94,89,183
56,65,121
39,77,116
54,16,70
31,61,92
18,7,25
56,10,66
24,11,35
23,49,72
80,48,128
33,26,59
47,62,109
79,87,166
94,30,124
93,15,108
32,67,99
62,75,137
80,42,122
70,67,137
46,35,81
19,45,64
73,28,101
11,19,30
38,100,138
69,59,128
24,20,44
35,32,67
59,62,121
35,87,122
91,22,113
15,83,98
8,64,72
52,37,89
17,79,96
73,45,118
11,90,101
61,93,154
66,68,134
16,10,26
71,67,138
49,88,137
71,95,166
87,82,169
64,90,154
78,75,153
78,99,177
75,84,159
14,45,59
50,91,141
7,67,74
49,30,79
100,42,142
27,30,57
71,56,127
65,72,137
99,47,146
33,50,83
40,47,87
33,52,85
32,76,108
39,38,77
8,28,36
7,69,76
85,97,182
60,7,67
73,66,139
96,98,194
94,74,168
33,71,104
82,34,116
18,25,43
41,40,81
80,78,158
64,56,120
64,22,86
78,20,98
65,64,129
46,66,112
98,77,175
26,61,87
73,18,91
34,20,54
82,67,149
86,29,115
48,57,105
45,18,63
91,82,173
79,77,156
10,68,78
42,27,69
55,51,106
57,75,132
68,7,75
64,87,151
42,77,119
67,51,118
94,89,183
74,39,113
67,78,145
56,87,143
99,95,194
57,67,124
97,58,155
45,39,84
87,57,144
60,72,132
55,92,147
14,45,59
69,96,165
27,29,56
47,90,137
82,70,152
66,77,143
46,27,73
55,64,119
32,93,125
52,96,148
83,48,131
54,89,143
96,70,166
22,51,73
47,75,122
15,31,46
93,70,163
49,45,94
60,62,122
28,34,62
91,29,120
72,20,92
52,19,71
55,44,99
40,69,109
56,52,108
25,89,114
91,78,169
56,29,85
8,54,62
15,84,99
95,68,163
34,76,110
12,21,33
33,44,77
31,98,129
20,97,117
41,43,84
82,7,89
50,37,87
36,15,51
97,25,122
56,62,118
59,37,96
82,23,105
15,11,26
85,30,115
14,51,65
22,8,30
10,91,101
55,70,125
35,78,113
10,54,64
81,17,98
66,83,149
22,29,51
64,18,82
96,66,162
99,62,161
18,86,104
95,68,163
44,73,117
30,19,49
20,67,87
55,79,134
13,37,50
92,76,168
75,15,90
40,7,47
22,57,79
48,60,108
23,81,104
54,19,73
29,64,93
81,13,94
32,87,119
100,20,120
65,80,145
40,12,52
85,64,149
47,95,142
89,13,102
8,100,108
78,41,119
43,24,67
58,59,117
89,87,176
93,100,193
47,12,59
22,81,103
8,61,69
38,7,45
36,51,87
59,65,124
14,30,44
34,20,54
78,65,143
40,30,70
42,10,52
27,71,98
67,15,82
56,85,141
11,30,41
35,94,129
75,49,124
31,99,130
33,75,108
87,87,174
17,66,83
97,10,107
58,88,146
34,48,82
13,44,57
15,89,104
20,41,61
93,43,136
23,56,79
92,53,145
47,43,90
65,94,159
74,35,109
36,8,44
91,24,115
22,12,34
21,9,30
30,91,121
40,25,65
52,76,128
88,84,172
42,17,59
69,72,141
36,47,83
59,20,79
13,57,70
32,11,43
28,21,49
42,95,137
79,71,150
18,60,78
8,39,47
28,78,106
26,52,78
96,60,156
74,39,113
30,69,99
83,59,142
25,44,69
20,79,99
22,88,110
40,47,87
24,72,96
34,53,87
27,97,124
85,14,99
20,65,85
44,9,53
92,72,164
94,23,117
27,51,78
65,8,73
43,66,109
38,38,76
80,73,153
53,44,97
24,29,53
12,25,37
92,52,144
77,15,92
9,44,53
40,81,121
92,29,121
68,93,161
79,62,141
7,76,83
84,42,126
27,66,93
15,11,26
91,82,173
9,85,94
32,93,125
24,62,86
65,47,112
25,78,103
21,48,69
91,67,158
94,48,142
50,68,118
59,82,141
36,70,106
100,83,183
62,31,93
47,42,89
35,87,122
32,63,95
45,53,98
13,70,83
72,31,103
25,55,80
62,16,78
70,79,149
45,19,64
44,40,84
58,45,103
28,86,114
54,27,81
73,99,172
30,50,80
64,27,91
74,28,102
58,7,65
51,61,112
82,18,100
62,51,113
24,41,65
29,70,99
28,21,49
85,94,179
11,62,73
75,11,86
41,35,76
63,40,103
14,24,38
30,20,50
38,58,96
86,36,122
13,50,63
69,64,133
31,14,45
75,51,126
22,70,92
39,69,108
96,51,147
10,26,36
47,76,123
9,92,101
31,29,60
25,84,109
56,8,64
69,66,135
8,75,83
54,32,86
69,73,142
34,95,129
33,58,91
8,41,49
16,34,50
54,17,71
100,78,178
53,99,152
63,45,108
44,25,69
46,83,129
39,54,93
31,26,57
87,97,184
82,51,133
49,89,138
44,64,108
98,95,193
44,69,113
39,77,116
95,88,183
28,55,83
14,41,55
70,70,140
41,95,136
45,26,71
22,28,50
27,88,115
78,60,138
80,46,126
74,100,174
83,38,121
98,81,179
79,17,96
71,84,155
32,81,113
40,76,116
40,75,115
58,92,150
89,38,127
62,46,108
60,32,92
49,37,86
16,8,24
31,88,119
23,35,58
15,81,96
87,20,107
82,33,115
56,32,88
54,68,122
83,21,104
19,95,114
95,100,195
82,52,134
47,37,84
84,12,96
90,8,98
35,13,48
41,65,106
66,79,145
38,86,124
51,97,148
49,68,117
23,33,56
55,99,154
29,40,69
33,16,49
12,59,71
83,77,160
97,76,173
30,28,58
61,29,90
89,89,178
24,74,98
41,72,113
52,100,152
18,40,58
37,23,60
8,85,93
94,78,172
28,84,112
47,20,67
11,100,111
51,78,129
48,32,80
57,30,87
10,90,100
48,61,109
34,50,84
25,95,120
49,19,68
72,74,146
24,66,90
55,77,132
72,45,117
79,70,149
34,55,89
56,19,75
48,23,71
8,57,65
33,98,131
90,47,137
58,25,83
32,89,121
59,84,143
31,22,53
100,100,200
49,80,129
54,21,75
62,25,87
31,12,43
48,30,78
43,70,113
28,89,117
30,70,100
48,64,112
100,70,170
76,78,154
8,75,83
79,51,130
78,36,114
61,28,89
65,13,78
80,9,89
88,95,183
56,63,119
34,54,88
93,46,139
50,37,87
53,20,73
7,20,27
37,92,129
31,45,76
29,73,102
83,73,156
74,61,135
51,47,98
56,33,89
79,74,153
41,66,107
48,55,103
50,62,112
79,39,118
95,46,141
72,79,151
55,69,124
16,38,54
83,17,100
68,100,168
23,54,77
56,77,133
58,69,127
72,44,116
17,99,116
44,12,56
83,65,148
19,96,115
56,20,76
50,81,131
22,12,34
43,54,97
78,70,148
16,62,78
21,60,81
44,35,79
22,46,68
93,65,158
53,22,75
35,16,51
64,17,81
42,14,56
46,18,64
30,87,117
88,89,177
72,13,85
65,16,81
81,90,171
93,25,118
56,93,149
26,66,92
7,39,46
34,37,71
17,11,28
43,62,105
82,89,171
58,31,89
50,61,111
46,92,138
74,38,112
92,31,123
71,75,146
22,83,105
86,76,162
43,29,72
16,80,96
61,26,87
22,28,50
87,62,149
32,57,89
78,68,146
34,81,115
55,9,64
11,36,47
33,67,100
62,22,84
100,50,150
22,31,53
65,20,85
18,47,65
37,32,69
8,27,35
30,96,126
79,38,117
78,50,128
71,40,111
16,7,23
58,27,85
83,75,158
17,47,64
90,50,140
17,39,56
46,15,61
79,95,174
50,78,128
25,38,63
9,76,85
19,46,65
66,40,106
85,66,151
95,29,124
10,31,41
91,55,146
71,69,140
41,18,59
27,55,82
100,24,124
17,83,100
80,10,90
67,70,137
33,16,49
39,15,54
43,66,109
30,12,42
23,32,55
77,92,169
47,59,106
68,18,86
90,71,161
23,11,34
90,60,150
60,74,134
18,82,100
67,97,164
52,15,67
81,81,162
94,95,189
7,56,63
83,35,118
44,40,84
50,19,69
49,35,84
52,87,139
42,43,85
84,21,105
32,60,92
92,50,142
95,95,190
76,97,173
12,14,26
90,42,132
38,21,59
59,28,87
21,79,100
94,24,118
15,55,70
81,89,170
19,95,114
63,19,82
9,96,105
22,94,116
7,10,17
38,19,57
59,70,129
48,16,64
69,97,166
32,58,90
65,64,129
14,48,62
30,56,86
61,79,140
64,67,131
66,39,105
95,98,193
86,51,137
57,78,135
60,57,117
48,91,139
84,12,96
84,42,126
60,88,148
67,16,83
37,95,132
67,13,80
82,59,141
65,7,72
85,97,182
88,59,147
43,85,128
69,91,160
66,56,122
73,91,164
62,74,136
13,64,77
58,43,101
95,42,137
60,18,78
10,62,72
96,9,105
41,83,124
80,76,156
40,50,90
100,27,127
29,96,125
100,21,121
30,59,89
30,29,59
35,86,121
25,71,96
68,85,153
14,83,97
55,27,82
44,27,71
37,51,88
55,20,75
28,88,116
65,10,75
23,21,44
71,62,133
21,72,93
24,64,88
72,46,118
30,92,122
24,25,49
38,66,104
65,66,131
14,90,104
22,24,46
21,17,38
13,55,68
8,87,95
67,46,113
40,38,78
55,33,88
100,93,193
46,70,116
82,68,150
87,88,175
49,43,92
97,68,165
47,94,141
42,89,131
79,49,128
33,56,89
98,51,149
85,75,160
50,38,88
93,90,183
24,23,47
74,72,146
10,48,58
95,12,107
75,96,171
67,70,137
9,55,64
97,10,107
41,77,118
23,59,82
87,37,124
62,74,136
62,62,124
86,56,142
8,51,59
61,25,86
93,17,110
56,22,78
83,63,146
41,14,55
88,70,158
25,39,64
52,14,66
40,58,98
35,57,92
22,77,99
23,62,85
30,22,52
12,54,66
91,70,161
10,71,81
41,80,121
37,50,87
90,32,122
69,47,116
95,80,175
71,100,171
97,7,104
91,46,137
16,87,103
50,47,97
29,74,103
21,36,57
80,28,108
86,35,121
21,38,59
65,86,151
57,84,141
73,90,163
44,70,114
27,91,118
43,68,111
62,10,72
97,84,181
56,49,105
95,69,164
63,20,83
75,52,127
71,88,159
19,65,84
56,7,63
24,53,77
25,100,125
20,21,41
9,19,28
81,81,162
18,86,104
37,70,107
91,77,168
58,16,74
30,28,58
91,87,178
51,73,124
22,31,53
77,83,160
53,7,60
71,18,89
27,88,115
48,61,109
26,80,106
55,98,153
28,94,122
41,55,96
63,18,81
11,62,73
89,57,146
40,23,63
75,38,113
17,44,61
35,85,120
19,22,41
78,21,99
35,20,55
45,31,76
37,52,89
76,84,160
17,16,33
82,15,97
91,39,130
86,76,162
59,29,88
13,68,81
64,42,106
17,57,74
74,25,99
15,79,94
53,79,132
93,100,193
43,89,132
28,72,100
65,57,122
34,93,127
54,43,97
43,69,112
22,67,89
33,44,77
60,26,86
73,76,149
15,66,81
53,25,78
23,62,85
41,80,121
94,29,123
96,68,164
59,61,120
72,34,106
10,46,56
7,19,26
40,98,138
86,53,139
97,67,164
98,54,152
14,68,82
9,93,102
37,49,86
77,7,84
83,67,150
42,67,109
16,29,45
63,31,94
90,36,126
20,89,109
55,17,72
87,57,144
88,78,166
42,25,67
67,36,103
34,45,79
24,84,108
75,64,139
74,72,146
7,29,36
14,21,35
79,23,102
51,15,66
100,20,120
73,93,166
21,72,93
51,48,99
22,25,47
81,93,174
59,63,122
53,71,124
22,18,40
77,55,132
96,26,122
41,30,71
99,82,181
42,56,98
99,40,139
17,97,114
8,89,97
58,41,99
88,73,161
60,29,89
63,71,134
22,13,35
70,70,140
62,31,93
14,82,96
64,34,98
65,84,149
34,80,114
14,64,78
99,81,180
20,82,102
39,7,46
40,66,106
53,16,69
83,70,153
93,31,124
71,37,108
31,80,111
39,74,113
93,68,161
26,52,78
72,73,145
91,90,181
78,68,146
51,67,118
25,62,87
80,74,154
16,68,84
99,26,125
25,27,52
96,69,165
35,92,127
72,17,89
55,94,149
78,32,110
99,28,127
77,19,96
39,87,126
34,92,126
24,46,70
73,33,106
45,83,128
65,52,117
96,68,164
95,42,137
35,80,115
23,52,75
85,85,170
61,27,88
87,78,165
9,92,101
33,41,74
38,96,134
21,20,41
48,77,125
72,53,125
21,89,110
17,51,68
55,50,105
47,24,71
25,47,72
49,79,128
51,28,79
74,74,148
74,60,134
33,19,52
74,36,110
86,84,170
25,62,87
94,7,101
45,42,87
37,90,127
22,17,39
38,78,116
54,33,87
79,15,94
97,26,123
39,38,77
45,30,75
27,42,69
13,25,38
23,62,85
71,71,142
41,31,72
91,92,183
23,49,72
74,34,108
67,62,129
60,57,117
15,50,65
77,73,150
10,42,52
63,80,143
51,50,101
37,49,86
67,97,164
48,35,83
97,7,104
95,94,189
88,75,163
73,56,129
57,76,133
17,44,61
36,56,92
95,75,170
95,24,119
44,67,111
86,90,176
32,84,116
7,62,69
18,71,89
10,44,54
35,12,47
18,26,44
87,18,105
26,77,103
53,95,148
16,93,109
35,84,119
99,34,133
12,90,102
56,21,77
62,68,130
76,56,132
89,87,176
81,44,125
87,32,119
53,7,60
52,68,120
48,50,98
72,76,148
41,27,68
57,98,155
39,95,134
16,34,50
46,98,144
50,18,68
57,20,77
43,61,104
77,61,138
36,68,104
70,80,150
42,61,103
86,50,136
99,51,150
28,17,45
92,13,105
95,66,161
66,20,86
16,75,91
93,75,168
19,33,52
62,93,155
19,23,42
40,58,98
47,76,123
99,40,139
88,98,186
24,38,62
80,88,168
25,93,118
66,36,102
70,26,96
92,11,103
19,93,112
14,37,51
38,73,111
38,20,58
96,53,149
57,82,139
90,100,190
44,78,122
64,16,80
9,25,34
17,51,68
62,96,158
62,83,145
20,99,119
56,43,99
14,87,101
42,66,108
98,35,133
70,42,112
81,70,151
96,74,170
35,21,56
94,66,160
59,92,151
69,62,131
100,59,159
52,41,93
85,24,109
82,21,103
96,29,125
47,96,143
27,36,63
69,92,161
44,79,123
27,67,94
58,80,138
70,20,90
19,9,28
31,46,77
84,18,102
76,99,175
93,14,107
71,15,86
61,75,136
12,57,69
98,74,172
11,7,18
86,11,97
15,29,44
65,8,73
15,68,83
87,63,150
13,36,49
61,49,110
12,63,75
89,9,98
42,20,62
64,17,81
28,97,125
25,82,107
45,84,129
49,91,140
79,84,163
27,83,110
69,82,151
41,30,71
91,12,103
28,47,75
58,68,126
13,75,88
65,18,83
19,28,47
67,57,124
27,76,103
100,12,112
96,77,173
70,25,95
77,56,133
62,33,95
9,76,85
35,71,106
19,11,30
29,29,58
29,38,67
90,54,144
13,20,33
100,83,183
44,68,112
61,50,111
10,53,63
12,79,91
66,67,133
84,92,176
30,31,61
92,80,172
36,74,110
28,21,49
58,68,126
29,37,66
93,72,165
16,10,26
45,61,106
54,15,69
78,31,109
36,100,136
25,89,114
50,28,78
46,40,86
87,46,133
9,10,19
31,12,43
66,58,124
38,89,127
24,98,122
96,35,131
50,49,99
19,13,32
56,85,141
66,26,92
38,54,92
13,90,103
33,61,94
37,42,79
67,50,117
45,44,89
46,12,58
91,17,108
7,84,91
85,46,131
85,24,109
95,18,113
46,88,134
41,22,63
30,20,50
45,92,137
44,81,125
41,42,83
40,85,125
40,40,80
41,35,76
54,75,129
21,59,80
39,17,56
11,88,99
40,17,57
75,89,164
17,85,102
56,26,82
92,94,186
80,94,174
42,82,124
66,75,141
30,37,67
20,27,47
43,13,56
69,31,100
8,28,36
92,17,109
31,24,55
37,92,129
26,38,64
69,31,100
82,30,112
71,30,101
65,16,81
25,71,96
65,32,97
54,95,149
52,18,70
22,18,40
36,22,58
87,17,104
11,28,39
7,26,33
74,20,94
44,96,140
98,53,151
33,10,43
67,36,103
34,67,101
65,43,108
35,40,75
40,50,90
38,66,104
68,58,126
97,90,187
80,32,112
73,40,113
26,73,99
73,14,87
90,81,171
83,28,111
57,29,86
60,19,79
71,22,93
68,29,97
94,41,135
68,54,122
34,58,92
63,100,163
12,98,110
63,64,127
87,39,126
66,78,144
22,96,118
67,91,158
7,38,45
90,67,157
45,44,89
75,98,173
61,83,144
46,45,91
65,49,114
89,43,132
8,78,86
66,34,100
36,85,121
20,82,102
40,27,67
80,52,132
38,55,93
48,69,117
78,30,108
48,97,145
29,85,114
35,85,120
58,91,149
71,7,78
18,13,31
36,28,64
21,83,104
62,23,85
22,81,103
22,10,32
66,15,81
53,33,86
15,33,48
17,41,58
12,53,65
97,18,115
40,48,88
17,61,78
42,61,103
89,86,175
25,55,80
30,50,80
91,23,114
60,85,145
51,19,70
47,95,142
69,8,77
28,84,112
45,8,53
79,31,110
7,29,36
79,39,118
66,49,115
50,85,135
68,25,93
71,41,112
39,73,112
85,25,110
22,95,117
22,80,102
18,20,38
10,82,92
17,80,97
62,44,106
50,63,113
23,10,33
60,31,91
24,15,39
90,77,167
22,34,56
12,93,105
84,59,143
49,46,95
32,35,67
91,30,121
39,80,119
90,13,103
49,40,89
83,45,128
29,33,62
76,88,164
40,29,69
86,20,106
46,44,90
19,53,72
81,11,92
97,39,136
11,56,67
48,97,145
80,91,171
65,29,94
27,88,115
75,95,170
98,51,149
83,100,183
48,53,101
47,57,104
83,81,164
10,68,78
74,34,108
74,8,82
87,44,131
39,70,109
51,34,85
54,60,114
87,23,110
68,66,134
44,87,131
26,19,45
55,12,67
9,50,59
34,95,129
10,25,35
7,47,54
93,99,192
80,74,154
38,22,60
97,65,162
54,32,86
91,27,118
37,26,63
21,94,115
79,51,130
87,65,152
94,8,102
97,28,125
30,100,130
57,62,119
99,66,165
72,76,148
29,73,102
32,25,57
55,53,108
40,57,97
27,89,116
67,66,133
71,7,78
24,7,31
77,91,168
69,69,138
70,73,143
31,91,122
99,43,142
82,62,144
57,50,107
17,22,39
86,46,132
70,11,81
63,78,141
44,60,104
16,36,52
56,25,81
74,90,164
27,27,54
13,78,91
86,79,165
71,25,96
88,52,140
14,56,70
49,42,91
77,88,165
78,13,91
37,32,69
85,56,141
67,88,155
84,52,136
18,78,96
8,18,26
32,88,120
75,75,150
19,89,108
96,61,157
78,49,127
48,51,99
31,18,49
25,86,111
35,80,115
35,45,80
77,15,92
97,37,134
89,60,149
30,35,65
36,56,92
98,24,122
54,69,123
34,98,132
40,91,131
41,32,73
35,31,66
27,46,73
37,64,101
43,21,64
49,75,124
61,65,126
51,39,90
12,39,51
13,50,63
46,32,78
24,60,84
84,95,179
12,55,67
13,66,79
72,82,154
45,71,116
42,72,114
96,29,125
56,68,124
93,29,122
91,93,184
81,73,154
58,7,65
10,32,42
32,41,73
85,54,139
13,61,74
87,96,183
27,23,50
82,83,165
15,59,74
40,65,105
83,43,126
29,74,103
48,66,114
37,21,58
92,71,163
90,73,163
21,49,70
53,83,136
34,11,45
51,98,149
51,54,105
10,100,110
12,43,55
14,51,65
51,50,101
48,79,127
35,33,68
53,42,95
38,22,60
60,34,94
45,99,144
62,40,102
23,86,109
71,91,162
71,90,161
41,61,102
96,90,186
57,52,109
22,77,99
35,48,83
65,55,120
27,39,66
8,45,53
48,97,145
13,81,94
24,25,49
51,60,111
23,63,86
17,31,48
43,24,67
26,94,120
28,84,112
33,51,84
81,31,112
35,64,99
69,29,98
79,16,95
41,29,70
99,27,126
46,94,140
46,56,102
24,48,72
51,60,111
25,71,96
57,15,72
21,64,85
59,46,105
11,27,38
70,92,162
53,35,88
28,78,106
87,44,131
77,82,159
17,43,60
95,56,151
96,54,150
76,27,103
91,95,186
62,58,120
47,37,84
49,17,66
58,60,118
19,79,98
22,16,38
94,70,164
63,87,150
73,95,168
63,91,154
94,99,193
98,90,188
95,98,193
56,76,132
86,36,122
73,52,125
71,16,87
82,25,107
70,31,101
42,68,110
16,61,77
89,16,105
41,88,129
10,53,63
52,46,98
35,72,107
16,52,68
59,13,72
35,73,108
91,72,163
100,31,131
22,71,93
59,71,130
85,70,155
60,58,118
94,22,116
28,66,94
85,38,123
9,92,101
90,99,189
49,96,145
56,73,129
56,79,135
64,67,131
90,72,162
41,76,117
17,33,50
71,82,153
56,22,78
88,89,177
65,13,78
8,69,77
99,59,158
83,15,98
24,54,78
77,65,142
63,59,122
69,66,135
56,39,95
89,52,141
12,73,85
56,34,90
81,78,159
30,24,54
72,82,154
72,48,120
69,46,115
98,73,171
27,54,81
32,73,105
40,59,99
74,97,171
44,89,133
35,48,83
34,63,97
56,78,134
47,26,73
22,33,55
70,21,91
53,19,72
93,10,103
88,8,96
8,94,102
68,31,99
67,96,163
84,55,139
95,34,129
34,16,50
35,72,107
24,61,85
38,12,50
98,22,120
56,89,145
57,84,141
11,16,27
26,8,34
64,46,110
38,18,56
21,62,83
33,68,101
54,89,143
70,68,138
55,80,135
41,81,122
12,83,95
52,79,131
44,27,71
53,46,99
89,8,97
31,92,123
45,56,101
18,14,32
17,54,71
20,78,98
10,44,54
38,63,101
39,43,82
15,88,103
17,15,32
99,15,114
92,17,109
37,21,58
71,9,80
35,74,109
